,map_trx_state,map__trx_dist,map_trx_years,map_trx_qtr,map_trx_amount,map_trx_count
0,arunachal pradesh,lower dibang valley ,2021,4,174980099.83925235,65302
1,arunachal pradesh,lower subansiri ,2021,4,199366119.13556093,60146
2,arunachal pradesh,longding ,2021,4,125754642.94209707,37096
3,arunachal pradesh,west siang ,2021,4,267978346.9418527,79050
4,arunachal pradesh,kamle ,2021,4,31862943.48592616,8517
5,arunachal pradesh,upper siang ,2021,4,155266317.84142125,41167
6,arunachal pradesh,ap ,2021,4,172835892.68512428,52675
7,arunachal pradesh,papum pare ,2021,4,2435796597.1781564,919925
8,arunachal pradesh,kurung kumey ,2021,4,36028643.15543166,8467
9,arunachal pradesh,anjaw ,2021,4,77313027.11673045,24083
10,arunachal pradesh,ang ,2021,4,72065716.16878249,22785
11,arunachal pradesh,lower siang ,2021,4,69995156.90875632,25424
12,arunachal pradesh,kra daadi ,2021,4,42553945.301929176,10986
13,arunachal pradesh,hanglang ,2021,4,403255246.4023236,147432
14,arunachal pradesh,pakke kessang ,2021,4,15848508.20917535,6343
15,arunachal pradesh,bang valley ,2021,4,14284034.399703257,2711
16,arunachal pradesh,west kameng ,2021,4,765859269.2953706,247346
17,arunachal pradesh,hi yomi ,2021,4,19610548.431270048,3066
18,arunachal pradesh,east siang ,2021,4,450185173.037876,169617
19,arunachal pradesh,upper subansiri ,2021,4,226652835.3581027,54298
20,arunachal pradesh,east kameng ,2021,4,122366463.65672666,27988
21,arunachal pradesh,lohit ,2021,4,328942905.2553121,142772
22,arunachal pradesh,lepa rada ,2021,4,101798549.88186258,28633
23,arunachal pradesh,awang ,2021,4,412396002.3197621,99575
24,arunachal pradesh,namsai ,2021,4,220513367.66283622,105194
25,arunachal pradesh,lower dibang valley ,2021,1,90709108.52350861,32427
26,arunachal pradesh,lower subansiri ,2021,1,106591162.96103427,29916
27,arunachal pradesh,longding ,2021,1,75573420.97022958,23962
28,arunachal pradesh,west siang ,2021,1,138700637.29161483,42575
29,arunachal pradesh,kamle ,2021,1,11023767.702559106,3092
30,arunachal pradesh,upper siang ,2021,1,73026286.55263102,21312
31,arunachal pradesh,ap ,2021,1,110593517.1462319,32043
32,arunachal pradesh,papum pare ,2021,1,1388723426.7156572,419891
33,arunachal pradesh,kurung kumey ,2021,1,22483754.80073421,4962
34,arunachal pradesh,anjaw ,2021,1,38844865.55268997,12823
35,arunachal pradesh,ang ,2021,1,42644184.41156319,13679
36,arunachal pradesh,lower siang ,2021,1,37929392.80129131,13231
37,arunachal pradesh,kra daadi ,2021,1,24326518.988243874,6393
38,arunachal pradesh,hanglang ,2021,1,220167765.51868472,78849
39,arunachal pradesh,pakke kessang ,2021,1,8146941.7919960935,3563
40,arunachal pradesh,bang valley ,2021,1,7949867.973505622,1930
41,arunachal pradesh,west kameng ,2021,1,384735272.8434415,120906
42,arunachal pradesh,hi yomi ,2021,1,6905518.17317189,1251
43,arunachal pradesh,east siang ,2021,1,253988360.79783517,82357
44,arunachal pradesh,upper subansiri ,2021,1,116973014.48753676,28053
45,arunachal pradesh,east kameng ,2021,1,77915774.21328105,16281
46,arunachal pradesh,lohit ,2021,1,198534806.934188,72380
47,arunachal pradesh,lepa rada ,2021,1,52794992.77695303,15690
48,arunachal pradesh,awang ,2021,1,207859088.41115895,54137
49,arunachal pradesh,namsai ,2021,1,116637630.67690115,45753
50,arunachal pradesh,lower dibang valley ,2021,3,133788746.95473914,50270
51,arunachal pradesh,lower subansiri ,2021,3,142674452.19705147,46105
52,arunachal pradesh,longding ,2021,3,100698520.96035638,32638
53,arunachal pradesh,west siang ,2021,3,217065611.3332364,65763
54,arunachal pradesh,kamle ,2021,3,19140719.47908092,6064
55,arunachal pradesh,upper siang ,2021,3,114285857.14806488,27960
56,arunachal pradesh,ap ,2021,3,143620525.85725695,47118
57,arunachal pradesh,papum pare ,2021,3,1995999756.3372893,710098
58,arunachal pradesh,kurung kumey ,2021,3,30935383.383134913,7417
59,arunachal pradesh,anjaw ,2021,3,69876730.14897071,22621
60,arunachal pradesh,ang ,2021,3,58453201.45572044,17241
61,arunachal pradesh,lower siang ,2021,3,46101622.757140934,19324
62,arunachal pradesh,kra daadi ,2021,3,32167939.60284054,8974
63,arunachal pradesh,hanglang ,2021,3,319705502.42197955,120126
64,arunachal pradesh,pakke kessang ,2021,3,12416386.841288097,5061
65,arunachal pradesh,bang valley ,2021,3,13284361.635290643,2354
66,arunachal pradesh,west kameng ,2021,3,658232385.7409549,209165
67,arunachal pradesh,hi yomi ,2021,3,17495021.72242897,2559
68,arunachal pradesh,east siang ,2021,3,368061706.2429154,128957
69,arunachal pradesh,upper subansiri ,2021,3,191353412.42695975,46434
70,arunachal pradesh,east kameng ,2021,3,102442240.26594694,23739
71,arunachal pradesh,lohit ,2021,3,275160751.4034922,117879
72,arunachal pradesh,lepa rada ,2021,3,72378628.44705966,20756
73,arunachal pradesh,awang ,2021,3,365404078.3528414,89052
74,arunachal pradesh,namsai ,2021,3,177380632.18278244,79292
75,arunachal pradesh,lower dibang valley ,2021,2,105552358.12192997,42091
76,arunachal pradesh,lower subansiri ,2021,2,120717472.89200453,40081
77,arunachal pradesh,longding ,2021,2,96566640.5347223,31640
78,arunachal pradesh,west siang ,2021,2,180700138.79997098,59341
79,arunachal pradesh,kamle ,2021,2,17345427.03524171,5476
80,arunachal pradesh,upper siang ,2021,2,89455180.0696969,25971
81,arunachal pradesh,ap ,2021,2,144548683.3225929,46320
82,arunachal pradesh,papum pare ,2021,2,1501062555.477559,552953
83,arunachal pradesh,kurung kumey ,2021,2,27396796.623303153,6623
84,arunachal pradesh,anjaw ,2021,2,43475744.23676274,15311
85,arunachal pradesh,ang ,2021,2,52687221.42695154,17032
86,arunachal pradesh,lower siang ,2021,2,45499278.56988002,17401
87,arunachal pradesh,kra daadi ,2021,2,35998227.60012327,8758
88,arunachal pradesh,hanglang ,2021,2,264031910.34894213,105461
89,arunachal pradesh,pakke kessang ,2021,2,13097426.072373278,4424
90,arunachal pradesh,bang valley ,2021,2,9465919.622553768,1995
91,arunachal pradesh,west kameng ,2021,2,482626617.86575466,164866
92,arunachal pradesh,hi yomi ,2021,2,12166777.18507706,2135
93,arunachal pradesh,east siang ,2021,2,286839106.4541313,106787
94,arunachal pradesh,upper subansiri ,2021,2,131912938.7628825,35856
95,arunachal pradesh,east kameng ,2021,2,95352007.56231916,22015
96,arunachal pradesh,lohit ,2021,2,230495504.2475701,99686
97,arunachal pradesh,lepa rada ,2021,2,71336743.85611859,21273
98,arunachal pradesh,awang ,2021,2,251025037.95363936,70061
99,arunachal pradesh,namsai ,2021,2,147069902.3522784,64781
100,arunachal pradesh,lower dibang valley ,2019,4,21103089.24170351,10376
101,arunachal pradesh,lower subansiri ,2019,4,29634357.486805215,11806
102,arunachal pradesh,longding ,2019,4,29245021.393976457,11018
103,arunachal pradesh,west siang ,2019,4,39460255.46641725,14581
104,arunachal pradesh,kamle ,2019,4,1620922.3277442688,999
105,arunachal pradesh,upper siang ,2019,4,12739585.638734035,4165
106,arunachal pradesh,ap ,2019,4,38467790.7269052,16459
107,arunachal pradesh,papum pare ,2019,4,378838002.3434037,143272
108,arunachal pradesh,kurung kumey ,2019,4,4526789.748638094,1343
109,arunachal pradesh,anjaw ,2019,4,11887950.534618177,5417
110,arunachal pradesh,ang ,2019,4,8833695.424992222,4756
111,arunachal pradesh,lower siang ,2019,4,11985865.259161524,6628
112,arunachal pradesh,kra daadi ,2019,4,7804936.327522229,2830
113,arunachal pradesh,hanglang ,2019,4,71874990.9639822,33963
114,arunachal pradesh,pakke kessang ,2019,4,2287739.0120923957,1194
115,arunachal pradesh,bang valley ,2019,4,1240493.0270471391,267
116,arunachal pradesh,west kameng ,2019,4,198205637.50055438,66740
117,arunachal pradesh,hi yomi ,2019,4,170772.72677991798,232
118,arunachal pradesh,east siang ,2019,4,72075285.44344108,26605
119,arunachal pradesh,upper subansiri ,2019,4,28319761.873849634,9285
120,arunachal pradesh,east kameng ,2019,4,19408662.74847077,5646
121,arunachal pradesh,lohit ,2019,4,67502324.59236205,29281
122,arunachal pradesh,lepa rada ,2019,4,8888753.875914622,4245
123,arunachal pradesh,awang ,2019,4,91949243.6071119,30077
124,arunachal pradesh,namsai ,2019,4,32501252.235055383,18290
125,arunachal pradesh,lower dibang valley ,2019,1,13738776.18143886,6314
126,arunachal pradesh,lower subansiri ,2019,1,12615032.122891838,4994
127,arunachal pradesh,longding ,2019,1,25349462.055245366,7287
128,arunachal pradesh,west siang ,2019,1,19426751.301233895,5921
129,arunachal pradesh,kamle ,2019,1,725807.1059240355,391
130,arunachal pradesh,upper siang ,2019,1,2756678.3077581595,1154
131,arunachal pradesh,ap ,2019,1,14075747.836402504,6877
132,arunachal pradesh,papum pare ,2019,1,188556716.3567257,70941
133,arunachal pradesh,kurung kumey ,2019,1,2076644.1215012982,740
134,arunachal pradesh,anjaw ,2019,1,4643030.795590812,2116
135,arunachal pradesh,ang ,2019,1,2552682.037255951,1282
136,arunachal pradesh,lower siang ,2019,1,6923301.927893572,3565
137,arunachal pradesh,kra daadi ,2019,1,3797175.4842446605,1070
138,arunachal pradesh,hanglang ,2019,1,40239141.669717625,17589
139,arunachal pradesh,pakke kessang ,2019,1,1682922.8373646357,545
140,arunachal pradesh,bang valley ,2019,1,301591.38639926765,102
141,arunachal pradesh,west kameng ,2019,1,101333633.67604163,34289
142,arunachal pradesh,hi yomi ,2019,1,212989.63045272,19
143,arunachal pradesh,east siang ,2019,1,39284373.05409969,15621
144,arunachal pradesh,upper subansiri ,2019,1,14105451.853243299,3880
145,arunachal pradesh,east kameng ,2019,1,9107597.731491327,2688
146,arunachal pradesh,lohit ,2019,1,42834776.778045304,15896
147,arunachal pradesh,lepa rada ,2019,1,4054526.308789035,1523
148,arunachal pradesh,awang ,2019,1,39489779.13784294,13102
149,arunachal pradesh,namsai ,2019,1,20065516.616355177,8600
150,arunachal pradesh,lower dibang valley ,2019,3,15177864.63915902,8405
151,arunachal pradesh,lower subansiri ,2019,3,21059967.49943525,8828
152,arunachal pradesh,longding ,2019,3,26620415.01923828,10269
153,arunachal pradesh,west siang ,2019,3,30014806.816802975,11889
154,arunachal pradesh,kamle ,2019,3,968784.5134103607,677
155,arunachal pradesh,upper siang ,2019,3,3927440.4417752204,1419
156,arunachal pradesh,ap ,2019,3,21737827.19336869,11249
157,arunachal pradesh,papum pare ,2019,3,301518075.7016427,117940
158,arunachal pradesh,kurung kumey ,2019,3,3674797.099413435,1579
159,arunachal pradesh,anjaw ,2019,3,9665384.074972186,4230
160,arunachal pradesh,ang ,2019,3,6888800.898705382,2640
161,arunachal pradesh,lower siang ,2019,3,9507511.569068512,5348
162,arunachal pradesh,kra daadi ,2019,3,5520848.186492377,2187
163,arunachal pradesh,hanglang ,2019,3,58354823.443366826,29218
164,arunachal pradesh,pakke kessang ,2019,3,2145842.2925678995,977
165,arunachal pradesh,bang valley ,2019,3,675909.9962923382,202
166,arunachal pradesh,west kameng ,2019,3,147186019.8759076,53939
167,arunachal pradesh,hi yomi ,2019,3,30367.754712275342,27
168,arunachal pradesh,east siang ,2019,3,58040119.9573143,22611
169,arunachal pradesh,upper subansiri ,2019,3,22099628.49449406,7803
170,arunachal pradesh,east kameng ,2019,3,10631335.871797245,3814
171,arunachal pradesh,lohit ,2019,3,54539458.21434432,24505
172,arunachal pradesh,lepa rada ,2019,3,4930337.942058578,2928
173,arunachal pradesh,awang ,2019,3,72221026.28393415,24097
174,arunachal pradesh,namsai ,2019,3,25507641.015596062,13453
175,arunachal pradesh,lower dibang valley ,2019,2,13737167.7479776,5819
176,arunachal pradesh,lower subansiri ,2019,2,14746949.652010633,5579
177,arunachal pradesh,longding ,2019,2,23464027.892812617,6744
178,arunachal pradesh,west siang ,2019,2,24549832.977181494,8041
179,arunachal pradesh,kamle ,2019,2,1136776.6962042823,414
180,arunachal pradesh,upper siang ,2019,2,3993676.3296563537,1079
181,arunachal pradesh,ap ,2019,2,18633793.43372325,6868
182,arunachal pradesh,papum pare ,2019,2,246640891.34861866,86433
183,arunachal pradesh,kurung kumey ,2019,2,4036511.9338615797,1427
184,arunachal pradesh,anjaw ,2019,2,5220589.920801567,2473
185,arunachal pradesh,ang ,2019,2,5373179.351887872,1654
186,arunachal pradesh,lower siang ,2019,2,7075961.239041175,3791
187,arunachal pradesh,kra daadi ,2019,2,4315353.218765283,1447
188,arunachal pradesh,hanglang ,2019,2,48891048.26477764,18631
189,arunachal pradesh,pakke kessang ,2019,2,1750138.0587616218,687
190,arunachal pradesh,bang valley ,2019,2,214966.6162180208,98
191,arunachal pradesh,west kameng ,2019,2,122521180.75595039,37430
192,arunachal pradesh,hi yomi ,2019,2,65209.39364354455,13
193,arunachal pradesh,east siang ,2019,2,46549881.23941852,16494
194,arunachal pradesh,upper subansiri ,2019,2,18395806.566284098,4827
195,arunachal pradesh,east kameng ,2019,2,8996397.735290494,2309
196,arunachal pradesh,lohit ,2019,2,48893746.831022196,18693
197,arunachal pradesh,lepa rada ,2019,2,5045595.906781289,2108
198,arunachal pradesh,awang ,2019,2,55915834.5871187,15960
199,arunachal pradesh,namsai ,2019,2,22491356.65721929,9637
200,arunachal pradesh,lower dibang valley ,2023,4,780822119.0,456242
201,arunachal pradesh,lower subansiri ,2023,4,959863862.0,559506
202,arunachal pradesh,longding ,2023,4,332931262.0,176666
203,arunachal pradesh,west siang ,2023,4,1262224512.0,687577
204,arunachal pradesh,kamle ,2023,4,123271590.0,69707
205,arunachal pradesh,upper siang ,2023,4,398373540.0,188063
206,arunachal pradesh,ap ,2023,4,535162444.0,289385
207,arunachal pradesh,papum pare ,2023,4,8374060439.0,5938599
208,arunachal pradesh,kurung kumey ,2023,4,159910955.0,65869
209,arunachal pradesh,anjaw ,2023,4,222941392.0,99303
210,arunachal pradesh,ang ,2023,4,259192071.0,145231
211,arunachal pradesh,lower siang ,2023,4,277578144.0,161327
212,arunachal pradesh,kra daadi ,2023,4,184199521.0,83516
213,arunachal pradesh,hanglang ,2023,4,1430052570.0,806945
214,arunachal pradesh,pakke kessang ,2023,4,61144256.0,41236
215,arunachal pradesh,bang valley ,2023,4,79988144.0,32123
216,arunachal pradesh,west kameng ,2023,4,2162840497.0,1195192
217,arunachal pradesh,hi yomi ,2023,4,91284638.0,18458
218,arunachal pradesh,east siang ,2023,4,1416674919.0,931589
219,arunachal pradesh,upper subansiri ,2023,4,855586655.0,342000
220,arunachal pradesh,east kameng ,2023,4,578170716.0,327263
221,arunachal pradesh,lohit ,2023,4,1192879539.0,779252
222,arunachal pradesh,lepa rada ,2023,4,322215111.0,179912
223,arunachal pradesh,awang ,2023,4,1297707130.0,509181
224,arunachal pradesh,namsai ,2023,4,769723768.0,533600
225,arunachal pradesh,lower dibang valley ,2023,1,537713700.0,256396
226,arunachal pradesh,lower subansiri ,2023,1,585614438.0,257899
227,arunachal pradesh,longding ,2023,1,261124844.0,107606
228,arunachal pradesh,west siang ,2023,1,764188915.0,320064
229,arunachal pradesh,kamle ,2023,1,92585537.0,40383
230,arunachal pradesh,upper siang ,2023,1,268653642.0,103335
231,arunachal pradesh,ap ,2023,1,368592354.0,157071
232,arunachal pradesh,papum pare ,2023,1,5900429571.0,3302746
233,arunachal pradesh,kurung kumey ,2023,1,97772110.0,29127
234,arunachal pradesh,anjaw ,2023,1,125631329.0,47386
235,arunachal pradesh,ang ,2023,1,201397801.0,80741
236,arunachal pradesh,lower siang ,2023,1,206156352.0,95379
237,arunachal pradesh,kra daadi ,2023,1,133651279.0,39986
238,arunachal pradesh,hanglang ,2023,1,1101499481.0,494506
239,arunachal pradesh,pakke kessang ,2023,1,53298027.0,29274
240,arunachal pradesh,bang valley ,2023,1,28921318.0,6327
241,arunachal pradesh,west kameng ,2023,1,1414404520.0,662521
242,arunachal pradesh,hi yomi ,2023,1,38151814.0,6633
243,arunachal pradesh,east siang ,2023,1,990989057.0,535198
244,arunachal pradesh,upper subansiri ,2023,1,533663642.0,179629
245,arunachal pradesh,east kameng ,2023,1,375398867.0,150931
246,arunachal pradesh,lohit ,2023,1,870836418.0,483285
247,arunachal pradesh,lepa rada ,2023,1,200811427.0,91748
248,arunachal pradesh,awang ,2023,1,724541898.0,239151
249,arunachal pradesh,namsai ,2023,1,518550113.0,325503
250,arunachal pradesh,lower dibang valley ,2023,3,628025556.0,389175
251,arunachal pradesh,lower subansiri ,2023,3,818756305.0,482224
252,arunachal pradesh,longding ,2023,3,281708440.0,150276
253,arunachal pradesh,west siang ,2023,3,1037211224.0,554407
254,arunachal pradesh,kamle ,2023,3,104430900.0,62975
255,arunachal pradesh,upper siang ,2023,3,348328951.0,157030
256,arunachal pradesh,ap ,2023,3,447309633.0,237127
257,arunachal pradesh,papum pare ,2023,3,7595971259.0,5410471
258,arunachal pradesh,kurung kumey ,2023,3,135509046.0,52807
259,arunachal pradesh,anjaw ,2023,3,178422001.0,69246
260,arunachal pradesh,ang ,2023,3,230649450.0,126921
261,arunachal pradesh,lower siang ,2023,3,230582572.0,134761
262,arunachal pradesh,kra daadi ,2023,3,146211703.0,64924
263,arunachal pradesh,hanglang ,2023,3,1216076703.0,712587
264,arunachal pradesh,pakke kessang ,2023,3,54219594.0,39091
265,arunachal pradesh,bang valley ,2023,3,53416276.0,12694
266,arunachal pradesh,west kameng ,2023,3,1923965574.0,1036743
267,arunachal pradesh,hi yomi ,2023,3,79871837.0,15854
268,arunachal pradesh,east siang ,2023,3,1247686937.0,810283
269,arunachal pradesh,upper subansiri ,2023,3,724981091.0,281370
270,arunachal pradesh,east kameng ,2023,3,488197907.0,259522
271,arunachal pradesh,lohit ,2023,3,1048609233.0,700473
272,arunachal pradesh,lepa rada ,2023,3,253727652.0,140239
273,arunachal pradesh,awang ,2023,3,1199412955.0,423923
274,arunachal pradesh,namsai ,2023,3,654108287.0,477310
275,arunachal pradesh,lower dibang valley ,2023,2,641502543.0,320847
276,arunachal pradesh,lower subansiri ,2023,2,689315626.0,341107
277,arunachal pradesh,longding ,2023,2,285288333.0,130522
278,arunachal pradesh,west siang ,2023,2,970914462.0,450143
279,arunachal pradesh,kamle ,2023,2,106363865.0,55865
280,arunachal pradesh,upper siang ,2023,2,301652672.0,128805
281,arunachal pradesh,ap ,2023,2,446804515.0,200783
282,arunachal pradesh,papum pare ,2023,2,7148674913.0,4245307
283,arunachal pradesh,kurung kumey ,2023,2,97669815.0,31722
284,arunachal pradesh,anjaw ,2023,2,151922212.0,56827
285,arunachal pradesh,ang ,2023,2,227425026.0,105020
286,arunachal pradesh,lower siang ,2023,2,218937621.0,111333
287,arunachal pradesh,kra daadi ,2023,2,134813823.0,47120
288,arunachal pradesh,hanglang ,2023,2,1260077796.0,615184
289,arunachal pradesh,pakke kessang ,2023,2,58620893.0,34356
290,arunachal pradesh,bang valley ,2023,2,39137344.0,8132
291,arunachal pradesh,west kameng ,2023,2,1803248166.0,870033
292,arunachal pradesh,hi yomi ,2023,2,63767934.0,10945
293,arunachal pradesh,east siang ,2023,2,1177576754.0,689624
294,arunachal pradesh,upper subansiri ,2023,2,680733513.0,246349
295,arunachal pradesh,east kameng ,2023,2,450768238.0,200350
296,arunachal pradesh,lohit ,2023,2,984621672.0,592587
297,arunachal pradesh,lepa rada ,2023,2,242626097.0,118411
298,arunachal pradesh,awang ,2023,2,1003663723.0,339605
299,arunachal pradesh,namsai ,2023,2,619571108.0,409511
300,arunachal pradesh,lower dibang valley ,2022,4,308329533.63406837,137218
301,arunachal pradesh,lower subansiri ,2022,4,339443886.23657525,143172
302,arunachal pradesh,longding ,2022,4,151727225.22689673,63481
303,arunachal pradesh,west siang ,2022,4,449302139.4960692,176377
304,arunachal pradesh,kamle ,2022,4,54695370.469332285,22093
305,arunachal pradesh,upper siang ,2022,4,174436476.513136,61031
306,arunachal pradesh,ap ,2022,4,205933250.0190781,88024
307,arunachal pradesh,papum pare ,2022,4,3401999228.9392605,1917365
308,arunachal pradesh,kurung kumey ,2022,4,55991360.89182171,14780
309,arunachal pradesh,anjaw ,2022,4,86691809.7433357,31170
310,arunachal pradesh,ang ,2022,4,124012661.78071377,46250
311,arunachal pradesh,lower siang ,2022,4,111700711.05104405,50212
312,arunachal pradesh,kra daadi ,2022,4,69295211.52201861,19724
313,arunachal pradesh,hanglang ,2022,4,572195646.772961,254818
314,arunachal pradesh,pakke kessang ,2022,4,28806042.8090343,15377
315,arunachal pradesh,bang valley ,2022,4,17938501.796178654,3440
316,arunachal pradesh,west kameng ,2022,4,954522716.7333797,421418
317,arunachal pradesh,hi yomi ,2022,4,33977040.52287009,4926
318,arunachal pradesh,east siang ,2022,4,623525449.463265,327737
319,arunachal pradesh,upper subansiri ,2022,4,285077053.9982841,93017
320,arunachal pradesh,east kameng ,2022,4,178064501.28067553,68774
321,arunachal pradesh,lohit ,2022,4,503661703.8315097,276551
322,arunachal pradesh,lepa rada ,2022,4,127294274.35791278,51416
323,arunachal pradesh,awang ,2022,4,518332824.89263654,155419
324,arunachal pradesh,namsai ,2022,4,307955075.5201911,188919
325,arunachal pradesh,lower dibang valley ,2022,1,235243185.52128848,83531
326,arunachal pradesh,lower subansiri ,2022,1,239825149.91154164,73100
327,arunachal pradesh,longding ,2022,1,138915391.14290744,43533
328,arunachal pradesh,west siang ,2022,1,315562272.5888671,92331
329,arunachal pradesh,kamle ,2022,1,39224415.796201825,11978
330,arunachal pradesh,upper siang ,2022,1,156487414.60212946,43428
331,arunachal pradesh,ap ,2022,1,181768733.7198426,59514
332,arunachal pradesh,papum pare ,2022,1,2909248438.629796,1163726
333,arunachal pradesh,kurung kumey ,2022,1,46127063.32319221,10401
334,arunachal pradesh,anjaw ,2022,1,70149358.0827275,21058
335,arunachal pradesh,ang ,2022,1,80549877.87323424,23793
336,arunachal pradesh,lower siang ,2022,1,80036191.45641762,29595
337,arunachal pradesh,kra daadi ,2022,1,54761962.54116271,14110
338,arunachal pradesh,hanglang ,2022,1,490549428.7793704,171494
339,arunachal pradesh,pakke kessang ,2022,1,26463907.43466976,8817
340,arunachal pradesh,bang valley ,2022,1,15694666.656907387,2927
341,arunachal pradesh,west kameng ,2022,1,705607894.004217,240672
342,arunachal pradesh,hi yomi ,2022,1,19772208.730185587,2903
343,arunachal pradesh,east siang ,2022,1,501600929.04419017,201945
344,arunachal pradesh,upper subansiri ,2022,1,250527144.28565046,61408
345,arunachal pradesh,east kameng ,2022,1,157804149.97029108,36452
346,arunachal pradesh,lohit ,2022,1,393361044.4830233,169954
347,arunachal pradesh,lepa rada ,2022,1,116144345.41984761,33504
348,arunachal pradesh,awang ,2022,1,346661566.51465106,86721
349,arunachal pradesh,namsai ,2022,1,256004887.5750422,117173
350,arunachal pradesh,lower dibang valley ,2022,3,273001216.6677967,112848
351,arunachal pradesh,lower subansiri ,2022,3,285712248.1429684,109261
352,arunachal pradesh,longding ,2022,3,154461013.00605297,57360
353,arunachal pradesh,west siang ,2022,3,395192937.9954808,136332
354,arunachal pradesh,kamle ,2022,3,40508790.17987645,16300
355,arunachal pradesh,upper siang ,2022,3,160298876.32394755,51285
356,arunachal pradesh,ap ,2022,3,216482194.52850336,79206
357,arunachal pradesh,papum pare ,2022,3,3211809407.131925,1651143
358,arunachal pradesh,kurung kumey ,2022,3,54808629.689540036,12677
359,arunachal pradesh,anjaw ,2022,3,104784905.2209255,32452
360,arunachal pradesh,ang ,2022,3,91702284.02541924,34204
361,arunachal pradesh,lower siang ,2022,3,85746020.38579762,38480
362,arunachal pradesh,kra daadi ,2022,3,59014513.91034414,15939
363,arunachal pradesh,hanglang ,2022,3,492535245.0550784,216609
364,arunachal pradesh,pakke kessang ,2022,3,26095563.60834673,12764
365,arunachal pradesh,bang valley ,2022,3,19490605.610856578,3266
366,arunachal pradesh,west kameng ,2022,3,945171308.1838298,371632
367,arunachal pradesh,hi yomi ,2022,3,31175974.40628878,4909
368,arunachal pradesh,east siang ,2022,3,594752976.4068052,286766
369,arunachal pradesh,upper subansiri ,2022,3,256409311.95083195,77637
370,arunachal pradesh,east kameng ,2022,3,166910810.4295592,52570
371,arunachal pradesh,lohit ,2022,3,461745616.9201143,236792
372,arunachal pradesh,lepa rada ,2022,3,105244758.5087227,38997
373,arunachal pradesh,awang ,2022,3,514855579.7238326,138313
374,arunachal pradesh,namsai ,2022,3,277199997.0357646,151676
375,arunachal pradesh,lower dibang valley ,2022,2,271945446.39483917,104498
376,arunachal pradesh,lower subansiri ,2022,2,287993729.7711809,94109
377,arunachal pradesh,longding ,2022,2,160788732.81339836,53158
378,arunachal pradesh,west siang ,2022,2,375530981.6496287,121772
379,arunachal pradesh,kamle ,2022,2,44602505.00778252,15014
380,arunachal pradesh,upper siang ,2022,2,156044689.03497896,48672
381,arunachal pradesh,ap ,2022,2,237900567.7289177,77626
382,arunachal pradesh,papum pare ,2022,2,3269917296.559577,1444757
383,arunachal pradesh,kurung kumey ,2022,2,48364588.79678346,11548
384,arunachal pradesh,anjaw ,2022,2,100406271.77969864,29854
385,arunachal pradesh,ang ,2022,2,83637271.88783586,28364
386,arunachal pradesh,lower siang ,2022,2,92504503.65485632,35467
387,arunachal pradesh,kra daadi ,2022,2,64226643.96066442,15115
388,arunachal pradesh,hanglang ,2022,2,513287861.1029648,203732
389,arunachal pradesh,pakke kessang ,2022,2,27595370.58732931,10309
390,arunachal pradesh,bang valley ,2022,2,17089738.718757033,3179
391,arunachal pradesh,west kameng ,2022,2,893486447.5566866,327925
392,arunachal pradesh,hi yomi ,2022,2,28306519.496313594,3929
393,arunachal pradesh,east siang ,2022,2,604825118.1911322,261162
394,arunachal pradesh,upper subansiri ,2022,2,253134359.51780328,69169
395,arunachal pradesh,east kameng ,2022,2,191450485.63458514,45363
396,arunachal pradesh,lohit ,2022,2,502322813.6384014,226199
397,arunachal pradesh,lepa rada ,2022,2,118031124.67116562,40528
398,arunachal pradesh,awang ,2022,2,494351396.8226247,132824
399,arunachal pradesh,namsai ,2022,2,293920909.24794424,152652
400,arunachal pradesh,lower dibang valley ,2020,4,81929299.56817816,33455
401,arunachal pradesh,lower subansiri ,2020,4,97681186.89595497,31411
402,arunachal pradesh,longding ,2020,4,74890543.91561158,26089
403,arunachal pradesh,west siang ,2020,4,125118193.0493962,45207
404,arunachal pradesh,kamle ,2020,4,10000596.409396999,3611
405,arunachal pradesh,upper siang ,2020,4,78146755.88828371,19943
406,arunachal pradesh,ap ,2020,4,104709589.6601958,36124
407,arunachal pradesh,papum pare ,2020,4,1205917753.7046227,390528
408,arunachal pradesh,kurung kumey ,2020,4,17134470.4444281,4581
409,arunachal pradesh,anjaw ,2020,4,49318880.51759694,17228
410,arunachal pradesh,ang ,2020,4,32619173.238261122,12962
411,arunachal pradesh,lower siang ,2020,4,33891568.64514145,14782
412,arunachal pradesh,kra daadi ,2020,4,30458774.811469436,7619
413,arunachal pradesh,hanglang ,2020,4,204367875.07299304,84852
414,arunachal pradesh,pakke kessang ,2020,4,7503555.503947843,3064
415,arunachal pradesh,bang valley ,2020,4,6749773.196253154,1705
416,arunachal pradesh,west kameng ,2020,4,390436113.7366377,129575
417,arunachal pradesh,hi yomi ,2020,4,6627025.636333689,1103
418,arunachal pradesh,east siang ,2020,4,250515095.18896666,88632
419,arunachal pradesh,upper subansiri ,2020,4,109405900.7987589,31426
420,arunachal pradesh,east kameng ,2020,4,64104581.33887266,16340
421,arunachal pradesh,lohit ,2020,4,196997836.79933694,80530
422,arunachal pradesh,lepa rada ,2020,4,39340491.723573,14338
423,arunachal pradesh,awang ,2020,4,240482254.58453605,67262
424,arunachal pradesh,namsai ,2020,4,111916731.51687588,46762
425,arunachal pradesh,lower dibang valley ,2020,1,29552510.9414332,14400
426,arunachal pradesh,lower subansiri ,2020,1,34273250.7179902,15770
427,arunachal pradesh,longding ,2020,1,35267439.983279385,13240
428,arunachal pradesh,west siang ,2020,1,47929440.73153875,19728
429,arunachal pradesh,kamle ,2020,1,3418975.8263023924,1434
430,arunachal pradesh,upper siang ,2020,1,17820679.64619372,7055
431,arunachal pradesh,ap ,2020,1,40877851.79372531,18369
432,arunachal pradesh,papum pare ,2020,1,457430754.1595316,180373
433,arunachal pradesh,kurung kumey ,2020,1,5942677.061635139,2294
434,arunachal pradesh,anjaw ,2020,1,12808735.858744403,5025
435,arunachal pradesh,ang ,2020,1,11962344.13711079,5136
436,arunachal pradesh,lower siang ,2020,1,15520255.403975137,8047
437,arunachal pradesh,kra daadi ,2020,1,10045462.795181293,3407
438,arunachal pradesh,hanglang ,2020,1,93461363.58699805,43858
439,arunachal pradesh,pakke kessang ,2020,1,3425821.315796173,2044
440,arunachal pradesh,bang valley ,2020,1,878784.5955219769,397
441,arunachal pradesh,west kameng ,2020,1,198712422.2374845,75363
442,arunachal pradesh,hi yomi ,2020,1,566189.9936512378,117
443,arunachal pradesh,east siang ,2020,1,82011539.42531273,33743
444,arunachal pradesh,upper subansiri ,2020,1,33686711.81345673,12313
445,arunachal pradesh,east kameng ,2020,1,20456070.89377439,7379
446,arunachal pradesh,lohit ,2020,1,83701268.27182505,36985
447,arunachal pradesh,lepa rada ,2020,1,11137993.767266009,5721
448,arunachal pradesh,awang ,2020,1,84425193.41571434,31865
449,arunachal pradesh,namsai ,2020,1,46444942.9567038,23112
450,arunachal pradesh,lower dibang valley ,2020,3,63469161.328603886,27655
451,arunachal pradesh,lower subansiri ,2020,3,59707234.22223007,26596
452,arunachal pradesh,longding ,2020,3,63273209.984560445,21445
453,arunachal pradesh,west siang ,2020,3,92449732.96070345,34295
454,arunachal pradesh,kamle ,2020,3,5300885.9328534985,2618
455,arunachal pradesh,upper siang ,2020,3,40210852.98915006,12707
456,arunachal pradesh,ap ,2020,3,81539831.5295825,30046
457,arunachal pradesh,papum pare ,2020,3,859373863.7202578,298350
458,arunachal pradesh,kurung kumey ,2020,3,13864822.733226534,4391
459,arunachal pradesh,anjaw ,2020,3,31524690.460289024,9751
460,arunachal pradesh,ang ,2020,3,21236201.531454768,10489
461,arunachal pradesh,lower siang ,2020,3,28754627.349573277,12456
462,arunachal pradesh,kra daadi ,2020,3,16181045.612635879,5676
463,arunachal pradesh,hanglang ,2020,3,159158438.92541084,73842
464,arunachal pradesh,pakke kessang ,2020,3,6301715.335375749,3469
465,arunachal pradesh,bang valley ,2020,3,3061207.2925078664,899
466,arunachal pradesh,west kameng ,2020,3,332812237.8096209,111029
467,arunachal pradesh,hi yomi ,2020,3,3410288.130911609,521
468,arunachal pradesh,east siang ,2020,3,176323789.94437826,69710
469,arunachal pradesh,upper subansiri ,2020,3,70811197.57521853,24387
470,arunachal pradesh,east kameng ,2020,3,43881134.37096395,13421
471,arunachal pradesh,lohit ,2020,3,156523653.1864311,65889
472,arunachal pradesh,lepa rada ,2020,3,22146313.373236045,10150
473,arunachal pradesh,awang ,2020,3,182137862.72423625,56016
474,arunachal pradesh,namsai ,2020,3,76484566.53480485,37019
475,arunachal pradesh,lower dibang valley ,2020,2,42360072.526896134,26234
476,arunachal pradesh,lower subansiri ,2020,2,46133123.517396785,25703
477,arunachal pradesh,longding ,2020,2,54678022.50234371,20664
478,arunachal pradesh,west siang ,2020,2,72790231.05472675,32777
479,arunachal pradesh,kamle ,2020,2,4126243.0778709752,2397
480,arunachal pradesh,upper siang ,2020,2,28048492.10512026,10899
481,arunachal pradesh,ap ,2020,2,63497030.840810165,28830
482,arunachal pradesh,papum pare ,2020,2,535085907.34048563,221728
483,arunachal pradesh,kurung kumey ,2020,2,11359743.457053192,3847
484,arunachal pradesh,anjaw ,2020,2,18795023.531477228,7617
485,arunachal pradesh,ang ,2020,2,18585670.46796793,9827
486,arunachal pradesh,lower siang ,2020,2,23571085.32253689,13321
487,arunachal pradesh,kra daadi ,2020,2,15730996.227462547,5264
488,arunachal pradesh,hanglang ,2020,2,128572447.99797386,69279
489,arunachal pradesh,pakke kessang ,2020,2,4635272.064395212,3558
490,arunachal pradesh,bang valley ,2020,2,2559724.8369189673,966
491,arunachal pradesh,west kameng ,2020,2,251395972.22505817,95421
492,arunachal pradesh,hi yomi ,2020,2,1222863.4358782358,302
493,arunachal pradesh,east siang ,2020,2,112693868.8099896,55680
494,arunachal pradesh,upper subansiri ,2020,2,43140688.970285244,18056
495,arunachal pradesh,east kameng ,2020,2,40506284.272980645,11791
496,arunachal pradesh,lohit ,2020,2,114730675.47714493,56541
497,arunachal pradesh,lepa rada ,2020,2,16064862.366431037,8601
498,arunachal pradesh,awang ,2020,2,121561732.24171817,44499
499,arunachal pradesh,namsai ,2020,2,54870798.31404532,34972
500,arunachal pradesh,lower dibang valley ,2018,4,10951332.393937869,4227
501,arunachal pradesh,lower subansiri ,2018,4,8884930.591487257,3735
502,arunachal pradesh,longding ,2018,4,22545311.85089966,6581
503,arunachal pradesh,west siang ,2018,4,14013986.244825875,3813
504,arunachal pradesh,kamle ,2018,4,361497.05682825705,247
505,arunachal pradesh,upper siang ,2018,4,2157332.9473089008,1041
506,arunachal pradesh,ap ,2018,4,10811742.670586085,5725
507,arunachal pradesh,papum pare ,2018,4,154875448.20778143,55224
508,arunachal pradesh,kurung kumey ,2018,4,759686.7195777439,444
509,arunachal pradesh,anjaw ,2018,4,495578.19942643447,273
510,arunachal pradesh,ang ,2018,4,2176630.237443937,822
511,arunachal pradesh,lower siang ,2018,4,4533291.201383284,2883
512,arunachal pradesh,kra daadi ,2018,4,3254327.442489025,750
513,arunachal pradesh,hanglang ,2018,4,32343047.413952358,13950
514,arunachal pradesh,pakke kessang ,2018,4,462143.5189972004,297
515,arunachal pradesh,bang valley ,2018,4,97205.28808666342,40
516,arunachal pradesh,west kameng ,2018,4,89194886.84322134,25439
517,arunachal pradesh,hi yomi ,2018,4,42483.80153055695,61
518,arunachal pradesh,east siang ,2018,4,34272134.344916776,12893
519,arunachal pradesh,upper subansiri ,2018,4,8771042.079749444,2686
520,arunachal pradesh,east kameng ,2018,4,5936855.710462087,1750
521,arunachal pradesh,lohit ,2018,4,40510521.949797615,14268
522,arunachal pradesh,lepa rada ,2018,4,3023578.1893019043,932
523,arunachal pradesh,awang ,2018,4,35921510.89403269,11104
524,arunachal pradesh,namsai ,2018,4,17643523.29373534,7244
525,arunachal pradesh,lower dibang valley ,2018,1,1076236.814073793,1356
526,arunachal pradesh,lower subansiri ,2018,1,3650727.893614269,1477
527,arunachal pradesh,longding ,2018,1,4361531.578447229,2321
528,arunachal pradesh,west siang ,2018,1,4796675.565399804,1887
529,arunachal pradesh,kamle ,2018,1,7971.330494807651,14
530,arunachal pradesh,upper siang ,2018,1,186610.66988095018,126
531,arunachal pradesh,ap ,2018,1,1064265.0002443574,945
532,arunachal pradesh,papum pare ,2018,1,32555848.462331478,14224
533,arunachal pradesh,kurung kumey ,2018,1,99416.58027150274,84
534,arunachal pradesh,ang ,2018,1,339471.80434222345,252
535,arunachal pradesh,lower siang ,2018,1,2337960.7148240386,1292
536,arunachal pradesh,kra daadi ,2018,1,495375.1454853307,207
537,arunachal pradesh,hanglang ,2018,1,5380749.415278763,3195
538,arunachal pradesh,pakke kessang ,2018,1,9131.404205737199,9
539,arunachal pradesh,bang valley ,2018,1,169.88856537681642,2
540,arunachal pradesh,west kameng ,2018,1,9540632.547015157,5787
541,arunachal pradesh,east siang ,2018,1,5533620.186295529,3286
542,arunachal pradesh,upper subansiri ,2018,1,1358367.5018580484,735
543,arunachal pradesh,east kameng ,2018,1,473824.76595106337,529
544,arunachal pradesh,lohit ,2018,1,11496949.54576835,3747
545,arunachal pradesh,lepa rada ,2018,1,403149.46702687367,288
546,arunachal pradesh,awang ,2018,1,5055665.022950603,2334
547,arunachal pradesh,namsai ,2018,1,2162984.705083958,1400
548,arunachal pradesh,lower dibang valley ,2018,3,6074558.207066888,2824
549,arunachal pradesh,lower subansiri ,2018,3,5154231.737357968,2346
550,arunachal pradesh,longding ,2018,3,18327334.050755527,5288
551,arunachal pradesh,west siang ,2018,3,12966152.792519316,3337
552,arunachal pradesh,kamle ,2018,3,30504.94301319112,93
553,arunachal pradesh,upper siang ,2018,3,743956.1055720671,250
554,arunachal pradesh,ap ,2018,3,7479257.007852319,3322
555,arunachal pradesh,papum pare ,2018,3,101080479.2917223,43282
556,arunachal pradesh,kurung kumey ,2018,3,303027.4066451341,255
557,arunachal pradesh,anjaw ,2018,3,95403.67678261214,13
558,arunachal pradesh,ang ,2018,3,2141734.499956036,615
559,arunachal pradesh,lower siang ,2018,3,3045590.882295873,2625
560,arunachal pradesh,kra daadi ,2018,3,1606758.4080739785,436
561,arunachal pradesh,hanglang ,2018,3,20494174.949715402,10162
562,arunachal pradesh,pakke kessang ,2018,3,305164.81707575504,165
563,arunachal pradesh,bang valley ,2018,3,196466.66696677107,29
564,arunachal pradesh,west kameng ,2018,3,48528147.45054105,17026
565,arunachal pradesh,east siang ,2018,3,24885270.773230057,10539
566,arunachal pradesh,upper subansiri ,2018,3,4223297.613673143,1601
567,arunachal pradesh,east kameng ,2018,3,3132863.590645522,1029
568,arunachal pradesh,lohit ,2018,3,32702331.664437763,11595
569,arunachal pradesh,lepa rada ,2018,3,1777602.4370017413,523
570,arunachal pradesh,awang ,2018,3,25733824.994109266,8715
571,arunachal pradesh,namsai ,2018,3,10698272.774381302,5076
572,arunachal pradesh,lower dibang valley ,2018,2,2561237.506207262,1827
573,arunachal pradesh,lower subansiri ,2018,2,4113742.04406352,1666
574,arunachal pradesh,longding ,2018,2,10271170.165521314,4634
575,arunachal pradesh,west siang ,2018,2,7610989.567485569,2579
576,arunachal pradesh,kamle ,2018,2,23654.058373191845,12
577,arunachal pradesh,upper siang ,2018,2,494895.09277159756,240
578,arunachal pradesh,ap ,2018,2,3126393.7649546335,1903
579,arunachal pradesh,papum pare ,2018,2,66520931.20355793,25363
580,arunachal pradesh,kurung kumey ,2018,2,123737.2220411206,83
581,arunachal pradesh,anjaw ,2018,2,7871.020814692305,7
582,arunachal pradesh,ang ,2018,2,740232.6309634304,336
583,arunachal pradesh,lower siang ,2018,2,2179451.657976534,2292
584,arunachal pradesh,kra daadi ,2018,2,987135.9959717204,247
585,arunachal pradesh,hanglang ,2018,2,13294258.50337311,6066
586,arunachal pradesh,pakke kessang ,2018,2,58359.57138935899,48
587,arunachal pradesh,bang valley ,2018,2,65769.2036735354,68
588,arunachal pradesh,west kameng ,2018,2,25521321.34140157,10466
589,arunachal pradesh,east siang ,2018,2,15285584.202916935,6363
590,arunachal pradesh,upper subansiri ,2018,2,2911910.3689207276,1285
591,arunachal pradesh,east kameng ,2018,2,1825297.4617279815,522
592,arunachal pradesh,lohit ,2018,2,20520618.881890118,6962
593,arunachal pradesh,lepa rada ,2018,2,731444.7370576829,511
594,arunachal pradesh,awang ,2018,2,13722374.811357912,5447
595,arunachal pradesh,namsai ,2018,2,6271811.327635023,3230
596,arunachal pradesh,lower dibang valley ,2024,1,895489788.0,537101
597,arunachal pradesh,lower subansiri ,2024,1,984003451.0,609737
598,arunachal pradesh,longding ,2024,1,392979365.0,212689
599,arunachal pradesh,west siang ,2024,1,1405173317.0,798151
600,arunachal pradesh,kamle ,2024,1,155153560.0,93992
601,arunachal pradesh,upper siang ,2024,1,413815110.0,213254
602,arunachal pradesh,ap ,2024,1,605896793.0,332228
603,arunachal pradesh,papum pare ,2024,1,9147478408.0,6605744
604,arunachal pradesh,kurung kumey ,2024,1,177766657.0,79689
605,arunachal pradesh,anjaw ,2024,1,240244044.0,114263
606,arunachal pradesh,ang ,2024,1,295550966.0,170531
607,arunachal pradesh,lower siang ,2024,1,299922531.0,184763
608,arunachal pradesh,kra daadi ,2024,1,196706566.0,109160
609,arunachal pradesh,hanglang ,2024,1,1575177845.0,927421
610,arunachal pradesh,pakke kessang ,2024,1,67601731.0,47616
611,arunachal pradesh,bang valley ,2024,1,93604600.0,49240
612,arunachal pradesh,west kameng ,2024,1,2128971870.0,1262496
613,arunachal pradesh,hi yomi ,2024,1,84537904.0,20285
614,arunachal pradesh,east siang ,2024,1,1533777566.0,1022852
615,arunachal pradesh,upper subansiri ,2024,1,963125298.0,434786
616,arunachal pradesh,east kameng ,2024,1,765564626.0,437050
617,arunachal pradesh,lohit ,2024,1,1324795981.0,857194
618,arunachal pradesh,lepa rada ,2024,1,368660544.0,213363
619,arunachal pradesh,awang ,2024,1,1114613679.0,475300
620,arunachal pradesh,namsai ,2024,1,816432276.0,597509
621,gujarat,anand ,2021,4,4901381738.859557,2754485
622,gujarat,jamnagar ,2021,4,3573928284.546256,1892202
623,gujarat,evbhumi dwarka ,2021,4,1236361450.5936007,508824
624,gujarat,ajkot ,2021,4,9808446763.924477,4398724
625,gujarat,aravallis ,2021,4,2813603551.6262503,1389157
626,gujarat,hhotaudepur ,2021,4,776880205.8316607,399985
627,gujarat,botad ,2021,4,2347736165.7165422,981895
628,gujarat,bharuch ,2021,4,10647007113.465914,6671068
629,gujarat,bhavnagar ,2021,4,5912161062.19894,2503192
630,gujarat,junagadh ,2021,4,2439626368.4466143,1067289
631,gujarat,mahesana ,2021,4,10719744656.891113,5022604
632,gujarat,he dangs ,2021,4,266936831.3250107,175673
633,gujarat,kheda ,2021,4,3982871287.806916,2115182
634,gujarat,urat ,2021,4,51244301661.33562,26358525
635,gujarat,porbandar ,2021,4,922030259.8507378,334768
636,gujarat,gandhinagar ,2021,4,13063535935.917791,7658806
637,gujarat,panch mahals ,2021,4,3527540820.947919,1950412
638,gujarat,narmada ,2021,4,905726392.7486008,547754
639,gujarat,gir somnath ,2021,4,2747773641.937811,1171670
640,gujarat,valsad ,2021,4,9554286592.777279,5798487
641,gujarat,mahisagar ,2021,4,1204459443.933492,559971
642,gujarat,abar kantha ,2021,4,5247467974.524677,2653416
643,gujarat,api ,2021,4,2146758330.3483467,1283905
644,gujarat,vadodara ,2021,4,20051547592.844345,12675332
645,gujarat,banas kantha ,2021,4,14662295530.137415,6396725
646,gujarat,amreli ,2021,4,2596504411.041504,1108699
647,gujarat,ahmadabad ,2021,4,124559345468.31937,70075885
648,gujarat,ohad ,2021,4,2565405628.4936953,1212646
649,gujarat,navsari ,2021,4,3782948232.168639,2220944
650,gujarat,patan ,2021,4,4836124445.336521,2293931
651,gujarat,kachchh ,2021,4,11281039516.16741,5470337
652,gujarat,urendranagar ,2021,4,3524100667.2871084,1571774
653,gujarat,morbi ,2021,4,4532702026.275787,1763058
654,gujarat,anand ,2021,1,2723181548.9945545,1585982
655,gujarat,jamnagar ,2021,1,1894971999.4394412,899501
656,gujarat,evbhumi dwarka ,2021,1,630081190.7413921,263772
657,gujarat,ajkot ,2021,1,5057583315.413301,2278417
658,gujarat,aravallis ,2021,1,1314732516.1866503,655695
659,gujarat,hhotaudepur ,2021,1,452389275.3974223,225606
660,gujarat,botad ,2021,1,798953588.0229607,367267
661,gujarat,bharuch ,2021,1,5756013890.9055805,3420929
662,gujarat,bhavnagar ,2021,1,3264511506.595693,1446583
663,gujarat,junagadh ,2021,1,1204237180.1488335,543809
664,gujarat,mahesana ,2021,1,5454846785.509393,2587041
665,gujarat,he dangs ,2021,1,130412216.08515008,83737
666,gujarat,kheda ,2021,1,2180336937.401629,1165033
667,gujarat,urat ,2021,1,28261722802.552788,13429789
668,gujarat,porbandar ,2021,1,466162975.4066367,184436
669,gujarat,gandhinagar ,2021,1,7290530767.260056,4275528
670,gujarat,panch mahals ,2021,1,1849730326.470284,976434
671,gujarat,narmada ,2021,1,479844444.1932763,268489
672,gujarat,gir somnath ,2021,1,1368653768.466436,575287
673,gujarat,valsad ,2021,1,4775335083.735588,2745663
674,gujarat,mahisagar ,2021,1,582703615.8071253,280340
675,gujarat,abar kantha ,2021,1,2620770589.4913707,1357102
676,gujarat,api ,2021,1,1114541037.7686372,612570
677,gujarat,vadodara ,2021,1,11925964623.063154,7191021
678,gujarat,banas kantha ,2021,1,6883945517.865922,2927080
679,gujarat,amreli ,2021,1,1123115019.4190373,513706
680,gujarat,ahmadabad ,2021,1,68688129153.575096,36857358
681,gujarat,ohad ,2021,1,1226581747.5402272,548628
682,gujarat,navsari ,2021,1,1773256368.3156428,1022239
683,gujarat,patan ,2021,1,2425828408.868511,1165681
684,gujarat,kachchh ,2021,1,6036765372.934219,2664604
685,gujarat,urendranagar ,2021,1,1725777306.55805,806962
686,gujarat,morbi ,2021,1,2219169833.3171697,848276
687,gujarat,anand ,2021,3,3900508554.1397376,2268123
688,gujarat,jamnagar ,2021,3,2841962054.6034217,1546406
689,gujarat,evbhumi dwarka ,2021,3,960353473.0403948,418822
690,gujarat,ajkot ,2021,3,7726777654.637352,3586356
691,gujarat,aravallis ,2021,3,2034322149.7296264,1072139
692,gujarat,hhotaudepur ,2021,3,611013838.0899625,319271
693,gujarat,botad ,2021,3,1847036989.381681,775124
694,gujarat,bharuch ,2021,3,8322570348.519125,5280607
695,gujarat,bhavnagar ,2021,3,4470254984.23804,2001668
696,gujarat,junagadh ,2021,3,1786079501.4768844,833587
697,gujarat,mahesana ,2021,3,8371811502.22802,4085272
698,gujarat,he dangs ,2021,3,220242754.8697721,142421
699,gujarat,kheda ,2021,3,3172710752.9721527,1748901
700,gujarat,urat ,2021,3,40838608900.13971,21214459
701,gujarat,porbandar ,2021,3,690810567.5533752,275154
702,gujarat,gandhinagar ,2021,3,10546315790.961113,6318239
703,gujarat,panch mahals ,2021,3,2762752529.1230626,1549556
704,gujarat,narmada ,2021,3,730606768.6161022,446278
705,gujarat,gir somnath ,2021,3,2047248878.9171567,912616
706,gujarat,valsad ,2021,3,7173200940.388832,4434194
707,gujarat,mahisagar ,2021,3,893324969.8932046,442046
708,gujarat,abar kantha ,2021,3,3945628260.6717844,2129127
709,gujarat,api ,2021,3,1621047025.5570326,1010949
710,gujarat,vadodara ,2021,3,16336422910.897554,10555446
711,gujarat,banas kantha ,2021,3,11302732744.859072,4877149
712,gujarat,amreli ,2021,3,2030095872.7498639,880856
713,gujarat,ahmadabad ,2021,3,101760598132.07088,58611265
714,gujarat,ohad ,2021,3,1953033067.4008594,924227
715,gujarat,navsari ,2021,3,2845342547.406067,1703437
716,gujarat,patan ,2021,3,3735782880.347761,1805160
717,gujarat,kachchh ,2021,3,9001941152.864368,4378602
718,gujarat,urendranagar ,2021,3,2671069363.2201557,1292951
719,gujarat,morbi ,2021,3,3472418252.020602,1407999
720,gujarat,anand ,2021,2,3014631897.6682367,1711394
721,gujarat,jamnagar ,2021,2,2206347098.925128,1155054
722,gujarat,evbhumi dwarka ,2021,2,738788439.0915308,333279
723,gujarat,ajkot ,2021,2,5707346831.237131,2675842
724,gujarat,aravallis ,2021,2,1683647671.7291918,847681
725,gujarat,hhotaudepur ,2021,2,540185404.7441366,275873
726,gujarat,botad ,2021,2,1280565807.277298,550313
727,gujarat,bharuch ,2021,2,6464930552.559841,3937665
728,gujarat,bhavnagar ,2021,2,3448497365.237627,1660432
729,gujarat,junagadh ,2021,2,1487953525.5343559,700286
730,gujarat,mahesana ,2021,2,6292779692.204142,3118685
731,gujarat,he dangs ,2021,2,157878766.4304675,105158
732,gujarat,kheda ,2021,2,2503386769.0668764,1362561
733,gujarat,urat ,2021,2,30756115155.739143,15230233
734,gujarat,porbandar ,2021,2,558446703.6568799,227413
735,gujarat,gandhinagar ,2021,2,7835004938.194845,4552010
736,gujarat,panch mahals ,2021,2,2245183337.229858,1214442
737,gujarat,narmada ,2021,2,534890391.66917926,332174
738,gujarat,gir somnath ,2021,2,1686621125.0672534,746122
739,gujarat,valsad ,2021,2,5434041159.757242,3236626
740,gujarat,mahisagar ,2021,2,744153750.2746319,364905
741,gujarat,abar kantha ,2021,2,3248644724.13906,1659480
742,gujarat,api ,2021,2,1327829881.8383355,814911
743,gujarat,vadodara ,2021,2,12902554421.650602,7847805
744,gujarat,banas kantha ,2021,2,8286069195.93278,3648428
745,gujarat,amreli ,2021,2,1524494293.670391,659562
746,gujarat,ahmadabad ,2021,2,79437951666.15146,44173046
747,gujarat,ohad ,2021,2,1556292873.7368991,693945
748,gujarat,navsari ,2021,2,2197674429.667848,1296111
749,gujarat,patan ,2021,2,2811156126.4368644,1384484
750,gujarat,kachchh ,2021,2,7040086478.344803,3268191
751,gujarat,urendranagar ,2021,2,2066433661.8066688,1029627
752,gujarat,morbi ,2021,2,2441470415.445466,1027658
753,gujarat,anand ,2019,4,1236581489.6519775,903182
754,gujarat,jamnagar ,2019,4,886972036.7121593,519408
755,gujarat,evbhumi dwarka ,2019,4,260447399.14664584,133193
756,gujarat,ajkot ,2019,4,2127782298.9078345,1134928
757,gujarat,aravallis ,2019,4,392592973.64206874,265103
758,gujarat,hhotaudepur ,2019,4,134517377.84686953,81724
759,gujarat,botad ,2019,4,283393816.3452396,243788
760,gujarat,bharuch ,2019,4,2217755667.5707374,1324720
761,gujarat,bhavnagar ,2019,4,1243923188.7559557,840951
762,gujarat,junagadh ,2019,4,403818838.9044242,250823
763,gujarat,mahesana ,2019,4,1805374816.0740204,1166283
764,gujarat,he dangs ,2019,4,41820330.86439365,32377
765,gujarat,kheda ,2019,4,786099096.2562544,549665
766,gujarat,urat ,2019,4,9432189653.21497,4988183
767,gujarat,porbandar ,2019,4,176788698.8012622,84880
768,gujarat,gandhinagar ,2019,4,2917516449.8289948,2081714
769,gujarat,panch mahals ,2019,4,502433000.8460094,350408
770,gujarat,narmada ,2019,4,166344819.91780126,100155
771,gujarat,gir somnath ,2019,4,413778689.95447534,228665
772,gujarat,valsad ,2019,4,1666399666.2330923,1028011
773,gujarat,mahisagar ,2019,4,213139955.09822798,125155
774,gujarat,abar kantha ,2019,4,825447358.0033605,538864
775,gujarat,api ,2019,4,246612300.12495482,163136
776,gujarat,vadodara ,2019,4,5087285259.821402,2908059
777,gujarat,banas kantha ,2019,4,1918665318.491047,1087381
778,gujarat,amreli ,2019,4,508142052.510342,310698
779,gujarat,ahmadabad ,2019,4,29657904578.49414,15696056
780,gujarat,ohad ,2019,4,342066810.7207962,187238
781,gujarat,navsari ,2019,4,6831783124.753632,2986534
782,gujarat,patan ,2019,4,738645250.6057601,541423
783,gujarat,kachchh ,2019,4,2070890492.2085972,1023587
784,gujarat,urendranagar ,2019,4,570428007.4862839,363831
785,gujarat,morbi ,2019,4,583121237.1199065,307509
786,gujarat,anand ,2019,1,784555584.5080343,653012
787,gujarat,jamnagar ,2019,1,549291108.7887383,359824
788,gujarat,evbhumi dwarka ,2019,1,153486918.9480818,91088
789,gujarat,ajkot ,2019,1,1144098817.8193035,709607
790,gujarat,aravallis ,2019,1,204617220.15105847,159845
791,gujarat,hhotaudepur ,2019,1,69194916.05947445,45581
792,gujarat,botad ,2019,1,155914084.97123998,199203
793,gujarat,bharuch ,2019,1,1330716993.7382002,926374
794,gujarat,bhavnagar ,2019,1,696258524.4471675,592732
795,gujarat,junagadh ,2019,1,216800157.42993787,150708
796,gujarat,mahesana ,2019,1,1021313511.4526356,899763
797,gujarat,he dangs ,2019,1,18627644.29669226,19568
798,gujarat,kheda ,2019,1,445903742.8578031,379687
799,gujarat,urat ,2019,1,5664609103.880555,3283182
800,gujarat,porbandar ,2019,1,101598902.70628664,54684
801,gujarat,gandhinagar ,2019,1,1559852035.3782334,1244457
802,gujarat,panch mahals ,2019,1,301203291.8803916,257869
803,gujarat,narmada ,2019,1,85405632.81124759,58399
804,gujarat,gir somnath ,2019,1,226079479.8894506,138776
805,gujarat,valsad ,2019,1,983591069.6663814,750124
806,gujarat,mahisagar ,2019,1,118065255.3934778,76233
807,gujarat,abar kantha ,2019,1,419328099.1049222,333162
808,gujarat,api ,2019,1,133128481.20662865,91479
809,gujarat,vadodara ,2019,1,2706612327.0766125,1655864
810,gujarat,banas kantha ,2019,1,1054321489.3685758,805139
811,gujarat,amreli ,2019,1,276798873.9080144,203985
812,gujarat,ahmadabad ,2019,1,10956007756.562977,7894660
813,gujarat,ohad ,2019,1,194577548.24536207,109362
814,gujarat,navsari ,2019,1,1853217634.4572105,1112006
815,gujarat,patan ,2019,1,424462288.43225765,386337
816,gujarat,kachchh ,2019,1,1364193288.246049,895127
817,gujarat,urendranagar ,2019,1,311129095.2153812,262050
818,gujarat,morbi ,2019,1,331119429.57845145,191564
819,gujarat,anand ,2019,3,948614191.2624347,955946
820,gujarat,jamnagar ,2019,3,678420908.0813576,418571
821,gujarat,evbhumi dwarka ,2019,3,187719710.83933586,109620
822,gujarat,ajkot ,2019,3,1587889777.799852,1022919
823,gujarat,aravallis ,2019,3,262414303.98607105,210189
824,gujarat,hhotaudepur ,2019,3,92575348.45446932,61668
825,gujarat,botad ,2019,3,190049304.40128577,232943
826,gujarat,bharuch ,2019,3,1624510953.9967766,1040617
827,gujarat,bhavnagar ,2019,3,857318691.0133656,724401
828,gujarat,junagadh ,2019,3,276244464.0126623,200701
829,gujarat,mahesana ,2019,3,1334187013.0348892,1012086
830,gujarat,he dangs ,2019,3,28637120.169418044,26638
831,gujarat,kheda ,2019,3,600186021.9814049,571200
832,gujarat,urat ,2019,3,7371726681.306206,4447301
833,gujarat,porbandar ,2019,3,131391520.3156455,70391
834,gujarat,gandhinagar ,2019,3,2359920414.1180134,1850642
835,gujarat,panch mahals ,2019,3,372599835.77697986,265741
836,gujarat,narmada ,2019,3,108815184.7037895,73335
837,gujarat,gir somnath ,2019,3,268990041.70831114,169575
838,gujarat,valsad ,2019,3,1217502133.5696769,823075
839,gujarat,mahisagar ,2019,3,147734027.57601643,92788
840,gujarat,abar kantha ,2019,3,565151924.857582,422296
841,gujarat,api ,2019,3,453273908.54554343,124784
842,gujarat,vadodara ,2019,3,3950547763.5697803,2407408
843,gujarat,banas kantha ,2019,3,1343558301.6357625,909575
844,gujarat,amreli ,2019,3,317090850.83197737,244914
845,gujarat,ahmadabad ,2019,3,23081622347.556786,14605589
846,gujarat,ohad ,2019,3,238896149.70514202,144438
847,gujarat,navsari ,2019,3,5936350631.711407,3007618
848,gujarat,patan ,2019,3,531383276.76570946,596754
849,gujarat,kachchh ,2019,3,1601375840.5830657,861897
850,gujarat,urendranagar ,2019,3,397315411.7410712,287712
851,gujarat,morbi ,2019,3,398680908.6562626,235317
852,gujarat,anand ,2019,2,709119537.7817588,484273
853,gujarat,jamnagar ,2019,2,592164920.0962113,316899
854,gujarat,evbhumi dwarka ,2019,2,155560968.6583895,78499
855,gujarat,ajkot ,2019,2,1400871094.6495595,724751
856,gujarat,aravallis ,2019,2,227325626.31180274,143867
857,gujarat,hhotaudepur ,2019,2,84888446.62520267,46321
858,gujarat,botad ,2019,2,166584407.46578306,149057
859,gujarat,bharuch ,2019,2,1317325972.015126,747899
860,gujarat,bhavnagar ,2019,2,717336260.2716311,484097
861,gujarat,junagadh ,2019,2,240011002.85565147,138117
862,gujarat,mahesana ,2019,2,1095164063.6523905,715052
863,gujarat,he dangs ,2019,2,23073707.04186769,19973
864,gujarat,kheda ,2019,2,457968237.34213334,320063
865,gujarat,urat ,2019,2,6016899815.178611,3047988
866,gujarat,porbandar ,2019,2,115280306.6010556,53378
867,gujarat,gandhinagar ,2019,2,1791763499.6818066,1205404
868,gujarat,panch mahals ,2019,2,316294392.79472125,208444
869,gujarat,narmada ,2019,2,88669390.67203797,52784
870,gujarat,gir somnath ,2019,2,241920660.5921904,129149
871,gujarat,valsad ,2019,2,1022853264.5995276,623926
872,gujarat,mahisagar ,2019,2,141056088.12591818,75377
873,gujarat,abar kantha ,2019,2,470262635.302694,282442
874,gujarat,api ,2019,2,143551067.8237598,91641
875,gujarat,vadodara ,2019,2,3251133813.8582134,1717964
876,gujarat,banas kantha ,2019,2,1108185173.7200396,642084
877,gujarat,amreli ,2019,2,282379858.4829684,174714
878,gujarat,ahmadabad ,2019,2,19024891336.636116,11689965
879,gujarat,ohad ,2019,2,209828791.75933334,100236
880,gujarat,navsari ,2019,2,5394071895.487188,3136644
881,gujarat,patan ,2019,2,445014674.0740333,306486
882,gujarat,kachchh ,2019,2,1389719506.4029193,688449
883,gujarat,urendranagar ,2019,2,342155248.99469405,215183
884,gujarat,morbi ,2019,2,337289553.7122574,170716
885,gujarat,anand ,2023,4,10771235167.0,6867174
886,gujarat,jamnagar ,2023,4,10107628547.0,7924852
887,gujarat,evbhumi dwarka ,2023,4,3368627792.0,1886630
888,gujarat,ajkot ,2023,4,26723191144.0,15005682
889,gujarat,aravallis ,2023,4,9664540943.0,6108994
890,gujarat,hhotaudepur ,2023,4,2358569105.0,1563239
891,gujarat,botad ,2023,4,6193409411.0,3323009
892,gujarat,bharuch ,2023,4,30590024824.0,26006725
893,gujarat,bhavnagar ,2023,4,16920246054.0,8495955
894,gujarat,junagadh ,2023,4,5887944270.0,2943946
895,gujarat,mahesana ,2023,4,30965776190.0,17716518
896,gujarat,he dangs ,2023,4,1026115733.0,798365
897,gujarat,kheda ,2023,4,11159583601.0,7535302
898,gujarat,urat ,2023,4,121540678231.0,89306058
899,gujarat,porbandar ,2023,4,2408521508.0,1018034
900,gujarat,gandhinagar ,2023,4,39542236594.0,28600724
901,gujarat,panch mahals ,2023,4,8825996905.0,6384966
902,gujarat,narmada ,2023,4,2551505964.0,1960220
903,gujarat,gir somnath ,2023,4,7178241759.0,3604683
904,gujarat,valsad ,2023,4,28875069638.0,23727240
905,gujarat,mahisagar ,2023,4,3911148107.0,2486374
906,gujarat,abar kantha ,2023,4,16753741150.0,10465428
907,gujarat,api ,2023,4,5350667233.0,3898373
908,gujarat,vadodara ,2023,4,42648582739.0,35268395
909,gujarat,banas kantha ,2023,4,56428699466.0,32777092
910,gujarat,amreli ,2023,4,5994626087.0,3231522
911,gujarat,ahmadabad ,2023,4,190761203190.0,125267617
912,gujarat,ohad ,2023,4,10338663849.0,6834880
913,gujarat,navsari ,2023,4,8043463428.0,5667795
914,gujarat,patan ,2023,4,17353830621.0,9984379
915,gujarat,kachchh ,2023,4,34220033958.0,24314313
916,gujarat,urendranagar ,2023,4,11997980078.0,5854706
917,gujarat,morbi ,2023,4,14625415788.0,7286388
918,gujarat,anand ,2023,1,9009210736.0,5397666
919,gujarat,jamnagar ,2023,1,7167434719.0,4756337
920,gujarat,evbhumi dwarka ,2023,1,2752477571.0,1415994
921,gujarat,ajkot ,2023,1,19918564828.0,10331784
922,gujarat,aravallis ,2023,1,6867703665.0,4030723
923,gujarat,hhotaudepur ,2023,1,1949399026.0,1063601
924,gujarat,botad ,2023,1,4334114751.0,2614974
925,gujarat,bharuch ,2023,1,23420620380.0,17611455
926,gujarat,bhavnagar ,2023,1,12426320689.0,5891467
927,gujarat,junagadh ,2023,1,4380773447.0,2103076
928,gujarat,mahesana ,2023,1,21693083051.0,11768050
929,gujarat,he dangs ,2023,1,743925303.0,525483
930,gujarat,kheda ,2023,1,8871328725.0,5309300
931,gujarat,urat ,2023,1,95572900783.0,59319420
932,gujarat,porbandar ,2023,1,2010358003.0,781192
933,gujarat,gandhinagar ,2023,1,28898357911.0,19462874
934,gujarat,panch mahals ,2023,1,6885930879.0,4382750
935,gujarat,narmada ,2023,1,2006640636.0,1331119
936,gujarat,gir somnath ,2023,1,5400719200.0,2525075
937,gujarat,valsad ,2023,1,21497483690.0,15422170
938,gujarat,mahisagar ,2023,1,3003221233.0,1662680
939,gujarat,abar kantha ,2023,1,11873701987.0,7019623
940,gujarat,api ,2023,1,4183517799.0,2629964
941,gujarat,vadodara ,2023,1,33703262986.0,25446746
942,gujarat,banas kantha ,2023,1,39328998688.0,20363171
943,gujarat,amreli ,2023,1,4616129601.0,2349744
944,gujarat,ahmadabad ,2023,1,144675922269.0,88124113
945,gujarat,ohad ,2023,1,7548858403.0,4195072
946,gujarat,navsari ,2023,1,6361291325.0,4107219
947,gujarat,patan ,2023,1,11479571861.0,6352036
948,gujarat,kachchh ,2023,1,26116703929.0,15804575
949,gujarat,urendranagar ,2023,1,8632632976.0,3921552
950,gujarat,morbi ,2023,1,10495027756.0,4490321
951,gujarat,anand ,2023,3,9760222735.0,6408690
952,gujarat,jamnagar ,2023,3,8736838057.0,6970886
953,gujarat,evbhumi dwarka ,2023,3,2947663134.0,1684259
954,gujarat,ajkot ,2023,3,24000712020.0,13691028
955,gujarat,aravallis ,2023,3,8235714548.0,5283849
956,gujarat,hhotaudepur ,2023,3,2019847246.0,1292249
957,gujarat,botad ,2023,3,5946985902.0,3128600
958,gujarat,bharuch ,2023,3,27245590670.0,23411273
959,gujarat,bhavnagar ,2023,3,14822238664.0,7587294
960,gujarat,junagadh ,2023,3,5024678950.0,2618213
961,gujarat,mahesana ,2023,3,26723975165.0,15541817
962,gujarat,he dangs ,2023,3,938441461.0,706457
963,gujarat,kheda ,2023,3,9926923098.0,6743015
964,gujarat,urat ,2023,3,109145690441.0,79742341
965,gujarat,porbandar ,2023,3,2166150109.0,943933
966,gujarat,gandhinagar ,2023,3,35649946527.0,26278985
967,gujarat,panch mahals ,2023,3,7741547853.0,5649552
968,gujarat,narmada ,2023,3,2217044970.0,1677672
969,gujarat,gir somnath ,2023,3,6139462563.0,3233669
970,gujarat,valsad ,2023,3,25031461480.0,20283176
971,gujarat,mahisagar ,2023,3,3280701332.0,2101699
972,gujarat,abar kantha ,2023,3,14174082993.0,9131301
973,gujarat,api ,2023,3,4468064211.0,3327168
974,gujarat,vadodara ,2023,3,39197795542.0,32705182
975,gujarat,banas kantha ,2023,3,49573677952.0,27740530
976,gujarat,amreli ,2023,3,5235380088.0,2905887
977,gujarat,ahmadabad ,2023,3,173450994467.0,116119081
978,gujarat,ohad ,2023,3,8613385702.0,5730710
979,gujarat,navsari ,2023,3,7075895376.0,5025791
980,gujarat,patan ,2023,3,14321658314.0,8440368
981,gujarat,kachchh ,2023,3,30415694275.0,21522506
982,gujarat,urendranagar ,2023,3,10351069125.0,5252147
983,gujarat,morbi ,2023,3,13157501480.0,6424262
984,gujarat,anand ,2023,2,9203602342.0,5851772
985,gujarat,jamnagar ,2023,2,7701542445.0,5521568
986,gujarat,evbhumi dwarka ,2023,2,2754024478.0,1524055
987,gujarat,ajkot ,2023,2,21473977466.0,11886801
988,gujarat,aravallis ,2023,2,7885461417.0,4798591
989,gujarat,hhotaudepur ,2023,2,2137462845.0,1244113
990,gujarat,botad ,2023,2,4652143736.0,2813449
991,gujarat,bharuch ,2023,2,25552850416.0,20492081
992,gujarat,bhavnagar ,2023,2,13318758008.0,6951883
993,gujarat,junagadh ,2023,2,4751272420.0,2403109
994,gujarat,mahesana ,2023,2,23684515815.0,13635469
995,gujarat,he dangs ,2023,2,870841121.0,619051
996,gujarat,kheda ,2023,2,9433647106.0,6085143
997,gujarat,urat ,2023,2,102075692702.0,68998170
998,gujarat,porbandar ,2023,2,2116550620.0,883224
999,gujarat,gandhinagar ,2023,2,31572312133.0,22421756
1000,gujarat,panch mahals ,2023,2,7340222097.0,5008744
1001,gujarat,narmada ,2023,2,2170877095.0,1550920
1002,gujarat,gir somnath ,2023,2,6039493391.0,2968910
1003,gujarat,valsad ,2023,2,23874686294.0,17817488
1004,gujarat,mahisagar ,2023,2,3393183608.0,1968493
1005,gujarat,abar kantha ,2023,2,13228245431.0,8082316
1006,gujarat,api ,2023,2,4542977182.0,3071773
1007,gujarat,vadodara ,2023,2,36036104419.0,28126951
1008,gujarat,banas kantha ,2023,2,42180609726.0,23444277
1009,gujarat,amreli ,2023,2,4820975988.0,2635417
1010,gujarat,ahmadabad ,2023,2,156288216607.0,100889578
1011,gujarat,ohad ,2023,2,8161119377.0,4873367
1012,gujarat,navsari ,2023,2,7128327894.0,4720973
1013,gujarat,patan ,2023,2,12694378137.0,7357468
1014,gujarat,kachchh ,2023,2,27688475605.0,18170694
1015,gujarat,urendranagar ,2023,2,9385361251.0,4699987
1016,gujarat,morbi ,2023,2,11249299353.0,5404962
1017,gujarat,anand ,2022,4,7433779371.016341,4351503
1018,gujarat,jamnagar ,2022,4,7625464587.433752,4945374
1019,gujarat,evbhumi dwarka ,2022,4,1848097499.2814002,910863
1020,gujarat,ajkot ,2022,4,17834314868.93695,9260831
1021,gujarat,aravallis ,2022,4,4651225998.251141,2532438
1022,gujarat,hhotaudepur ,2022,4,1199597589.6415567,640222
1023,gujarat,botad ,2022,4,3051272765.4072547,1634212
1024,gujarat,bharuch ,2022,4,22486941029.828552,15879527
1025,gujarat,bhavnagar ,2022,4,10905403197.73602,5089277
1026,gujarat,junagadh ,2022,4,4948034874.389366,2532155
1027,gujarat,mahesana ,2022,4,14173625244.242264,7160396
1028,gujarat,he dangs ,2022,4,463583958.8647848,317748
1029,gujarat,kheda ,2022,4,6102744146.658854,3509944
1030,gujarat,urat ,2022,4,85923991746.92255,52037142
1031,gujarat,porbandar ,2022,4,1513924726.4532723,615650
1032,gujarat,gandhinagar ,2022,4,19015449813.738018,12010565
1033,gujarat,panch mahals ,2022,4,5455257544.003246,3308022
1034,gujarat,narmada ,2022,4,1308463852.7294803,846033
1035,gujarat,gir somnath ,2022,4,3731133998.415558,1671989
1036,gujarat,valsad ,2022,4,15842261457.57137,11103340
1037,gujarat,mahisagar ,2022,4,2861334019.0561805,1619162
1038,gujarat,abar kantha ,2022,4,8965673462.522814,4958012
1039,gujarat,api ,2022,4,2610910573.8709135,1635320
1040,gujarat,vadodara ,2022,4,30304178848.49663,20968443
1041,gujarat,banas kantha ,2022,4,25179922289.863693,12352158
1042,gujarat,amreli ,2022,4,3343832001.6098003,1619039
1043,gujarat,ahmadabad ,2022,4,212037117715.34885,133174553
1044,gujarat,ohad ,2022,4,4807410074.584564,2608983
1045,gujarat,navsari ,2022,4,4046502522.5835347,2509503
1046,gujarat,patan ,2022,4,7472645579.49339,3819745
1047,gujarat,kachchh ,2022,4,17113433243.309341,9617702
1048,gujarat,urendranagar ,2022,4,5716407620.510841,2537495
1049,gujarat,morbi ,2022,4,7944369113.768206,3378672
1050,gujarat,anand ,2022,1,5515844713.90881,3048076
1051,gujarat,jamnagar ,2022,1,3995387220.064081,2155185
1052,gujarat,evbhumi dwarka ,2022,1,1393188002.3646598,577554
1053,gujarat,ajkot ,2022,1,11183107357.249798,5044420
1054,gujarat,aravallis ,2022,1,3245867369.8418803,1603295
1055,gujarat,hhotaudepur ,2022,1,961037555.5333877,469160
1056,gujarat,botad ,2022,1,2529006396.9082165,1089654
1057,gujarat,bharuch ,2022,1,12142511077.777298,7704075
1058,gujarat,bhavnagar ,2022,1,6507151536.779606,2733486
1059,gujarat,junagadh ,2022,1,2632740612.928868,1159000
1060,gujarat,mahesana ,2022,1,12148997855.252472,5772191
1061,gujarat,he dangs ,2022,1,319930741.7016173,199292
1062,gujarat,kheda ,2022,1,4653031406.32455,2392631
1063,gujarat,urat ,2022,1,60384509134.17688,31199368
1064,gujarat,porbandar ,2022,1,1041885112.1535248,368108
1065,gujarat,gandhinagar ,2022,1,14673670632.364445,8605006
1066,gujarat,panch mahals ,2022,1,4354464949.808912,2317566
1067,gujarat,narmada ,2022,1,1028206703.2216127,590661
1068,gujarat,gir somnath ,2022,1,3149910594.0697384,1311753
1069,gujarat,valsad ,2022,1,11065186874.369562,6673719
1070,gujarat,mahisagar ,2022,1,1400068532.0580125,634329
1071,gujarat,abar kantha ,2022,1,5899494954.572109,3018096
1072,gujarat,api ,2022,1,2625677244.2605915,1479525
1073,gujarat,vadodara ,2022,1,22232541228.698692,14343830
1074,gujarat,banas kantha ,2022,1,18279879154.011223,7973644
1075,gujarat,amreli ,2022,1,2619535836.606331,1139593
1076,gujarat,ahmadabad ,2022,1,140746136456.2987,79952986
1077,gujarat,ohad ,2022,1,3303671729.6961093,1492215
1078,gujarat,navsari ,2022,1,4448236738.077925,2558811
1079,gujarat,patan ,2022,1,5505990582.930806,2676329
1080,gujarat,kachchh ,2022,1,13234467234.409916,6493295
1081,gujarat,urendranagar ,2022,1,4155739566.6631675,1770045
1082,gujarat,morbi ,2022,1,5171017148.465556,2000248
1083,gujarat,anand ,2022,3,6469350595.472251,3910410
1084,gujarat,jamnagar ,2022,3,5733544044.074508,3714625
1085,gujarat,evbhumi dwarka ,2022,3,1779143512.572445,918151
1086,gujarat,ajkot ,2022,3,15206611341.200827,8053297
1087,gujarat,aravallis ,2022,3,3920741952.595134,2236769
1088,gujarat,hhotaudepur ,2022,3,995504884.7700689,545300
1089,gujarat,botad ,2022,3,2591773863.872061,1433437
1090,gujarat,bharuch ,2022,3,15949022077.719542,11270803
1091,gujarat,bhavnagar ,2022,3,9041452290.515198,4568839
1092,gujarat,junagadh ,2022,3,3043926124.6742277,1537367
1093,gujarat,mahesana ,2022,3,12429803356.66823,6403784
1094,gujarat,he dangs ,2022,3,381893547.7480219,254111
1095,gujarat,kheda ,2022,3,5933588857.8341465,3591066
1096,gujarat,urat ,2022,3,78304481289.11215,46500453
1097,gujarat,porbandar ,2022,3,1357830610.5275652,578802
1098,gujarat,gandhinagar ,2022,3,17098915693.48831,10879868
1099,gujarat,panch mahals ,2022,3,4508411917.771397,2823294
1100,gujarat,narmada ,2022,3,1114771648.905864,723343
1101,gujarat,gir somnath ,2022,3,3027458849.11908,1406104
1102,gujarat,valsad ,2022,3,13905599408.86188,9633288
1103,gujarat,mahisagar ,2022,3,1986607331.6766155,1122900
1104,gujarat,abar kantha ,2022,3,6565494234.606799,3760015
1105,gujarat,api ,2022,3,2258710020.370042,1473584
1106,gujarat,vadodara ,2022,3,32733106034.525204,23318716
1107,gujarat,banas kantha ,2022,3,22401495021.82648,11035119
1108,gujarat,amreli ,2022,3,2656525026.780618,1325138
1109,gujarat,ahmadabad ,2022,3,184255244712.72232,117574996
1110,gujarat,ohad ,2022,3,3862273582.1736565,2182542
1111,gujarat,navsari ,2022,3,3829182729.863163,2421727
1112,gujarat,patan ,2022,3,6332131544.324939,3407916
1113,gujarat,kachchh ,2022,3,16533683640.305622,9375781
1114,gujarat,urendranagar ,2022,3,5153708091.863037,2522750
1115,gujarat,morbi ,2022,3,6075514370.909432,2735437
1116,gujarat,anand ,2022,2,5980713686.880918,3366969
1117,gujarat,jamnagar ,2022,2,4428726322.515411,2577307
1118,gujarat,evbhumi dwarka ,2022,2,1553973410.0873568,699907
1119,gujarat,ajkot ,2022,2,12629937169.82262,6063252
1120,gujarat,aravallis ,2022,2,3936343254.1726723,1985375
1121,gujarat,hhotaudepur ,2022,2,1118837886.278185,554481
1122,gujarat,botad ,2022,2,2481012650.813588,1319494
1123,gujarat,bharuch ,2022,2,13524403306.877403,8898927
1124,gujarat,bhavnagar ,2022,2,7203081678.4895935,3280598
1125,gujarat,junagadh ,2022,2,2870016919.846751,1303634
1126,gujarat,mahesana ,2022,2,13686497405.843655,6831581
1127,gujarat,he dangs ,2022,2,386904516.30286825,242942
1128,gujarat,kheda ,2022,2,5136552729.090972,2804743
1129,gujarat,urat ,2022,2,68525386888.44026,37371820
1130,gujarat,porbandar ,2022,2,1247309372.061276,451806
1131,gujarat,gandhinagar ,2022,2,16650584409.353096,10158506
1132,gujarat,panch mahals ,2022,2,4913162124.983287,2768107
1133,gujarat,narmada ,2022,2,1199594621.9613156,728214
1134,gujarat,gir somnath ,2022,2,3597900918.795203,1593762
1135,gujarat,valsad ,2022,2,12554813235.04937,8033358
1136,gujarat,mahisagar ,2022,2,1679677472.3282216,787617
1137,gujarat,abar kantha ,2022,2,6977672565.899878,3593785
1138,gujarat,api ,2022,2,3029292345.32784,1783511
1139,gujarat,vadodara ,2022,2,24927078678.274376,16566055
1140,gujarat,banas kantha ,2022,2,20605533611.378273,9732655
1141,gujarat,amreli ,2022,2,2813019600.3597517,1320163
1142,gujarat,ahmadabad ,2022,2,161506106645.9494,96453555
1143,gujarat,ohad ,2022,2,3896428797.800151,1809814
1144,gujarat,navsari ,2022,2,5310124254.046915,3327016
1145,gujarat,patan ,2022,2,6276857246.360606,3116746
1146,gujarat,kachchh ,2022,2,15334005512.230762,7934471
1147,gujarat,urendranagar ,2022,2,4713415151.499961,2087742
1148,gujarat,morbi ,2022,2,6103036587.724854,2504883
1149,gujarat,anand ,2020,4,2488003643.70551,1486151
1150,gujarat,jamnagar ,2020,4,1746204267.5136547,852972
1151,gujarat,evbhumi dwarka ,2020,4,564767075.0324345,272466
1152,gujarat,ajkot ,2020,4,4184580562.7370863,1980653
1153,gujarat,aravallis ,2020,4,1195080848.8393457,650966
1154,gujarat,hhotaudepur ,2020,4,385900402.57755136,231699
1155,gujarat,botad ,2020,4,637855285.7494726,358762
1156,gujarat,bharuch ,2020,4,5265465828.675046,3243841
1157,gujarat,bhavnagar ,2020,4,2860946801.5974355,1454824
1158,gujarat,junagadh ,2020,4,1081544206.1069198,528638
1159,gujarat,mahesana ,2020,4,4748375062.213286,2473227
1160,gujarat,he dangs ,2020,4,115392051.59941344,89994
1161,gujarat,kheda ,2020,4,1924149444.9194136,1146567
1162,gujarat,urat ,2020,4,22483338828.296677,10950779
1163,gujarat,porbandar ,2020,4,409734586.01614106,185255
1164,gujarat,gandhinagar ,2020,4,6260558379.008726,3802536
1165,gujarat,panch mahals ,2020,4,1522649649.0425,861616
1166,gujarat,narmada ,2020,4,401617563.13397676,274158
1167,gujarat,gir somnath ,2020,4,1181991458.5126772,537782
1168,gujarat,valsad ,2020,4,4183435576.3542786,2565319
1169,gujarat,mahisagar ,2020,4,570736679.6244228,302767
1170,gujarat,abar kantha ,2020,4,2451572619.1990595,1339032
1171,gujarat,api ,2020,4,841884252.7849832,520631
1172,gujarat,vadodara ,2020,4,10175864216.096031,6066452
1173,gujarat,banas kantha ,2020,4,5676878891.729177,2687464
1174,gujarat,amreli ,2020,4,1075380722.1837554,564757
1175,gujarat,ahmadabad ,2020,4,50995692377.18629,25926518
1176,gujarat,ohad ,2020,4,1028322590.3102307,522944
1177,gujarat,navsari ,2020,4,1460927906.600296,906395
1178,gujarat,patan ,2020,4,2091010409.7872968,1121201
1179,gujarat,kachchh ,2020,4,5163742799.021423,2405892
1180,gujarat,urendranagar ,2020,4,1519077043.8578877,802707
1181,gujarat,morbi ,2020,4,1700378082.426631,713582
1182,gujarat,anand ,2020,1,1492005921.358044,1002410
1183,gujarat,jamnagar ,2020,1,888291211.3069444,535915
1184,gujarat,evbhumi dwarka ,2020,1,298422205.49491847,163208
1185,gujarat,ajkot ,2020,1,2664972202.0377035,1339770
1186,gujarat,aravallis ,2020,1,547983260.2568257,346292
1187,gujarat,hhotaudepur ,2020,1,169035450.37507114,105994
1188,gujarat,botad ,2020,1,320202835.47257966,237947
1189,gujarat,bharuch ,2020,1,2487359207.974853,1525995
1190,gujarat,bhavnagar ,2020,1,1568995164.3641589,922982
1191,gujarat,junagadh ,2020,1,460302222.98997164,285216
1192,gujarat,mahesana ,2020,1,2067093335.3061204,1294012
1193,gujarat,he dangs ,2020,1,49248105.103593506,40179
1194,gujarat,kheda ,2020,1,955217779.7992296,639593
1195,gujarat,urat ,2020,1,13770083573.568459,6801887
1196,gujarat,porbandar ,2020,1,201808374.9385136,100021
1197,gujarat,gandhinagar ,2020,1,3378567424.980505,2337267
1198,gujarat,panch mahals ,2020,1,704353748.9369581,448015
1199,gujarat,narmada ,2020,1,192670611.26835415,125838
1200,gujarat,gir somnath ,2020,1,492504287.9957706,270678
1201,gujarat,valsad ,2020,1,2197272850.2289653,1342508
1202,gujarat,mahisagar ,2020,1,257181105.77228773,154457
1203,gujarat,abar kantha ,2020,1,998959107.0451574,641078
1204,gujarat,api ,2020,1,303751079.8885932,204716
1205,gujarat,vadodara ,2020,1,5791008308.342354,3398524
1206,gujarat,banas kantha ,2020,1,2718891067.533261,1429235
1207,gujarat,amreli ,2020,1,539247006.6461108,327785
1208,gujarat,ahmadabad ,2020,1,35559467147.63747,17950876
1209,gujarat,ohad ,2020,1,449704484.81976056,238828
1210,gujarat,navsari ,2020,1,632587167.9854003,434441
1211,gujarat,patan ,2020,1,871002993.2617927,594745
1212,gujarat,kachchh ,2020,1,2617080218.9794,1305996
1213,gujarat,urendranagar ,2020,1,680689639.4884843,421057
1214,gujarat,morbi ,2020,1,669117520.7466867,358952
1215,gujarat,anand ,2020,3,1753944278.7492592,1069251
1216,gujarat,jamnagar ,2020,3,1254572556.7632065,648790
1217,gujarat,evbhumi dwarka ,2020,3,383470640.91771644,211259
1218,gujarat,ajkot ,2020,3,2995153084.6346493,1490309
1219,gujarat,aravallis ,2020,3,829207912.975971,482916
1220,gujarat,hhotaudepur ,2020,3,257637246.1237919,164691
1221,gujarat,botad ,2020,3,531013247.42391574,340537
1222,gujarat,bharuch ,2020,3,3492190237.8492537,2145954
1223,gujarat,bhavnagar ,2020,3,2274620368.6960626,1245647
1224,gujarat,junagadh ,2020,3,798846723.6356487,424025
1225,gujarat,mahesana ,2020,3,3469191791.4686623,1898909
1226,gujarat,he dangs ,2020,3,71541218.6802228,61483
1227,gujarat,kheda ,2020,3,1355999687.4186165,852224
1228,gujarat,urat ,2020,3,14667802723.390911,7272097
1229,gujarat,porbandar ,2020,3,291516188.3579706,140684
1230,gujarat,gandhinagar ,2020,3,4509986129.973013,2828558
1231,gujarat,panch mahals ,2020,3,1108852900.8189397,625835
1232,gujarat,narmada ,2020,3,281090742.71599275,188013
1233,gujarat,gir somnath ,2020,3,926514793.7373261,456851
1234,gujarat,valsad ,2020,3,2801506603.4157205,1743270
1235,gujarat,mahisagar ,2020,3,410598224.914323,223755
1236,gujarat,abar kantha ,2020,3,1639580053.3462,978647
1237,gujarat,api ,2020,3,640774933.3223717,386709
1238,gujarat,vadodara ,2020,3,7377577452.229219,4247473
1239,gujarat,banas kantha ,2020,3,4347810483.865207,2102221
1240,gujarat,amreli ,2020,3,878846985.3990886,505391
1241,gujarat,ahmadabad ,2020,3,43364229618.72334,21769867
1242,gujarat,ohad ,2020,3,774665435.029488,387675
1243,gujarat,navsari ,2020,3,1042130557.8815172,669646
1244,gujarat,patan ,2020,3,1469939692.0924706,833224
1245,gujarat,kachchh ,2020,3,3715321888.0775957,1762816
1246,gujarat,urendranagar ,2020,3,1053748004.4105902,612549
1247,gujarat,morbi ,2020,3,1151870077.6734865,518903
1248,gujarat,anand ,2020,2,1293524620.6371698,903716
1249,gujarat,jamnagar ,2020,2,945318108.7687567,598458
1250,gujarat,evbhumi dwarka ,2020,2,320029310.6632272,214944
1251,gujarat,ajkot ,2020,2,2344811087.112481,1360781
1252,gujarat,aravallis ,2020,2,680449750.2216419,482363
1253,gujarat,hhotaudepur ,2020,2,212139861.26010585,174739
1254,gujarat,botad ,2020,2,471813971.54553103,378175
1255,gujarat,bharuch ,2020,2,2438983130.5949507,1673375
1256,gujarat,bhavnagar ,2020,2,1886223855.2019415,1215195
1257,gujarat,junagadh ,2020,2,572516201.7822087,407623
1258,gujarat,mahesana ,2020,2,2300168470.716814,1592579
1259,gujarat,he dangs ,2020,2,62273325.90559709,62526
1260,gujarat,kheda ,2020,2,1018713290.4668504,784245
1261,gujarat,urat ,2020,2,9378177062.809792,5654552
1262,gujarat,porbandar ,2020,2,226224267.28940976,134329
1263,gujarat,gandhinagar ,2020,2,2913004123.5804567,2039285
1264,gujarat,panch mahals ,2020,2,752539616.4419664,530453
1265,gujarat,narmada ,2020,2,226204689.1999839,181581
1266,gujarat,gir somnath ,2020,2,683771357.3293531,439795
1267,gujarat,valsad ,2020,2,2040840946.3210487,1498222
1268,gujarat,mahisagar ,2020,2,374445950.708864,257444
1269,gujarat,abar kantha ,2020,2,1232845328.7457933,816984
1270,gujarat,api ,2020,2,365909712.10364485,294426
1271,gujarat,vadodara ,2020,2,4621695376.570124,2796615
1272,gujarat,banas kantha ,2020,2,3107051803.537753,1860625
1273,gujarat,amreli ,2020,2,809297901.4588158,554744
1274,gujarat,ahmadabad ,2020,2,32731896547.150333,16430916
1275,gujarat,ohad ,2020,2,634462423.0372827,380381
1276,gujarat,navsari ,2020,2,658697480.6239362,547410
1277,gujarat,patan ,2020,2,1054601004.9152005,759561
1278,gujarat,kachchh ,2020,2,2663558233.3213134,1428844
1279,gujarat,urendranagar ,2020,2,802465025.0907189,590754
1280,gujarat,morbi ,2020,2,563192524.3777897,374545
1281,gujarat,anand ,2018,4,621490811.2507999,409783
1282,gujarat,jamnagar ,2018,4,456876624.34410954,254856
1283,gujarat,evbhumi dwarka ,2018,4,130226108.73706305,69269
1284,gujarat,ajkot ,2018,4,879868564.9668198,472933
1285,gujarat,aravallis ,2018,4,167858449.1970446,113023
1286,gujarat,hhotaudepur ,2018,4,58265012.87716615,39167
1287,gujarat,botad ,2018,4,118512861.02892525,116616
1288,gujarat,bharuch ,2018,4,1036812125.2621627,603122
1289,gujarat,bhavnagar ,2018,4,575505679.8186091,439954
1290,gujarat,junagadh ,2018,4,187291563.97802573,112596
1291,gujarat,mahesana ,2018,4,758586454.1320899,529470
1292,gujarat,he dangs ,2018,4,15606240.627526935,13830
1293,gujarat,kheda ,2018,4,339198462.57013136,249181
1294,gujarat,urat ,2018,4,4270243993.924238,2225031
1295,gujarat,porbandar ,2018,4,81446556.1063475,37241
1296,gujarat,gandhinagar ,2018,4,1143266870.1325016,693588
1297,gujarat,panch mahals ,2018,4,242488493.74769223,171008
1298,gujarat,narmada ,2018,4,67996133.59784442,45497
1299,gujarat,gir somnath ,2018,4,188801796.29554066,111341
1300,gujarat,valsad ,2018,4,753128666.5596428,468363
1301,gujarat,mahisagar ,2018,4,97344184.68192157,54204
1302,gujarat,abar kantha ,2018,4,324435340.69529986,221346
1303,gujarat,api ,2018,4,101456950.93813746,67133
1304,gujarat,vadodara ,2018,4,2063816597.5452976,1047381
1305,gujarat,banas kantha ,2018,4,758278914.52389,529655
1306,gujarat,amreli ,2018,4,264690195.61403865,158887
1307,gujarat,ahmadabad ,2018,4,6515656157.237562,3990090
1308,gujarat,ohad ,2018,4,153961246.76764563,81195
1309,gujarat,navsari ,2018,4,581253728.2501203,325071
1310,gujarat,patan ,2018,4,312693116.5895891,237077
1311,gujarat,kachchh ,2018,4,1068486738.7583004,537116
1312,gujarat,urendranagar ,2018,4,237579417.08447012,169568
1313,gujarat,morbi ,2018,4,257863044.94200054,138711
1314,gujarat,anand ,2018,1,181858557.89906442,166658
1315,gujarat,jamnagar ,2018,1,166162325.33642912,121341
1316,gujarat,evbhumi dwarka ,2018,1,38615229.59304487,30538
1317,gujarat,ajkot ,2018,1,296803513.7880937,219190
1318,gujarat,aravallis ,2018,1,41323327.901426904,55016
1319,gujarat,hhotaudepur ,2018,1,13597431.644077772,12962
1320,gujarat,botad ,2018,1,30496629.095891375,50541
1321,gujarat,bharuch ,2018,1,249246117.13529772,210073
1322,gujarat,bhavnagar ,2018,1,171495425.58982483,182948
1323,gujarat,junagadh ,2018,1,69940293.0266568,56897
1324,gujarat,mahesana ,2018,1,213031001.6165129,227748
1325,gujarat,he dangs ,2018,1,4783138.826001479,5441
1326,gujarat,kheda ,2018,1,94652160.87215446,104154
1327,gujarat,urat ,2018,1,1346833710.5223997,983723
1328,gujarat,porbandar ,2018,1,28254689.482644804,16381
1329,gujarat,gandhinagar ,2018,1,318002413.6906459,237393
1330,gujarat,panch mahals ,2018,1,65556534.78851059,86317
1331,gujarat,narmada ,2018,1,15120948.428387363,13920
1332,gujarat,gir somnath ,2018,1,50970540.98586127,49292
1333,gujarat,valsad ,2018,1,191337866.46684927,168659
1334,gujarat,mahisagar ,2018,1,24228879.819740117,25888
1335,gujarat,abar kantha ,2018,1,88114407.80209638,105266
1336,gujarat,api ,2018,1,30555640.68796905,29217
1337,gujarat,vadodara ,2018,1,604645570.2100984,387998
1338,gujarat,banas kantha ,2018,1,197883270.2126429,237457
1339,gujarat,amreli ,2018,1,75032118.59542929,66032
1340,gujarat,ahmadabad ,2018,1,2153123692.1028624,1436152
1341,gujarat,ohad ,2018,1,45587112.10032356,39278
1342,gujarat,navsari ,2018,1,229707588.71710333,159975
1343,gujarat,patan ,2018,1,81974812.41577709,105705
1344,gujarat,kachchh ,2018,1,316933354.7930958,217912
1345,gujarat,urendranagar ,2018,1,71735564.99080022,80486
1346,gujarat,morbi ,2018,1,70378385.89627899,58217
1347,gujarat,anand ,2018,3,429055975.57140917,323633
1348,gujarat,jamnagar ,2018,3,332432425.1878123,205815
1349,gujarat,evbhumi dwarka ,2018,3,93593822.44966702,52981
1350,gujarat,ajkot ,2018,3,650585707.9949487,402342
1351,gujarat,aravallis ,2018,3,116101548.31975947,104593
1352,gujarat,hhotaudepur ,2018,3,36129430.11672479,24361
1353,gujarat,botad ,2018,3,102025353.5677173,144375
1354,gujarat,bharuch ,2018,3,695864170.869137,480222
1355,gujarat,bhavnagar ,2018,3,397576856.46584713,374470
1356,gujarat,junagadh ,2018,3,122475986.0396744,81925
1357,gujarat,mahesana ,2018,3,561504997.461841,464894
1358,gujarat,he dangs ,2018,3,9424631.491985487,10218
1359,gujarat,kheda ,2018,3,246457729.21617603,206410
1360,gujarat,urat ,2018,3,3203734473.971199,1899586
1361,gujarat,porbandar ,2018,3,57638931.54277685,30518
1362,gujarat,gandhinagar ,2018,3,791502891.3922588,479518
1363,gujarat,panch mahals ,2018,3,163521220.9212614,126887
1364,gujarat,narmada ,2018,3,40376011.08215976,30132
1365,gujarat,gir somnath ,2018,3,129249889.99994646,122507
1366,gujarat,valsad ,2018,3,511548024.0492444,342131
1367,gujarat,mahisagar ,2018,3,54644809.422828116,36935
1368,gujarat,abar kantha ,2018,3,231377990.30344963,159109
1369,gujarat,api ,2018,3,65631763.76663714,47427
1370,gujarat,vadodara ,2018,3,1452835059.4761379,773456
1371,gujarat,banas kantha ,2018,3,532922632.75609964,396566
1372,gujarat,amreli ,2018,3,174828237.91726425,123454
1373,gujarat,ahmadabad ,2018,3,4740981792.133425,2600288
1374,gujarat,ohad ,2018,3,111486621.62173408,88911
1375,gujarat,navsari ,2018,3,444074057.64377546,264465
1376,gujarat,patan ,2018,3,262983521.00512958,274613
1377,gujarat,kachchh ,2018,3,764023467.8126487,421411
1378,gujarat,urendranagar ,2018,3,167911866.77367234,126809
1379,gujarat,morbi ,2018,3,171902527.9310693,113187
1380,gujarat,anand ,2018,2,276029311.7785317,200941
1381,gujarat,jamnagar ,2018,2,254032915.575365,157949
1382,gujarat,evbhumi dwarka ,2018,2,60261359.43473798,39911
1383,gujarat,ajkot ,2018,2,465751106.6448111,283913
1384,gujarat,aravallis ,2018,2,79068918.37969582,68943
1385,gujarat,hhotaudepur ,2018,2,23911236.19560639,18298
1386,gujarat,botad ,2018,2,50785993.514899634,73201
1387,gujarat,bharuch ,2018,2,428830769.63445514,289862
1388,gujarat,bhavnagar ,2018,2,265850891.74358374,253332
1389,gujarat,junagadh ,2018,2,100127668.88866127,71257
1390,gujarat,mahesana ,2018,2,362586915.57954156,286014
1391,gujarat,he dangs ,2018,2,8648152.66921072,7935
1392,gujarat,kheda ,2018,2,159527232.77717692,140355
1393,gujarat,urat ,2018,2,2189526110.381512,1310963
1394,gujarat,porbandar ,2018,2,41711067.45966727,23157
1395,gujarat,gandhinagar ,2018,2,522133969.7111994,315542
1396,gujarat,panch mahals ,2018,2,109582248.60360782,98663
1397,gujarat,narmada ,2018,2,27318715.13639736,22076
1398,gujarat,gir somnath ,2018,2,88369182.13478208,62910
1399,gujarat,valsad ,2018,2,330877194.1001264,233931
1400,gujarat,mahisagar ,2018,2,51572265.8950537,36682
1401,gujarat,abar kantha ,2018,2,166288136.40124303,129122
1402,gujarat,api ,2018,2,49495860.353384465,40069
1403,gujarat,vadodara ,2018,2,975136493.2075567,528893
1404,gujarat,banas kantha ,2018,2,362168353.1498716,307928
1405,gujarat,amreli ,2018,2,115377054.70731172,82377
1406,gujarat,ahmadabad ,2018,2,3307127930.439745,1809774
1407,gujarat,ohad ,2018,2,75876261.77400178,47285
1408,gujarat,navsari ,2018,2,335776476.8000446,200818
1409,gujarat,patan ,2018,2,146904618.1339515,135797
1410,gujarat,kachchh ,2018,2,494142161.98879945,287874
1411,gujarat,urendranagar ,2018,2,123903699.15787673,102043
1412,gujarat,morbi ,2018,2,113984499.28873283,77918
1413,gujarat,anand ,2024,1,11328282260.0,7316186
1414,gujarat,jamnagar ,2024,1,11147113244.0,9066965
1415,gujarat,evbhumi dwarka ,2024,1,3602425868.0,2073920
1416,gujarat,ajkot ,2024,1,29191655098.0,17046652
1417,gujarat,aravallis ,2024,1,10673400659.0,7031315
1418,gujarat,hhotaudepur ,2024,1,2647702751.0,1676367
1419,gujarat,botad ,2024,1,6883977650.0,3673315
1420,gujarat,bharuch ,2024,1,33628152386.0,29731992
1421,gujarat,bhavnagar ,2024,1,17582069211.0,9138585
1422,gujarat,junagadh ,2024,1,6089877306.0,3113159
1423,gujarat,mahesana ,2024,1,34099763013.0,19982002
1424,gujarat,he dangs ,2024,1,1113776052.0,855174
1425,gujarat,kheda ,2024,1,12367901309.0,8563780
1426,gujarat,urat ,2024,1,136364429380.0,105034339
1427,gujarat,porbandar ,2024,1,2673458019.0,1135699
1428,gujarat,gandhinagar ,2024,1,42996191408.0,31981660
1429,gujarat,panch mahals ,2024,1,9636858031.0,7028756
1430,gujarat,narmada ,2024,1,2816162019.0,2141452
1431,gujarat,gir somnath ,2024,1,7496777364.0,3834347
1432,gujarat,valsad ,2024,1,31771393972.0,26915777
1433,gujarat,mahisagar ,2024,1,4340123320.0,2824323
1434,gujarat,abar kantha ,2024,1,18557481997.0,12025368
1435,gujarat,api ,2024,1,5947308759.0,4186701
1436,gujarat,vadodara ,2024,1,44730428533.0,38154382
1437,gujarat,banas kantha ,2024,1,67017735019.0,40367961
1438,gujarat,amreli ,2024,1,6203791708.0,3423737
1439,gujarat,ahmadabad ,2024,1,202027350496.0,138618973
1440,gujarat,ohad ,2024,1,12021059561.0,7924925
1441,gujarat,navsari ,2024,1,8695255189.0,6157492
1442,gujarat,patan ,2024,1,19539830767.0,11596973
1443,gujarat,kachchh ,2024,1,38337066197.0,28520642
1444,gujarat,urendranagar ,2024,1,13269737693.0,6651581
1445,gujarat,morbi ,2024,1,16820928685.0,8782171
1446,himachal pradesh,olan ,2021,4,3757890500.1969657,2640011
1447,himachal pradesh,maur ,2021,4,1363383254.395042,847647
1448,himachal pradesh,himla ,2021,4,7356261501.68967,3957985
1449,himachal pradesh,bilaspur ,2021,4,844889571.9622381,430870
1450,himachal pradesh,hamirpur ,2021,4,1262408331.5777433,717321
1451,himachal pradesh,una ,2021,4,1936766072.2652125,1048351
1452,himachal pradesh,kangra ,2021,4,3830143759.599303,2130139
1453,himachal pradesh,kullu ,2021,4,2242410725.933015,1078809
1454,himachal pradesh,mandi ,2021,4,2082662004.4459343,1092862
1455,himachal pradesh,lahul and spiti ,2021,4,138242899.070293,59045
1456,himachal pradesh,hamba ,2021,4,926400609.5746634,507614
1457,himachal pradesh,kinnaur ,2021,4,394761269.9156797,156210
1458,himachal pradesh,olan ,2021,1,2334165842.866145,1415611
1459,himachal pradesh,maur ,2021,1,789668056.651283,451501
1460,himachal pradesh,himla ,2021,1,3621617004.9139824,1871647
1461,himachal pradesh,bilaspur ,2021,1,504967322.0491564,256578
1462,himachal pradesh,hamirpur ,2021,1,720857278.5633022,416499
1463,himachal pradesh,una ,2021,1,941158055.3202168,490374
1464,himachal pradesh,kangra ,2021,1,2006571077.1134858,1122291
1465,himachal pradesh,kullu ,2021,1,1212317567.8071225,550514
1466,himachal pradesh,mandi ,2021,1,1258330265.8409514,659769
1467,himachal pradesh,lahul and spiti ,2021,1,43174794.325905874,22364
1468,himachal pradesh,hamba ,2021,1,510880053.0153753,273886
1469,himachal pradesh,kinnaur ,2021,1,176839591.02058092,82995
1470,himachal pradesh,olan ,2021,3,3233240074.9271526,2183306
1471,himachal pradesh,maur ,2021,3,1083275309.4275234,681413
1472,himachal pradesh,himla ,2021,3,6296627879.774387,3421673
1473,himachal pradesh,bilaspur ,2021,3,689922524.0999279,364475
1474,himachal pradesh,hamirpur ,2021,3,1085444382.5637474,626711
1475,himachal pradesh,una ,2021,3,1417386870.9287395,799861
1476,himachal pradesh,kangra ,2021,3,2887492721.743307,1671112
1477,himachal pradesh,kullu ,2021,3,1573258668.3417544,730794
1478,himachal pradesh,mandi ,2021,3,1753985903.702748,945135
1479,himachal pradesh,lahul and spiti ,2021,3,166377010.26103356,66765
1480,himachal pradesh,hamba ,2021,3,769418422.8733866,426381
1481,himachal pradesh,kinnaur ,2021,3,353832302.4842438,146541
1482,himachal pradesh,olan ,2021,2,2575741414.594649,1658067
1483,himachal pradesh,maur ,2021,2,922354065.2120935,567339
1484,himachal pradesh,himla ,2021,2,4402623043.9412,2474329
1485,himachal pradesh,bilaspur ,2021,2,613068902.4728888,322915
1486,himachal pradesh,hamirpur ,2021,2,946105069.9392335,551934
1487,himachal pradesh,una ,2021,2,1174326754.6527784,634078
1488,himachal pradesh,kangra ,2021,2,2443026330.2982035,1399606
1489,himachal pradesh,kullu ,2021,2,966612054.811816,510109
1490,himachal pradesh,mandi ,2021,2,1488270045.9430394,832152
1491,himachal pradesh,lahul and spiti ,2021,2,84447426.03287596,42389
1492,himachal pradesh,hamba ,2021,2,617691720.4435453,364270
1493,himachal pradesh,kinnaur ,2021,2,261367711.46694133,126714
1494,himachal pradesh,olan ,2019,4,1168760137.4633098,693523
1495,himachal pradesh,maur ,2019,4,324766028.26129776,190673
1496,himachal pradesh,himla ,2019,4,2553513821.2140336,900252
1497,himachal pradesh,bilaspur ,2019,4,204391757.70598233,114888
1498,himachal pradesh,hamirpur ,2019,4,429776009.8441242,258323
1499,himachal pradesh,una ,2019,4,293924768.3295568,173510
1500,himachal pradesh,kangra ,2019,4,877780658.252526,492277
1501,himachal pradesh,kullu ,2019,4,442222672.1025748,204518
1502,himachal pradesh,mandi ,2019,4,678830304.0119476,332554
1503,himachal pradesh,lahul and spiti ,2019,4,8457290.813101089,4141
1504,himachal pradesh,hamba ,2019,4,196209094.0899575,111755
1505,himachal pradesh,kinnaur ,2019,4,92530995.15982531,40232
1506,himachal pradesh,olan ,2019,1,733453989.2236599,626201
1507,himachal pradesh,maur ,2019,1,238804557.7773369,174812
1508,himachal pradesh,himla ,2019,1,708861957.1918447,363648
1509,himachal pradesh,bilaspur ,2019,1,109483745.6606721,73141
1510,himachal pradesh,hamirpur ,2019,1,189186708.125866,126323
1511,himachal pradesh,una ,2019,1,232335414.5268033,151550
1512,himachal pradesh,kangra ,2019,1,478900506.5331108,266655
1513,himachal pradesh,kullu ,2019,1,187262819.029819,92009
1514,himachal pradesh,mandi ,2019,1,287549707.5047521,167637
1515,himachal pradesh,lahul and spiti ,2019,1,2325335.6414572285,897
1516,himachal pradesh,hamba ,2019,1,170503559.13791427,104811
1517,himachal pradesh,kinnaur ,2019,1,42813142.63781583,21034
1518,himachal pradesh,olan ,2019,3,919355818.0941985,563580
1519,himachal pradesh,maur ,2019,3,258531496.7275585,154972
1520,himachal pradesh,himla ,2019,3,1981429213.7026682,695970
1521,himachal pradesh,bilaspur ,2019,3,142694743.74010605,88416
1522,himachal pradesh,hamirpur ,2019,3,301844559.3146769,187716
1523,himachal pradesh,una ,2019,3,227364592.3232284,134630
1524,himachal pradesh,kangra ,2019,3,645470163.0699661,373339
1525,himachal pradesh,kullu ,2019,3,316994313.5845799,146216
1526,himachal pradesh,mandi ,2019,3,545822136.934624,262386
1527,himachal pradesh,lahul and spiti ,2019,3,6393534.6480257325,3227
1528,himachal pradesh,hamba ,2019,3,151224161.28503343,87489
1529,himachal pradesh,kinnaur ,2019,3,74894047.69871384,37239
1530,himachal pradesh,olan ,2019,2,783011937.8847647,481957
1531,himachal pradesh,maur ,2019,2,220885809.97856867,127208
1532,himachal pradesh,himla ,2019,2,1698682743.2090461,807095
1533,himachal pradesh,bilaspur ,2019,2,128917341.52795482,68748
1534,himachal pradesh,hamirpur ,2019,2,270178390.1615547,150149
1535,himachal pradesh,una ,2019,2,189321647.9190805,105685
1536,himachal pradesh,kangra ,2019,2,591536934.950475,295433
1537,himachal pradesh,kullu ,2019,2,331174039.37828636,129068
1538,himachal pradesh,mandi ,2019,2,464902888.77251077,245467
1539,himachal pradesh,lahul and spiti ,2019,2,3494809.084068289,1324
1540,himachal pradesh,hamba ,2019,2,128008869.00606377,62922
1541,himachal pradesh,kinnaur ,2019,2,65768561.738205254,27250
1542,himachal pradesh,olan ,2023,4,8743026348.0,9715897
1543,himachal pradesh,maur ,2023,4,3442311095.0,3052172
1544,himachal pradesh,himla ,2023,4,5982804080.0,4258178
1545,himachal pradesh,bilaspur ,2023,4,1923569325.0,1365100
1546,himachal pradesh,hamirpur ,2023,4,2878828789.0,2223488
1547,himachal pradesh,una ,2023,4,3417753035.0,2312951
1548,himachal pradesh,kangra ,2023,4,9466521159.0,7007451
1549,himachal pradesh,kullu ,2023,4,4583180514.0,3068350
1550,himachal pradesh,mandi ,2023,4,4150722029.0,3053172
1551,himachal pradesh,lahul and spiti ,2023,4,373006765.0,228532
1552,himachal pradesh,hamba ,2023,4,2372506002.0,1806626
1553,himachal pradesh,kinnaur ,2023,4,946017423.0,559922
1554,himachal pradesh,olan ,2023,1,6853019754.0,6697899
1555,himachal pradesh,maur ,2023,1,2793519379.0,2191815
1556,himachal pradesh,himla ,2023,1,4482667951.0,2868345
1557,himachal pradesh,bilaspur ,2023,1,1578749319.0,985356
1558,himachal pradesh,hamirpur ,2023,1,2230316339.0,1563054
1559,himachal pradesh,una ,2023,1,2572954200.0,1664821
1560,himachal pradesh,kangra ,2023,1,7112476385.0,4812761
1561,himachal pradesh,kullu ,2023,1,4254375692.0,2582003
1562,himachal pradesh,mandi ,2023,1,3447411380.0,2270344
1563,himachal pradesh,lahul and spiti ,2023,1,162221537.0,99085
1564,himachal pradesh,hamba ,2023,1,1739970763.0,1245900
1565,himachal pradesh,kinnaur ,2023,1,513265035.0,320343
1566,himachal pradesh,olan ,2023,3,7941256441.0,8707937
1567,himachal pradesh,maur ,2023,3,3130614016.0,2744752
1568,himachal pradesh,himla ,2023,3,5695614828.0,3828021
1569,himachal pradesh,bilaspur ,2023,3,1721531981.0,1205509
1570,himachal pradesh,hamirpur ,2023,3,2534313484.0,1947497
1571,himachal pradesh,una ,2023,3,2949791874.0,2080978
1572,himachal pradesh,kangra ,2023,3,8079309385.0,6059411
1573,himachal pradesh,kullu ,2023,3,2790341242.0,1830787
1574,himachal pradesh,mandi ,2023,3,3596985973.0,2595990
1575,himachal pradesh,lahul and spiti ,2023,3,389949271.0,223282
1576,himachal pradesh,hamba ,2023,3,2167299865.0,1564556
1577,himachal pradesh,kinnaur ,2023,3,857563277.0,548334
1578,himachal pradesh,olan ,2023,2,7869249175.0,8225202
1579,himachal pradesh,maur ,2023,2,3153309362.0,2641707
1580,himachal pradesh,himla ,2023,2,5853300872.0,3935607
1581,himachal pradesh,bilaspur ,2023,2,1839856400.0,1211407
1582,himachal pradesh,hamirpur ,2023,2,2572731185.0,1880638
1583,himachal pradesh,una ,2023,2,2891172648.0,2008731
1584,himachal pradesh,kangra ,2023,2,8889538215.0,6314902
1585,himachal pradesh,kullu ,2023,2,6190891236.0,3547410
1586,himachal pradesh,mandi ,2023,2,4073788943.0,2832817
1587,himachal pradesh,lahul and spiti ,2023,2,530456204.0,290203
1588,himachal pradesh,hamba ,2023,2,2251880400.0,1664604
1589,himachal pradesh,kinnaur ,2023,2,758889078.0,508367
1590,himachal pradesh,olan ,2022,4,5065290891.534373,4436709
1591,himachal pradesh,maur ,2022,4,1991999745.9575925,1454224
1592,himachal pradesh,himla ,2022,4,14161042549.708815,9603309
1593,himachal pradesh,bilaspur ,2022,4,1042618597.1158307,622642
1594,himachal pradesh,hamirpur ,2022,4,1732021206.6974392,1161191
1595,himachal pradesh,una ,2022,4,1902311205.0838988,1173607
1596,himachal pradesh,kangra ,2022,4,7430861889.061211,4885938
1597,himachal pradesh,kullu ,2022,4,3429997134.811536,2047414
1598,himachal pradesh,mandi ,2022,4,3034367986.1615605,1994054
1599,himachal pradesh,lahul and spiti ,2022,4,199706125.5906673,100747
1600,himachal pradesh,hamba ,2022,4,1292196671.856883,831315
1601,himachal pradesh,kinnaur ,2022,4,496929228.7937612,243986
1602,himachal pradesh,olan ,2022,1,3959375876.029764,2993489
1603,himachal pradesh,maur ,2022,1,1517999108.5303912,962227
1604,himachal pradesh,himla ,2022,1,7362840550.6056385,4441906
1605,himachal pradesh,bilaspur ,2022,1,885425010.4453132,472169
1606,himachal pradesh,hamirpur ,2022,1,1264679768.7344947,751389
1607,himachal pradesh,una ,2022,1,2030776988.6375241,1164923
1608,himachal pradesh,kangra ,2022,1,3907092916.0266376,2261593
1609,himachal pradesh,kullu ,2022,1,2108742823.1394382,1100232
1610,himachal pradesh,mandi ,2022,1,2151083001.502331,1201568
1611,himachal pradesh,lahul and spiti ,2022,1,90886775.89370959,46144
1612,himachal pradesh,hamba ,2022,1,943937757.078062,544135
1613,himachal pradesh,kinnaur ,2022,1,295606863.3095263,148405
1614,himachal pradesh,olan ,2022,3,4837968887.089856,4064523
1615,himachal pradesh,maur ,2022,3,1769419418.4413247,1266132
1616,himachal pradesh,himla ,2022,3,13349267759.063,8892834
1617,himachal pradesh,bilaspur ,2022,3,1447420350.6150799,936750
1618,himachal pradesh,hamirpur ,2022,3,1398047775.1680303,934529
1619,himachal pradesh,una ,2022,3,1928978517.8009784,1233226
1620,himachal pradesh,kangra ,2022,3,5121570350.61087,3342842
1621,himachal pradesh,kullu ,2022,3,2235782785.3480353,1202861
1622,himachal pradesh,mandi ,2022,3,2648674300.781836,1666670
1623,himachal pradesh,lahul and spiti ,2022,3,275873974.5120233,120500
1624,himachal pradesh,hamba ,2022,3,1872267055.9187663,1270412
1625,himachal pradesh,kinnaur ,2022,3,495511513.190618,233589
1626,himachal pradesh,olan ,2022,2,4536385240.154757,3773789
1627,himachal pradesh,maur ,2022,2,1742899000.9373982,1196118
1628,himachal pradesh,himla ,2022,2,9396933042.155468,5875215
1629,himachal pradesh,bilaspur ,2022,2,1083546519.8422945,597379
1630,himachal pradesh,hamirpur ,2022,2,1538456707.4950671,1002506
1631,himachal pradesh,una ,2022,2,2532127305.6645803,1526243
1632,himachal pradesh,kangra ,2022,2,4846014285.107853,2984544
1633,himachal pradesh,kullu ,2022,2,3292385543.3319855,1646598
1634,himachal pradesh,mandi ,2022,2,2699997310.198592,1587222
1635,himachal pradesh,lahul and spiti ,2022,2,300236415.2447329,130570
1636,himachal pradesh,hamba ,2022,2,1229468817.252565,727701
1637,himachal pradesh,kinnaur ,2022,2,510657770.8569747,243486
1638,himachal pradesh,olan ,2020,4,2365446849.233446,1429031
1639,himachal pradesh,maur ,2020,4,785448896.1147674,443100
1640,himachal pradesh,himla ,2020,4,3532549313.262061,1481567
1641,himachal pradesh,bilaspur ,2020,4,518335916.8663252,275513
1642,himachal pradesh,hamirpur ,2020,4,781165089.0953674,431123
1643,himachal pradesh,una ,2020,4,882226488.1512837,449443
1644,himachal pradesh,kangra ,2020,4,2119401487.8765106,1184008
1645,himachal pradesh,kullu ,2020,4,964080436.8492869,468786
1646,himachal pradesh,mandi ,2020,4,1247938155.7973926,671714
1647,himachal pradesh,lahul and spiti ,2020,4,52449015.71120784,29377
1648,himachal pradesh,hamba ,2020,4,507880011.35891914,304032
1649,himachal pradesh,kinnaur ,2020,4,232131448.49633557,104634
1650,himachal pradesh,olan ,2020,1,1293083622.0835805,821088
1651,himachal pradesh,maur ,2020,1,386990850.03422594,240485
1652,himachal pradesh,himla ,2020,1,2725598845.0394974,1115491
1653,himachal pradesh,bilaspur ,2020,1,226926312.01782265,144278
1654,himachal pradesh,hamirpur ,2020,1,312050564.78676903,247878
1655,himachal pradesh,una ,2020,1,305641992.38407075,208785
1656,himachal pradesh,kangra ,2020,1,836283217.4197668,569437
1657,himachal pradesh,kullu ,2020,1,451467537.5665263,245803
1658,himachal pradesh,mandi ,2020,1,582031760.1284182,357222
1659,himachal pradesh,lahul and spiti ,2020,1,9701822.890865188,6942
1660,himachal pradesh,hamba ,2020,1,213171894.7803222,139862
1661,himachal pradesh,kinnaur ,2020,1,76518331.9908822,47209
1662,himachal pradesh,olan ,2020,3,1684944862.9521143,1025251
1663,himachal pradesh,maur ,2020,3,558556837.731833,327646
1664,himachal pradesh,himla ,2020,3,3273522193.6950035,1285819
1665,himachal pradesh,bilaspur ,2020,3,342802524.64657944,202526
1666,himachal pradesh,hamirpur ,2020,3,570857451.2158681,330684
1667,himachal pradesh,una ,2020,3,649892231.6889067,351065
1668,himachal pradesh,kangra ,2020,3,1454881898.970782,874419
1669,himachal pradesh,kullu ,2020,3,493361636.48255086,256926
1670,himachal pradesh,mandi ,2020,3,917547335.014626,510105
1671,himachal pradesh,lahul and spiti ,2020,3,48465700.86848286,25549
1672,himachal pradesh,hamba ,2020,3,362005461.96742666,219469
1673,himachal pradesh,kinnaur ,2020,3,159215878.8528062,80417
1674,himachal pradesh,olan ,2020,2,1165900725.2493396,808170
1675,himachal pradesh,maur ,2020,2,405760136.7626385,281385
1676,himachal pradesh,himla ,2020,2,2702081598.463577,1090361
1677,himachal pradesh,bilaspur ,2020,2,284432330.03137827,191375
1678,himachal pradesh,hamirpur ,2020,2,412476792.88438106,283099
1679,himachal pradesh,una ,2020,2,407244006.0493055,271636
1680,himachal pradesh,kangra ,2020,2,1148113744.7012944,800587
1681,himachal pradesh,kullu ,2020,2,311597474.942107,211730
1682,himachal pradesh,mandi ,2020,2,764632316.553696,476844
1683,himachal pradesh,lahul and spiti ,2020,2,25815249.01271619,15943
1684,himachal pradesh,hamba ,2020,2,282218981.7534903,195242
1685,himachal pradesh,kinnaur ,2020,2,126631406.13999891,69358
1686,himachal pradesh,olan ,2018,4,577618789.1056865,347191
1687,himachal pradesh,maur ,2018,4,199344353.77429008,122707
1688,himachal pradesh,himla ,2018,4,396860638.04644364,156832
1689,himachal pradesh,bilaspur ,2018,4,92955686.23996082,51395
1690,himachal pradesh,hamirpur ,2018,4,146948802.40681252,76300
1691,himachal pradesh,una ,2018,4,222928340.6712972,110312
1692,himachal pradesh,kangra ,2018,4,414603049.9879074,187764
1693,himachal pradesh,kullu ,2018,4,157752014.91735005,64285
1694,himachal pradesh,mandi ,2018,4,203827486.01186574,109661
1695,himachal pradesh,lahul and spiti ,2018,4,2322169.334039093,1015
1696,himachal pradesh,hamba ,2018,4,160650916.98309675,63298
1697,himachal pradesh,kinnaur ,2018,4,45486720.66048766,17123
1698,himachal pradesh,olan ,2018,1,146873607.41695297,118881
1699,himachal pradesh,maur ,2018,1,43579534.40144637,37721
1700,himachal pradesh,himla ,2018,1,84375526.97610706,54161
1701,himachal pradesh,bilaspur ,2018,1,20215586.707121648,21880
1702,himachal pradesh,hamirpur ,2018,1,37506250.252365,32709
1703,himachal pradesh,una ,2018,1,48375221.958015576,39070
1704,himachal pradesh,kangra ,2018,1,83269925.3876329,62061
1705,himachal pradesh,kullu ,2018,1,36599342.90480824,23978
1706,himachal pradesh,mandi ,2018,1,50308276.31329341,44169
1707,himachal pradesh,lahul and spiti ,2018,1,441404.9147610669,335
1708,himachal pradesh,hamba ,2018,1,69091183.95337541,41138
1709,himachal pradesh,kinnaur ,2018,1,8101945.186458489,5815
1710,himachal pradesh,olan ,2018,3,373018057.4322363,229164
1711,himachal pradesh,maur ,2018,3,124334576.99894318,78762
1712,himachal pradesh,himla ,2018,3,261701779.39463177,109765
1713,himachal pradesh,bilaspur ,2018,3,56133326.966728725,37993
1714,himachal pradesh,hamirpur ,2018,3,90529572.1234664,58022
1715,himachal pradesh,una ,2018,3,150521417.27225596,73766
1716,himachal pradesh,kangra ,2018,3,243834956.6313929,123560
1717,himachal pradesh,kullu ,2018,3,95127772.88091436,40813
1718,himachal pradesh,mandi ,2018,3,128941896.30651332,74604
1719,himachal pradesh,lahul and spiti ,2018,3,2922830.176216326,972
1720,himachal pradesh,hamba ,2018,3,190977335.4683498,44858
1721,himachal pradesh,kinnaur ,2018,3,35997911.20638294,14475
1722,himachal pradesh,olan ,2018,2,254576422.91686356,166516
1723,himachal pradesh,maur ,2018,2,77059907.62248287,53040
1724,himachal pradesh,himla ,2018,2,162202102.59693143,82195
1725,himachal pradesh,bilaspur ,2018,2,41392933.9580691,30705
1726,himachal pradesh,hamirpur ,2018,2,63207300.3000073,41507
1727,himachal pradesh,una ,2018,2,81025669.32592821,51637
1728,himachal pradesh,kangra ,2018,2,172859755.31581038,97426
1729,himachal pradesh,kullu ,2018,2,96624850.44143352,39948
1730,himachal pradesh,mandi ,2018,2,85994890.15581088,58415
1731,himachal pradesh,lahul and spiti ,2018,2,1438357.7915857893,774
1732,himachal pradesh,hamba ,2018,2,125825520.94711924,55922
1733,himachal pradesh,kinnaur ,2018,2,20961589.979082577,9610
1734,himachal pradesh,olan ,2024,1,9109575772.0,10352161
1735,himachal pradesh,maur ,2024,1,3608713118.0,3224271
1736,himachal pradesh,himla ,2024,1,5165865352.0,3971209
1737,himachal pradesh,bilaspur ,2024,1,2010202595.0,1447431
1738,himachal pradesh,hamirpur ,2024,1,2926241346.0,2271076
1739,himachal pradesh,una ,2024,1,3333784785.0,2319304
1740,himachal pradesh,kangra ,2024,1,9371481434.0,6971330
1741,himachal pradesh,kullu ,2024,1,4865648499.0,3370275
1742,himachal pradesh,mandi ,2024,1,4323386327.0,3157129
1743,himachal pradesh,lahul and spiti ,2024,1,260706430.0,171826
1744,himachal pradesh,hamba ,2024,1,2255477302.0,1804702
1745,himachal pradesh,kinnaur ,2024,1,653148379.0,459847
1746,madhya pradesh,morena ,2021,4,8161920390.34097,3585380
1747,madhya pradesh,alirajpur ,2021,4,1097069368.2554018,538522
1748,madhya pradesh,ehore ,2021,4,10809509304.104813,6733399
1749,madhya pradesh,ajgarh ,2021,4,10698887270.455854,5626439
1750,madhya pradesh,khargone ,2021,4,9607110801.106825,5088590
1751,madhya pradesh,atna ,2021,4,9608260177.472307,5204603
1752,madhya pradesh,narsinghpur ,2021,4,5586877149.279158,2973597
1753,madhya pradesh,jabalpur ,2021,4,20920967750.048428,12476449
1754,madhya pradesh,hoshangabad ,2021,4,7212062660.434594,4325760
1755,madhya pradesh,vidisha ,2021,4,7104046806.814299,4079220
1756,madhya pradesh,balaghat ,2021,4,8230285934.994757,4764095
1757,madhya pradesh,ngrauli ,2021,4,8571068342.329523,4737504
1758,madhya pradesh,betul ,2021,4,7746768750.99579,4610618
1759,madhya pradesh,hi ,2021,4,4853524424.052965,2313095
1760,madhya pradesh,atia ,2021,4,2916910531.794767,1346093
1761,madhya pradesh,ewas ,2021,4,13007477185.675835,7659615
1762,madhya pradesh,heopur ,2021,4,2118865209.249231,936805
1763,madhya pradesh,neemuch ,2021,4,5212505514.716237,2627248
1764,madhya pradesh,aisen ,2021,4,7495214245.35038,4924261
1765,madhya pradesh,mandsaur ,2021,4,8304681268.305336,4090431
1766,madhya pradesh,barwani ,2021,4,4810801435.685824,2495299
1767,madhya pradesh,katni ,2021,4,5480440628.944631,2986585
1768,madhya pradesh,ndori ,2021,4,1890051577.6670372,963996
1769,madhya pradesh,hivpuri ,2021,4,7568666954.420719,3613567
1770,madhya pradesh,gwalior ,2021,4,25012279408.267742,13721879
1771,madhya pradesh,anuppur ,2021,4,3206018786.2806416,1976049
1772,madhya pradesh,agar malwa ,2021,4,3809022940.1006765,1743826
1773,madhya pradesh,ashoknagar ,2021,4,3267926297.0741363,1904746
1774,madhya pradesh,agar ,2021,4,10789842580.776001,6030013
1775,madhya pradesh,niwari ,2021,4,1197608329.2297316,575126
1776,madhya pradesh,ewa ,2021,4,12315058116.409243,6195961
1777,madhya pradesh,hajapur ,2021,4,6330602069.012556,3399603
1778,madhya pradesh,ujjain ,2021,4,16998154949.07095,9436286
1779,madhya pradesh,bhind ,2021,4,6047697024.794492,2791109
1780,madhya pradesh,kamgarh ,2021,4,3028439418.448248,1642235
1781,madhya pradesh,eoni ,2021,4,6441935673.166822,3363427
1782,madhya pradesh,harda ,2021,4,3025411186.413455,1580357
1783,madhya pradesh,burhanpur ,2021,4,3462220827.2429295,1978706
1784,madhya pradesh,amoh ,2021,4,3520991600.5895605,1739709
1785,madhya pradesh,bhopal ,2021,4,190196223229.17587,134176541
1786,madhya pradesh,jhabua ,2021,4,2807693750.3535185,1397183
1787,madhya pradesh,har ,2021,4,14454487270.115355,8770665
1788,madhya pradesh,guna ,2021,4,7498880363.30854,4200430
1789,madhya pradesh,east nimar ,2021,4,5993739803.201769,3570045
1790,madhya pradesh,hhindwara ,2021,4,11185696130.666462,6522234
1791,madhya pradesh,umaria ,2021,4,2278425751.5575695,1309452
1792,madhya pradesh,mandla ,2021,4,3242362406.5982113,1725231
1793,madhya pradesh,ndore ,2021,4,107685836352.74806,73486993
1794,madhya pradesh,hahdol ,2021,4,5504205891.767881,3279007
1795,madhya pradesh,atlam ,2021,4,9709336936.032011,4743942
1796,madhya pradesh,panna ,2021,4,2815048065.3552876,1348289
1797,madhya pradesh,hhatarpur ,2021,4,6048373564.2584915,2997869
1798,madhya pradesh,morena ,2021,1,4076150820.817652,1642617
1799,madhya pradesh,alirajpur ,2021,1,499989236.2147408,228504
1800,madhya pradesh,ehore ,2021,1,6207673600.695251,3804912
1801,madhya pradesh,ajgarh ,2021,1,5531194245.644239,2591177
1802,madhya pradesh,khargone ,2021,1,5022742955.5200615,2478158
1803,madhya pradesh,atna ,2021,1,4816296175.732275,2437515
1804,madhya pradesh,narsinghpur ,2021,1,3177530090.9502044,1563580
1805,madhya pradesh,jabalpur ,2021,1,11341470367.935308,6508756
1806,madhya pradesh,hoshangabad ,2021,1,3776567780.379984,2149209
1807,madhya pradesh,vidisha ,2021,1,4298632208.617512,2319909
1808,madhya pradesh,balaghat ,2021,1,4600620055.8422165,2315936
1809,madhya pradesh,ngrauli ,2021,1,4545863631.10256,2282715
1810,madhya pradesh,betul ,2021,1,4370416166.62771,2398625
1811,madhya pradesh,hi ,2021,1,2364548733.167993,1032630
1812,madhya pradesh,atia ,2021,1,1461101645.6413937,635398
1813,madhya pradesh,ewas ,2021,1,6833124438.36656,3992803
1814,madhya pradesh,heopur ,2021,1,999133018.2733552,441474
1815,madhya pradesh,neemuch ,2021,1,2652786981.404075,1242613
1816,madhya pradesh,aisen ,2021,1,4173866749.222631,2579640
1817,madhya pradesh,mandsaur ,2021,1,4173482937.968442,1919705
1818,madhya pradesh,barwani ,2021,1,2248538999.422863,1067563
1819,madhya pradesh,katni ,2021,1,2685443831.9587994,1402614
1820,madhya pradesh,ndori ,2021,1,1119999389.1933413,490349
1821,madhya pradesh,hivpuri ,2021,1,3503136658.411132,1542033
1822,madhya pradesh,gwalior ,2021,1,13365571399.680473,7162483
1823,madhya pradesh,anuppur ,2021,1,1990314404.9951131,1029032
1824,madhya pradesh,agar malwa ,2021,1,1905456871.832835,811955
1825,madhya pradesh,ashoknagar ,2021,1,1569426631.4587264,744766
1826,madhya pradesh,agar ,2021,1,5653447301.758538,3149917
1827,madhya pradesh,niwari ,2021,1,590317182.3799706,260101
1828,madhya pradesh,ewa ,2021,1,6260073492.301879,2905406
1829,madhya pradesh,hajapur ,2021,1,3385896058.8933268,1726969
1830,madhya pradesh,ujjain ,2021,1,8661804508.825623,4926814
1831,madhya pradesh,bhind ,2021,1,3080179035.102253,1375999
1832,madhya pradesh,kamgarh ,2021,1,1447720949.1649184,709159
1833,madhya pradesh,eoni ,2021,1,3496206162.0875216,1598317
1834,madhya pradesh,harda ,2021,1,1460099482.774878,783753
1835,madhya pradesh,burhanpur ,2021,1,1614553569.2762008,901398
1836,madhya pradesh,amoh ,2021,1,1759875819.6421342,823880
1837,madhya pradesh,bhopal ,2021,1,101725720745.41441,67309234
1838,madhya pradesh,jhabua ,2021,1,1283708735.7876873,597586
1839,madhya pradesh,har ,2021,1,7366487165.421755,4368739
1840,madhya pradesh,guna ,2021,1,3799877430.5001893,1882964
1841,madhya pradesh,east nimar ,2021,1,3040530342.986616,1695991
1842,madhya pradesh,hhindwara ,2021,1,6171721022.75809,3281453
1843,madhya pradesh,umaria ,2021,1,1277673278.1828122,634168
1844,madhya pradesh,mandla ,2021,1,1727915177.2945933,858851
1845,madhya pradesh,ndore ,2021,1,53867415617.00962,37457244
1846,madhya pradesh,hahdol ,2021,1,3112033780.186758,1585789
1847,madhya pradesh,atlam ,2021,1,5101007536.79729,2401427
1848,madhya pradesh,panna ,2021,1,1480548117.2572706,633224
1849,madhya pradesh,hhatarpur ,2021,1,2858061843.406745,1313444
1850,madhya pradesh,morena ,2021,3,5913102281.242499,2663845
1851,madhya pradesh,alirajpur ,2021,3,866069975.6384856,405281
1852,madhya pradesh,ehore ,2021,3,8629273157.345978,5466240
1853,madhya pradesh,ajgarh ,2021,3,8110477015.611726,4362607
1854,madhya pradesh,khargone ,2021,3,7653424067.128759,4080827
1855,madhya pradesh,atna ,2021,3,7099161854.480458,3863963
1856,madhya pradesh,narsinghpur ,2021,3,4381298516.588237,2306626
1857,madhya pradesh,jabalpur ,2021,3,16293034528.474735,9691966
1858,madhya pradesh,hoshangabad ,2021,3,5790861781.981935,3357514
1859,madhya pradesh,vidisha ,2021,3,5867670567.086285,3335770
1860,madhya pradesh,balaghat ,2021,3,6476841319.0100765,3613826
1861,madhya pradesh,ngrauli ,2021,3,6621353481.4017935,3618155
1862,madhya pradesh,betul ,2021,3,6054678740.771477,3654633
1863,madhya pradesh,hi ,2021,3,3628172896.568713,1699469
1864,madhya pradesh,atia ,2021,3,2200901347.4282694,1020487
1865,madhya pradesh,ewas ,2021,3,9986506658.490002,6092595
1866,madhya pradesh,heopur ,2021,3,1463415451.3224988,653005
1867,madhya pradesh,neemuch ,2021,3,4051955941.049946,2073895
1868,madhya pradesh,aisen ,2021,3,5937299649.675722,3839223
1869,madhya pradesh,mandsaur ,2021,3,6258972327.10527,3144346
1870,madhya pradesh,barwani ,2021,3,3713834240.2518625,1902146
1871,madhya pradesh,katni ,2021,3,4195234171.6679134,2297587
1872,madhya pradesh,ndori ,2021,3,1558066600.4755325,732555
1873,madhya pradesh,hivpuri ,2021,3,5208883167.360183,2526203
1874,madhya pradesh,gwalior ,2021,3,19237891487.133667,10677148
1875,madhya pradesh,anuppur ,2021,3,2591714166.696354,1546491
1876,madhya pradesh,agar malwa ,2021,3,2767273784.0270257,1319027
1877,madhya pradesh,ashoknagar ,2021,3,2392758234.4553957,1292875
1878,madhya pradesh,agar ,2021,3,8366148265.5034,4691027
1879,madhya pradesh,niwari ,2021,3,858519029.3008024,415505
1880,madhya pradesh,ewa ,2021,3,8799296257.259958,4556210
1881,madhya pradesh,hajapur ,2021,3,4865959005.856778,2725153
1882,madhya pradesh,ujjain ,2021,3,13233697399.244934,7652620
1883,madhya pradesh,bhind ,2021,3,4279914834.1175466,2080070
1884,madhya pradesh,kamgarh ,2021,3,2318909825.5036955,1201562
1885,madhya pradesh,eoni ,2021,3,4896066893.245604,2537797
1886,madhya pradesh,harda ,2021,3,2408638434.410577,1238849
1887,madhya pradesh,burhanpur ,2021,3,2670012212.4459767,1523550
1888,madhya pradesh,amoh ,2021,3,2698898323.811194,1339223
1889,madhya pradesh,bhopal ,2021,3,146735124186.2163,103403998
1890,madhya pradesh,jhabua ,2021,3,2216570769.118132,1098652
1891,madhya pradesh,har ,2021,3,11371461567.624537,7010257
1892,madhya pradesh,guna ,2021,3,5615584297.407946,3046536
1893,madhya pradesh,east nimar ,2021,3,4694724162.144183,2804269
1894,madhya pradesh,hhindwara ,2021,3,8670292561.634789,5106996
1895,madhya pradesh,umaria ,2021,3,1814397211.7449274,1019837
1896,madhya pradesh,mandla ,2021,3,2496120604.483219,1316351
1897,madhya pradesh,ndore ,2021,3,81712956761.21713,55970712
1898,madhya pradesh,hahdol ,2021,3,4430769579.6169,2503362
1899,madhya pradesh,atlam ,2021,3,7531821203.291306,3779757
1900,madhya pradesh,panna ,2021,3,2190941787.094632,1024773
1901,madhya pradesh,hhatarpur ,2021,3,4585651268.768494,2157963
1902,madhya pradesh,morena ,2021,2,5471936992.439699,2232701
1903,madhya pradesh,alirajpur ,2021,2,789494451.9712551,337155
1904,madhya pradesh,ehore ,2021,2,7779826903.455323,4199604
1905,madhya pradesh,ajgarh ,2021,2,7622592229.322117,3307789
1906,madhya pradesh,khargone ,2021,2,6344132532.300082,3055934
1907,madhya pradesh,atna ,2021,2,6595997323.027988,3121411
1908,madhya pradesh,narsinghpur ,2021,2,3989323922.9231024,1855069
1909,madhya pradesh,jabalpur ,2021,2,12879587251.083906,6808088
1910,madhya pradesh,hoshangabad ,2021,2,5124085752.314121,2539274
1911,madhya pradesh,vidisha ,2021,2,6172397703.696194,2818313
1912,madhya pradesh,balaghat ,2021,2,5854873523.380617,2827665
1913,madhya pradesh,ngrauli ,2021,2,5447820052.838381,2696777
1914,madhya pradesh,betul ,2021,2,5192964519.8560095,2817683
1915,madhya pradesh,hi ,2021,2,3442541641.9027777,1411602
1916,madhya pradesh,atia ,2021,2,2030280649.48903,827843
1917,madhya pradesh,ewas ,2021,2,8482648817.275978,4430778
1918,madhya pradesh,heopur ,2021,2,1455672322.9169302,584509
1919,madhya pradesh,neemuch ,2021,2,2946323814.211005,1431573
1920,madhya pradesh,aisen ,2021,2,5530806419.500374,2995052
1921,madhya pradesh,mandsaur ,2021,2,4866467550.907891,2219684
1922,madhya pradesh,barwani ,2021,2,2884332779.3154306,1345781
1923,madhya pradesh,katni ,2021,2,3464169343.490756,1723310
1924,madhya pradesh,ndori ,2021,2,1511466140.246748,608674
1925,madhya pradesh,hivpuri ,2021,2,4908158568.955133,1989814
1926,madhya pradesh,gwalior ,2021,2,15466583871.368427,7475892
1927,madhya pradesh,anuppur ,2021,2,2337702544.040525,1244262
1928,madhya pradesh,agar malwa ,2021,2,2382536115.5125136,973164
1929,madhya pradesh,ashoknagar ,2021,2,2445354252.609435,1025526
1930,madhya pradesh,agar ,2021,2,7548955784.2791815,3641764
1931,madhya pradesh,niwari ,2021,2,764025684.1628389,334508
1932,madhya pradesh,ewa ,2021,2,8211449728.951238,3692722
1933,madhya pradesh,hajapur ,2021,2,4515078777.196711,2078924
1934,madhya pradesh,ujjain ,2021,2,9676724764.226078,4879699
1935,madhya pradesh,bhind ,2021,2,4392948922.316403,1929431
1936,madhya pradesh,kamgarh ,2021,2,2309862361.866748,978223
1937,madhya pradesh,eoni ,2021,2,4585663549.528749,1926324
1938,madhya pradesh,harda ,2021,2,2426740999.152869,1022389
1939,madhya pradesh,burhanpur ,2021,2,2161598324.016423,1145247
1940,madhya pradesh,amoh ,2021,2,2419007346.0227733,1088303
1941,madhya pradesh,bhopal ,2021,2,127038866031.39793,74643630
1942,madhya pradesh,jhabua ,2021,2,1681131397.8228438,771669
1943,madhya pradesh,har ,2021,2,9012726646.390882,5029916
1944,madhya pradesh,guna ,2021,2,5355657187.257114,2290014
1945,madhya pradesh,east nimar ,2021,2,3941324464.762269,2100816
1946,madhya pradesh,hhindwara ,2021,2,7484666557.941612,3787673
1947,madhya pradesh,umaria ,2021,2,1625485207.9485872,824921
1948,madhya pradesh,mandla ,2021,2,2209589287.5198746,1048839
1949,madhya pradesh,ndore ,2021,2,59026805792.650475,34159162
1950,madhya pradesh,hahdol ,2021,2,3815559117.63072,1858973
1951,madhya pradesh,atlam ,2021,2,5685659163.113822,2599381
1952,madhya pradesh,panna ,2021,2,2165150098.0160775,870375
1953,madhya pradesh,hhatarpur ,2021,2,4026012851.0907516,1706850
1954,madhya pradesh,morena ,2019,4,1176653200.3467307,552247
1955,madhya pradesh,alirajpur ,2019,4,111375197.38070184,59374
1956,madhya pradesh,ehore ,2019,4,2294177801.2437177,1629869
1957,madhya pradesh,ajgarh ,2019,4,1515871630.885089,796105
1958,madhya pradesh,khargone ,2019,4,1235838033.2296019,689426
1959,madhya pradesh,atna ,2019,4,1510243338.341208,983069
1960,madhya pradesh,narsinghpur ,2019,4,932750800.22912,583854
1961,madhya pradesh,jabalpur ,2019,4,4636477563.561832,2901762
1962,madhya pradesh,hoshangabad ,2019,4,1753044610.0473013,962252
1963,madhya pradesh,vidisha ,2019,4,1255756247.9703145,874643
1964,madhya pradesh,balaghat ,2019,4,1261417059.3259377,786128
1965,madhya pradesh,ngrauli ,2019,4,1620787625.9568758,888076
1966,madhya pradesh,betul ,2019,4,1258725233.1251488,777178
1967,madhya pradesh,hi ,2019,4,757811477.3894438,371875
1968,madhya pradesh,atia ,2019,4,432679416.00325996,229322
1969,madhya pradesh,ewas ,2019,4,2061011651.7828119,1251392
1970,madhya pradesh,heopur ,2019,4,283784507.7272147,143865
1971,madhya pradesh,neemuch ,2019,4,761018666.710302,437313
1972,madhya pradesh,aisen ,2019,4,1299786956.5868084,909026
1973,madhya pradesh,mandsaur ,2019,4,1174728688.6314943,666721
1974,madhya pradesh,barwani ,2019,4,460445027.01960254,240538
1975,madhya pradesh,katni ,2019,4,828805126.7779653,479971
1976,madhya pradesh,ndori ,2019,4,334782163.8930688,188857
1977,madhya pradesh,hivpuri ,2019,4,903883898.6970117,582096
1978,madhya pradesh,gwalior ,2019,4,4050254390.723213,2509157
1979,madhya pradesh,anuppur ,2019,4,603613476.7487521,369552
1980,madhya pradesh,agar malwa ,2019,4,488561343.3566568,242128
1981,madhya pradesh,ashoknagar ,2019,4,453295365.84140915,229322
1982,madhya pradesh,agar ,2019,4,1853137602.0859165,1218814
1983,madhya pradesh,niwari ,2019,4,182508349.73885658,98546
1984,madhya pradesh,ewa ,2019,4,2078184265.1862037,1160674
1985,madhya pradesh,hajapur ,2019,4,993408390.5956174,550250
1986,madhya pradesh,ujjain ,2019,4,2534823488.3187428,1649254
1987,madhya pradesh,bhind ,2019,4,958481497.3250488,499964
1988,madhya pradesh,kamgarh ,2019,4,459197353.1228398,250671
1989,madhya pradesh,eoni ,2019,4,974187067.6697235,553103
1990,madhya pradesh,harda ,2019,4,412943463.3634922,228444
1991,madhya pradesh,burhanpur ,2019,4,366453162.77283734,212469
1992,madhya pradesh,amoh ,2019,4,566204811.1556315,308020
1993,madhya pradesh,bhopal ,2019,4,24303685079.877422,18062429
1994,madhya pradesh,jhabua ,2019,4,272107291.6601217,138527
1995,madhya pradesh,har ,2019,4,1868318600.6352177,1194971
1996,madhya pradesh,guna ,2019,4,1133891528.9825106,603422
1997,madhya pradesh,east nimar ,2019,4,731504467.3027995,464888
1998,madhya pradesh,hhindwara ,2019,4,1828645736.7684202,1143151
1999,madhya pradesh,umaria ,2019,4,385321545.5207559,221931
2000,madhya pradesh,mandla ,2019,4,442600272.1883175,274439
2001,madhya pradesh,ndore ,2019,4,23175261773.68209,15879423
2002,madhya pradesh,hahdol ,2019,4,904148565.4771671,521170
2003,madhya pradesh,atlam ,2019,4,1520656346.9960792,846558
2004,madhya pradesh,panna ,2019,4,401424811.93197066,221446
2005,madhya pradesh,hhatarpur ,2019,4,883250818.9651694,494307
2006,madhya pradesh,morena ,2019,1,590340172.5467699,376798
2007,madhya pradesh,alirajpur ,2019,1,57528445.880148254,31490
2008,madhya pradesh,ehore ,2019,1,1381467050.209204,1598108
2009,madhya pradesh,ajgarh ,2019,1,849387423.708046,648061
2010,madhya pradesh,khargone ,2019,1,660544853.6667627,411986
2011,madhya pradesh,atna ,2019,1,837796202.3663837,764362
2012,madhya pradesh,narsinghpur ,2019,1,518838319.27022743,399379
2013,madhya pradesh,jabalpur ,2019,1,2066194878.0751898,1489827
2014,madhya pradesh,hoshangabad ,2019,1,797390486.8744063,553426
2015,madhya pradesh,vidisha ,2019,1,611099763.953865,563457
2016,madhya pradesh,balaghat ,2019,1,630492988.9965429,554447
2017,madhya pradesh,ngrauli ,2019,1,909610315.8822656,771972
2018,madhya pradesh,betul ,2019,1,672533278.2668386,534677
2019,madhya pradesh,hi ,2019,1,410718619.8730597,248937
2020,madhya pradesh,atia ,2019,1,252504015.5677335,180925
2021,madhya pradesh,ewas ,2019,1,1084348082.083155,911351
2022,madhya pradesh,heopur ,2019,1,135311510.09875304,91429
2023,madhya pradesh,neemuch ,2019,1,395660623.3520371,354202
2024,madhya pradesh,aisen ,2019,1,725879807.2669368,695558
2025,madhya pradesh,mandsaur ,2019,1,539074153.2850753,483684
2026,madhya pradesh,barwani ,2019,1,219244169.14213455,128005
2027,madhya pradesh,katni ,2019,1,409719255.6873062,301180
2028,madhya pradesh,ndori ,2019,1,177463422.54077098,124325
2029,madhya pradesh,hivpuri ,2019,1,453501159.67207545,396289
2030,madhya pradesh,gwalior ,2019,1,2088543078.353699,1342886
2031,madhya pradesh,anuppur ,2019,1,368414431.56357545,269466
2032,madhya pradesh,agar malwa ,2019,1,287964461.44944036,172327
2033,madhya pradesh,ashoknagar ,2019,1,228929290.71462494,148509
2034,madhya pradesh,agar ,2019,1,1031788235.3211449,925998
2035,madhya pradesh,niwari ,2019,1,94651228.74141197,71604
2036,madhya pradesh,ewa ,2019,1,1138882577.7546175,866533
2037,madhya pradesh,hajapur ,2019,1,496437268.9084166,424237
2038,madhya pradesh,ujjain ,2019,1,1264261226.7636352,940607
2039,madhya pradesh,bhind ,2019,1,478039474.5692019,359414
2040,madhya pradesh,kamgarh ,2019,1,261488913.1219021,196901
2041,madhya pradesh,eoni ,2019,1,502814827.1219895,372002
2042,madhya pradesh,harda ,2019,1,230304157.91590577,154078
2043,madhya pradesh,burhanpur ,2019,1,179246644.07640463,112881
2044,madhya pradesh,amoh ,2019,1,302505344.2563059,238517
2045,madhya pradesh,bhopal ,2019,1,9878412374.297678,8252290
2046,madhya pradesh,jhabua ,2019,1,139117371.3471116,91081
2047,madhya pradesh,har ,2019,1,1063530759.7629426,976357
2048,madhya pradesh,guna ,2019,1,561823338.1452124,405000
2049,madhya pradesh,east nimar ,2019,1,382404007.5330337,261800
2050,madhya pradesh,hhindwara ,2019,1,883844445.1281323,712778
2051,madhya pradesh,umaria ,2019,1,228656214.15156192,173141
2052,madhya pradesh,mandla ,2019,1,220376060.06544745,142749
2053,madhya pradesh,ndore ,2019,1,8462300131.378917,5731364
2054,madhya pradesh,hahdol ,2019,1,487101458.35959864,314212
2055,madhya pradesh,atlam ,2019,1,739522679.3292215,547587
2056,madhya pradesh,panna ,2019,1,212311094.12142566,157047
2057,madhya pradesh,hhatarpur ,2019,1,469959429.53119093,325808
2058,madhya pradesh,morena ,2019,3,810520758.2520224,420577
2059,madhya pradesh,alirajpur ,2019,3,73365800.59824678,43708
2060,madhya pradesh,ehore ,2019,3,1645829156.9951177,1227719
2061,madhya pradesh,ajgarh ,2019,3,1064320990.8474429,630750
2062,madhya pradesh,khargone ,2019,3,879202941.5295783,501626
2063,madhya pradesh,atna ,2019,3,1059489130.4453516,725235
2064,madhya pradesh,narsinghpur ,2019,3,650967602.9346141,453436
2065,madhya pradesh,jabalpur ,2019,3,3585214328.999977,2424190
2066,madhya pradesh,hoshangabad ,2019,3,1383313404.8492954,790986
2067,madhya pradesh,vidisha ,2019,3,854570416.6079028,727266
2068,madhya pradesh,balaghat ,2019,3,887611890.153901,567601
2069,madhya pradesh,ngrauli ,2019,3,1173251043.3561773,642493
2070,madhya pradesh,betul ,2019,3,847202003.6750573,563154
2071,madhya pradesh,hi ,2019,3,512669032.72623336,273664
2072,madhya pradesh,atia ,2019,3,310956418.3702055,185547
2073,madhya pradesh,ewas ,2019,3,1490521770.4985013,992605
2074,madhya pradesh,heopur ,2019,3,192951569.02353826,103886
2075,madhya pradesh,neemuch ,2019,3,519709448.0273813,327456
2076,madhya pradesh,aisen ,2019,3,949746911.335474,773784
2077,madhya pradesh,mandsaur ,2019,3,761949946.8985124,494027
2078,madhya pradesh,barwani ,2019,3,319751040.826925,171739
2079,madhya pradesh,katni ,2019,3,593226091.9563009,402094
2080,madhya pradesh,ndori ,2019,3,264100608.8514316,141683
2081,madhya pradesh,hivpuri ,2019,3,623887050.2623472,480685
2082,madhya pradesh,gwalior ,2019,3,2938882604.9629474,1945426
2083,madhya pradesh,anuppur ,2019,3,433772254.12718594,268378
2084,madhya pradesh,agar malwa ,2019,3,369483216.7905896,186478
2085,madhya pradesh,ashoknagar ,2019,3,310769625.9727926,165758
2086,madhya pradesh,agar ,2019,3,1347968051.4244916,935229
2087,madhya pradesh,niwari ,2019,3,130837866.15542771,78935
2088,madhya pradesh,ewa ,2019,3,1453796034.8352695,935300
2089,madhya pradesh,hajapur ,2019,3,673322001.1987181,433966
2090,madhya pradesh,ujjain ,2019,3,1861274343.6180215,1287391
2091,madhya pradesh,bhind ,2019,3,630475529.7209358,380363
2092,madhya pradesh,kamgarh ,2019,3,324341358.1104247,186786
2093,madhya pradesh,eoni ,2019,3,692944134.2328482,410048
2094,madhya pradesh,harda ,2019,3,293038210.5432082,168509
2095,madhya pradesh,burhanpur ,2019,3,260769325.37951168,161877
2096,madhya pradesh,amoh ,2019,3,397137186.7367182,237834
2097,madhya pradesh,bhopal ,2019,3,19449113922.050434,15339970
2098,madhya pradesh,jhabua ,2019,3,188820321.13267735,102684
2099,madhya pradesh,har ,2019,3,1358217450.0838823,895526
2100,madhya pradesh,guna ,2019,3,805281720.1875607,504290
2101,madhya pradesh,east nimar ,2019,3,531815119.26460695,355840
2102,madhya pradesh,hhindwara ,2019,3,1250371332.8003006,855072
2103,madhya pradesh,umaria ,2019,3,284003592.00169647,165477
2104,madhya pradesh,mandla ,2019,3,305989954.0329734,206390
2105,madhya pradesh,ndore ,2019,3,17332954157.395485,11739888
2106,madhya pradesh,hahdol ,2019,3,640132896.5761545,388129
2107,madhya pradesh,atlam ,2019,3,1045629823.5433974,684393
2108,madhya pradesh,panna ,2019,3,268994052.98956585,161511
2109,madhya pradesh,hhatarpur ,2019,3,641856047.3558884,363052
2110,madhya pradesh,morena ,2019,2,759305410.9408532,343097
2111,madhya pradesh,alirajpur ,2019,2,69497452.41988502,34336
2112,madhya pradesh,ehore ,2019,2,1498323453.5966249,1000398
2113,madhya pradesh,ajgarh ,2019,2,1017424331.5352097,514081
2114,madhya pradesh,khargone ,2019,2,750061980.5160892,382282
2115,madhya pradesh,atna ,2019,2,985174475.02744,616768
2116,madhya pradesh,narsinghpur ,2019,2,606090629.4459138,346905
2117,madhya pradesh,jabalpur ,2019,2,3365108021.1103716,2003659
2118,madhya pradesh,hoshangabad ,2019,2,1398321448.0271442,733352
2119,madhya pradesh,vidisha ,2019,2,790501880.7453303,481189
2120,madhya pradesh,balaghat ,2019,2,762685263.2847067,449840
2121,madhya pradesh,ngrauli ,2019,2,992797313.4503391,551954
2122,madhya pradesh,betul ,2019,2,767821477.0829715,449045
2123,madhya pradesh,hi ,2019,2,493694170.465987,233508
2124,madhya pradesh,atia ,2019,2,339467343.8421911,152773
2125,madhya pradesh,ewas ,2019,2,1221413819.1866453,705805
2126,madhya pradesh,heopur ,2019,2,183254253.38825667,84977
2127,madhya pradesh,neemuch ,2019,2,436804315.37630045,256620
2128,madhya pradesh,aisen ,2019,2,900587870.7028184,560941
2129,madhya pradesh,mandsaur ,2019,2,635844969.502559,389452
2130,madhya pradesh,barwani ,2019,2,248252777.2854694,124076
2131,madhya pradesh,katni ,2019,2,520588852.0492451,293589
2132,madhya pradesh,ndori ,2019,2,239975836.02101433,113733
2133,madhya pradesh,hivpuri ,2019,2,547286279.7906877,300960
2134,madhya pradesh,gwalior ,2019,2,2419928141.075864,1264694
2135,madhya pradesh,anuppur ,2019,2,402977513.253777,224927
2136,madhya pradesh,agar malwa ,2019,2,343520367.24746865,149682
2137,madhya pradesh,ashoknagar ,2019,2,294579713.2675661,137874
2138,madhya pradesh,agar ,2019,2,1228020791.0177653,758405
2139,madhya pradesh,niwari ,2019,2,126884358.23208058,63955
2140,madhya pradesh,ewa ,2019,2,1390495018.41335,718741
2141,madhya pradesh,hajapur ,2019,2,612106800.275732,339228
2142,madhya pradesh,ujjain ,2019,2,1520840061.8610396,869522
2143,madhya pradesh,bhind ,2019,2,626308252.5816314,302340
2144,madhya pradesh,kamgarh ,2019,2,307990547.122507,157005
2145,madhya pradesh,eoni ,2019,2,648666931.8791126,329624
2146,madhya pradesh,harda ,2019,2,326718386.40413725,142930
2147,madhya pradesh,burhanpur ,2019,2,207175425.20322382,105876
2148,madhya pradesh,amoh ,2019,2,365700982.5016987,196650
2149,madhya pradesh,bhopal ,2019,2,17309015090.75333,12031142
2150,madhya pradesh,jhabua ,2019,2,161135239.28514642,77960
2151,madhya pradesh,har ,2019,2,1123223534.056122,688408
2152,madhya pradesh,guna ,2019,2,721667755.441529,350879
2153,madhya pradesh,east nimar ,2019,2,458126334.582946,258938
2154,madhya pradesh,hhindwara ,2019,2,1108779630.8540792,645533
2155,madhya pradesh,umaria ,2019,2,247440808.27591902,138398
2156,madhya pradesh,mandla ,2019,2,272824616.43496925,146979
2157,madhya pradesh,ndore ,2019,2,14340814113.220867,8459734
2158,madhya pradesh,hahdol ,2019,2,548392883.6818831,283233
2159,madhya pradesh,atlam ,2019,2,837756959.1611743,436200
2160,madhya pradesh,panna ,2019,2,264866666.57722616,144870
2161,madhya pradesh,hhatarpur ,2019,2,588325833.1001078,298946
2162,madhya pradesh,morena ,2023,4,29542720923.0,17726814
2163,madhya pradesh,alirajpur ,2023,4,4126140484.0,3010126
2164,madhya pradesh,ehore ,2023,4,32031905607.0,24223065
2165,madhya pradesh,ajgarh ,2023,4,30957521992.0,21436480
2166,madhya pradesh,khargone ,2023,4,30272344456.0,20739737
2167,madhya pradesh,atna ,2023,4,30020790955.0,23035569
2168,madhya pradesh,narsinghpur ,2023,4,15909541692.0,11606294
2169,madhya pradesh,jabalpur ,2023,4,49586354718.0,37295490
2170,madhya pradesh,hoshangabad ,2023,4,22768044620.0,17020207
2171,madhya pradesh,vidisha ,2023,4,21899430928.0,15650292
2172,madhya pradesh,balaghat ,2023,4,23340387402.0,17227232
2173,madhya pradesh,ngrauli ,2023,4,23657463333.0,19529664
2174,madhya pradesh,betul ,2023,4,21417550672.0,15895370
2175,madhya pradesh,hi ,2023,4,13638419712.0,10230961
2176,madhya pradesh,atia ,2023,4,10454729646.0,6544158
2177,madhya pradesh,ewas ,2023,4,39878804713.0,29474893
2178,madhya pradesh,heopur ,2023,4,7475107929.0,4805266
2179,madhya pradesh,neemuch ,2023,4,17431156299.0,11901090
2180,madhya pradesh,aisen ,2023,4,22904236810.0,19283272
2181,madhya pradesh,mandsaur ,2023,4,28599028264.0,19525500
2182,madhya pradesh,barwani ,2023,4,15646499271.0,11539924
2183,madhya pradesh,katni ,2023,4,16291662963.0,12048285
2184,madhya pradesh,ndori ,2023,4,5204737838.0,4061299
2185,madhya pradesh,hivpuri ,2023,4,24522214372.0,16674907
2186,madhya pradesh,gwalior ,2023,4,70108499240.0,48475464
2187,madhya pradesh,anuppur ,2023,4,8660099583.0,7617013
2188,madhya pradesh,agar malwa ,2023,4,12349245391.0,8789553
2189,madhya pradesh,ashoknagar ,2023,4,10172433973.0,7325149
2190,madhya pradesh,agar ,2023,4,31787016849.0,23532767
2191,madhya pradesh,niwari ,2023,4,3984523267.0,2999480
2192,madhya pradesh,ewa ,2023,4,34947670788.0,25290262
2193,madhya pradesh,hajapur ,2023,4,19689178918.0,13811482
2194,madhya pradesh,ujjain ,2023,4,56822072950.0,41093050
2195,madhya pradesh,bhind ,2023,4,19348671348.0,12226126
2196,madhya pradesh,kamgarh ,2023,4,9243195455.0,7901079
2197,madhya pradesh,eoni ,2023,4,19150757005.0,13729582
2198,madhya pradesh,harda ,2023,4,9266521842.0,6399668
2199,madhya pradesh,burhanpur ,2023,4,11587248581.0,8532394
2200,madhya pradesh,amoh ,2023,4,11616262680.0,8243743
2201,madhya pradesh,bhopal ,2023,4,132925621031.0,127657803
2202,madhya pradesh,jhabua ,2023,4,10512112553.0,7262757
2203,madhya pradesh,har ,2023,4,45454635729.0,36012965
2204,madhya pradesh,guna ,2023,4,21784945050.0,16189111
2205,madhya pradesh,east nimar ,2023,4,19293859026.0,15345903
2206,madhya pradesh,hhindwara ,2023,4,33082912950.0,24998840
2207,madhya pradesh,umaria ,2023,4,6215906811.0,5178729
2208,madhya pradesh,mandla ,2023,4,9725544713.0,7070684
2209,madhya pradesh,ndore ,2023,4,204276477732.0,180579604
2210,madhya pradesh,hahdol ,2023,4,15363634247.0,12726252
2211,madhya pradesh,atlam ,2023,4,32044968980.0,20981722
2212,madhya pradesh,panna ,2023,4,8770055069.0,6484673
2213,madhya pradesh,hhatarpur ,2023,4,20742013327.0,15352863
2214,madhya pradesh,morena ,2023,1,20763211198.0,10686191
2215,madhya pradesh,alirajpur ,2023,1,3014271212.0,1699280
2216,madhya pradesh,ehore ,2023,1,23436920406.0,16316080
2217,madhya pradesh,ajgarh ,2023,1,22816765693.0,14241438
2218,madhya pradesh,khargone ,2023,1,23107387024.0,14134805
2219,madhya pradesh,atna ,2023,1,23248811742.0,14659261
2220,madhya pradesh,narsinghpur ,2023,1,12760355274.0,7632517
2221,madhya pradesh,jabalpur ,2023,1,37663871660.0,25123516
2222,madhya pradesh,hoshangabad ,2023,1,16701530435.0,10868522
2223,madhya pradesh,vidisha ,2023,1,15695513889.0,10358005
2224,madhya pradesh,balaghat ,2023,1,19573952680.0,11797166
2225,madhya pradesh,ngrauli ,2023,1,17865093566.0,12426060
2226,madhya pradesh,betul ,2023,1,16520149408.0,11215522
2227,madhya pradesh,hi ,2023,1,10699562881.0,6435775
2228,madhya pradesh,atia ,2023,1,7336433329.0,4011463
2229,madhya pradesh,ewas ,2023,1,29287649682.0,19792878
2230,madhya pradesh,heopur ,2023,1,5271059935.0,2868709
2231,madhya pradesh,neemuch ,2023,1,12686616322.0,7470963
2232,madhya pradesh,aisen ,2023,1,17234041147.0,12596483
2233,madhya pradesh,mandsaur ,2023,1,20429209086.0,12214565
2234,madhya pradesh,barwani ,2023,1,11665294275.0,7241976
2235,madhya pradesh,katni ,2023,1,12697466536.0,7974722
2236,madhya pradesh,ndori ,2023,1,4198821455.0,2626882
2237,madhya pradesh,hivpuri ,2023,1,16247149328.0,9999695
2238,madhya pradesh,gwalior ,2023,1,52982719835.0,32530192
2239,madhya pradesh,anuppur ,2023,1,6898317563.0,4978578
2240,madhya pradesh,agar malwa ,2023,1,8890197383.0,5652257
2241,madhya pradesh,ashoknagar ,2023,1,7056791855.0,4636570
2242,madhya pradesh,agar ,2023,1,23447713210.0,15749995
2243,madhya pradesh,niwari ,2023,1,2838128662.0,1908052
2244,madhya pradesh,ewa ,2023,1,27952686901.0,16354341
2245,madhya pradesh,hajapur ,2023,1,14010310387.0,9144868
2246,madhya pradesh,ujjain ,2023,1,40817423529.0,26942883
2247,madhya pradesh,bhind ,2023,1,14167957162.0,7701586
2248,madhya pradesh,kamgarh ,2023,1,6655789911.0,5112355
2249,madhya pradesh,eoni ,2023,1,15277605373.0,9165024
2250,madhya pradesh,harda ,2023,1,6865152580.0,4221781
2251,madhya pradesh,burhanpur ,2023,1,8033806219.0,5500116
2252,madhya pradesh,amoh ,2023,1,8647652668.0,5189467
2253,madhya pradesh,bhopal ,2023,1,100743031945.0,90233129
2254,madhya pradesh,jhabua ,2023,1,7361953378.0,4267462
2255,madhya pradesh,har ,2023,1,33382954474.0,23103625
2256,madhya pradesh,guna ,2023,1,15668230156.0,10921889
2257,madhya pradesh,east nimar ,2023,1,14043471330.0,10196585
2258,madhya pradesh,hhindwara ,2023,1,24958783288.0,17392755
2259,madhya pradesh,umaria ,2023,1,4964089653.0,3458056
2260,madhya pradesh,mandla ,2023,1,7487595655.0,4528309
2261,madhya pradesh,ndore ,2023,1,151714773334.0,125871728
2262,madhya pradesh,hahdol ,2023,1,12243800481.0,8460666
2263,madhya pradesh,atlam ,2023,1,22589719049.0,13368185
2264,madhya pradesh,panna ,2023,1,6811134093.0,3996487
2265,madhya pradesh,hhatarpur ,2023,1,14593671664.0,9587555
2266,madhya pradesh,morena ,2023,3,23752653865.0,15045739
2267,madhya pradesh,alirajpur ,2023,3,3457493710.0,2378631
2268,madhya pradesh,ehore ,2023,3,27939822343.0,21413578
2269,madhya pradesh,ajgarh ,2023,3,26389147760.0,19435770
2270,madhya pradesh,khargone ,2023,3,26714133739.0,18703752
2271,madhya pradesh,atna ,2023,3,25196397014.0,19181252
2272,madhya pradesh,narsinghpur ,2023,3,13742519913.0,10048734
2273,madhya pradesh,jabalpur ,2023,3,43059367092.0,32794066
2274,madhya pradesh,hoshangabad ,2023,3,20943091454.0,14580774
2275,madhya pradesh,vidisha ,2023,3,18713656309.0,13909121
2276,madhya pradesh,balaghat ,2023,3,19779522292.0,14584833
2277,madhya pradesh,ngrauli ,2023,3,20835345743.0,16790072
2278,madhya pradesh,betul ,2023,3,18280838634.0,14123145
2279,madhya pradesh,hi ,2023,3,11751443389.0,8541198
2280,madhya pradesh,atia ,2023,3,8783382767.0,5775501
2281,madhya pradesh,ewas ,2023,3,34308304167.0,25756644
2282,madhya pradesh,heopur ,2023,3,6315158980.0,4215775
2283,madhya pradesh,neemuch ,2023,3,15786919719.0,10789478
2284,madhya pradesh,aisen ,2023,3,20505403831.0,16792594
2285,madhya pradesh,mandsaur ,2023,3,24647046551.0,17359264
2286,madhya pradesh,barwani ,2023,3,13656092209.0,10048932
2287,madhya pradesh,katni ,2023,3,13902363932.0,10300863
2288,madhya pradesh,ndori ,2023,3,4479256835.0,3440013
2289,madhya pradesh,hivpuri ,2023,3,19603939786.0,15011372
2290,madhya pradesh,gwalior ,2023,3,61646914157.0,44104224
2291,madhya pradesh,anuppur ,2023,3,7463711302.0,6591849
2292,madhya pradesh,agar malwa ,2023,3,10194506371.0,7819022
2293,madhya pradesh,ashoknagar ,2023,3,8565715119.0,6777213
2294,madhya pradesh,agar ,2023,3,27559471978.0,21118041
2295,madhya pradesh,niwari ,2023,3,3391799476.0,2666220
2296,madhya pradesh,ewa ,2023,3,29660291767.0,21568187
2297,madhya pradesh,hajapur ,2023,3,16805231436.0,12310883
2298,madhya pradesh,ujjain ,2023,3,49654704671.0,37433542
2299,madhya pradesh,bhind ,2023,3,15519491978.0,10340818
2300,madhya pradesh,kamgarh ,2023,3,7822236324.0,6972511
2301,madhya pradesh,eoni ,2023,3,15968292728.0,12088394
2302,madhya pradesh,harda ,2023,3,8473264223.0,5635974
2303,madhya pradesh,burhanpur ,2023,3,10093720690.0,7411264
2304,madhya pradesh,amoh ,2023,3,10094505516.0,7428730
2305,madhya pradesh,bhopal ,2023,3,118878887236.0,115364148
2306,madhya pradesh,jhabua ,2023,3,8965357558.0,6153768
2307,madhya pradesh,har ,2023,3,39438706040.0,31420934
2308,madhya pradesh,guna ,2023,3,18710299312.0,15049916
2309,madhya pradesh,east nimar ,2023,3,16532650605.0,13629017
2310,madhya pradesh,hhindwara ,2023,3,28577096911.0,22572958
2311,madhya pradesh,umaria ,2023,3,5330887159.0,4425150
2312,madhya pradesh,mandla ,2023,3,8122756542.0,6018195
2313,madhya pradesh,ndore ,2023,3,181806591343.0,164378809
2314,madhya pradesh,hahdol ,2023,3,13471127760.0,11035025
2315,madhya pradesh,atlam ,2023,3,27308918564.0,18608500
2316,madhya pradesh,panna ,2023,3,7497866710.0,5433608
2317,madhya pradesh,hhatarpur ,2023,3,17723692739.0,13434592
2318,madhya pradesh,morena ,2023,2,23090535110.0,12746595
2319,madhya pradesh,alirajpur ,2023,2,3410365854.0,2044217
2320,madhya pradesh,ehore ,2023,2,28128404111.0,18815311
2321,madhya pradesh,ajgarh ,2023,2,26258964576.0,16220050
2322,madhya pradesh,khargone ,2023,2,25590576015.0,16316176
2323,madhya pradesh,atna ,2023,2,26092732307.0,17480872
2324,madhya pradesh,narsinghpur ,2023,2,13912452183.0,8759675
2325,madhya pradesh,jabalpur ,2023,2,41668633973.0,28848316
2326,madhya pradesh,hoshangabad ,2023,2,20327799783.0,12933700
2327,madhya pradesh,vidisha ,2023,2,20267662231.0,12032535
2328,madhya pradesh,balaghat ,2023,2,20202541461.0,13529037
2329,madhya pradesh,ngrauli ,2023,2,19848155468.0,14469817
2330,madhya pradesh,betul ,2023,2,18471881890.0,13026175
2331,madhya pradesh,hi ,2023,2,12772051930.0,8014311
2332,madhya pradesh,atia ,2023,2,8694596521.0,4835555
2333,madhya pradesh,ewas ,2023,2,33309353948.0,22398163
2334,madhya pradesh,heopur ,2023,2,6096923395.0,3376585
2335,madhya pradesh,neemuch ,2023,2,14553031730.0,8882314
2336,madhya pradesh,aisen ,2023,2,21120817357.0,14772187
2337,madhya pradesh,mandsaur ,2023,2,23263341441.0,14328054
2338,madhya pradesh,barwani ,2023,2,12865387100.0,8733872
2339,madhya pradesh,katni ,2023,2,13841697027.0,9309198
2340,madhya pradesh,ndori ,2023,2,4476124554.0,3150072
2341,madhya pradesh,hivpuri ,2023,2,18804002020.0,11945643
2342,madhya pradesh,gwalior ,2023,2,57528982641.0,37274900
2343,madhya pradesh,anuppur ,2023,2,7274177404.0,5812115
2344,madhya pradesh,agar malwa ,2023,2,10211660013.0,6556962
2345,madhya pradesh,ashoknagar ,2023,2,8531243843.0,5389942
2346,madhya pradesh,agar ,2023,2,28198548692.0,18388702
2347,madhya pradesh,niwari ,2023,2,3194991117.0,2213184
2348,madhya pradesh,ewa ,2023,2,32186209412.0,20065798
2349,madhya pradesh,hajapur ,2023,2,16674703111.0,10590494
2350,madhya pradesh,ujjain ,2023,2,46609017169.0,30837675
2351,madhya pradesh,bhind ,2023,2,16700023853.0,9363112
2352,madhya pradesh,kamgarh ,2023,2,7630069079.0,5829261
2353,madhya pradesh,eoni ,2023,2,17006571666.0,10810911
2354,madhya pradesh,harda ,2023,2,8831497569.0,4972958
2355,madhya pradesh,burhanpur ,2023,2,9294831065.0,6429644
2356,madhya pradesh,amoh ,2023,2,10076429047.0,6240346
2357,madhya pradesh,bhopal ,2023,2,112080830923.0,101329806
2358,madhya pradesh,jhabua ,2023,2,8100602241.0,4953992
2359,madhya pradesh,har ,2023,2,36996250233.0,26679875
2360,madhya pradesh,guna ,2023,2,18248026141.0,12090512
2361,madhya pradesh,east nimar ,2023,2,16128137001.0,11954422
2362,madhya pradesh,hhindwara ,2023,2,28324665903.0,20020454
2363,madhya pradesh,umaria ,2023,2,5326154622.0,4062198
2364,madhya pradesh,mandla ,2023,2,8075464610.0,5342369
2365,madhya pradesh,ndore ,2023,2,167783471243.0,142167846
2366,madhya pradesh,hahdol ,2023,2,13105756249.0,9769820
2367,madhya pradesh,atlam ,2023,2,25581072044.0,15441252
2368,madhya pradesh,panna ,2023,2,8158604151.0,4978175
2369,madhya pradesh,hhatarpur ,2023,2,17514926481.0,11501905
2370,madhya pradesh,morena ,2022,4,12185325528.57468,6018009
2371,madhya pradesh,alirajpur ,2022,4,1714745171.1511986,961033
2372,madhya pradesh,ehore ,2022,4,14782454158.19041,9468901
2373,madhya pradesh,ajgarh ,2022,4,14165273209.469738,8258651
2374,madhya pradesh,khargone ,2022,4,13676102777.080872,7835996
2375,madhya pradesh,atna ,2022,4,14047178840.179514,8834193
2376,madhya pradesh,narsinghpur ,2022,4,7466632025.647694,4307879
2377,madhya pradesh,jabalpur ,2022,4,26637455898.079094,17383664
2378,madhya pradesh,hoshangabad ,2022,4,11236164142.873428,6954459
2379,madhya pradesh,vidisha ,2022,4,9896531672.155006,6070752
2380,madhya pradesh,balaghat ,2022,4,12809279793.519384,8076760
2381,madhya pradesh,ngrauli ,2022,4,10537115299.833103,7130043
2382,madhya pradesh,betul ,2022,4,11204326326.766155,7428219
2383,madhya pradesh,hi ,2022,4,6223057250.970966,3677764
2384,madhya pradesh,atia ,2022,4,4316605275.113314,2235254
2385,madhya pradesh,ewas ,2022,4,18499556126.900196,11710945
2386,madhya pradesh,heopur ,2022,4,3433927096.209929,1791741
2387,madhya pradesh,neemuch ,2022,4,7535010026.308462,4114307
2388,madhya pradesh,aisen ,2022,4,10839929955.46895,7434383
2389,madhya pradesh,mandsaur ,2022,4,12134867749.286808,6753322
2390,madhya pradesh,barwani ,2022,4,6955270056.952803,3994550
2391,madhya pradesh,katni ,2022,4,7335619450.561115,4530405
2392,madhya pradesh,ndori ,2022,4,2439427130.524207,1464948
2393,madhya pradesh,hivpuri ,2022,4,10203335078.756794,5548238
2394,madhya pradesh,gwalior ,2022,4,35102831658.15674,21340912
2395,madhya pradesh,anuppur ,2022,4,3904240202.6273766,2827704
2396,madhya pradesh,agar malwa ,2022,4,5368024680.128058,3109971
2397,madhya pradesh,ashoknagar ,2022,4,4363776046.723473,2556356
2398,madhya pradesh,agar ,2022,4,14230277728.450665,8824474
2399,madhya pradesh,niwari ,2022,4,1659223401.2756696,1048567
2400,madhya pradesh,ewa ,2022,4,16813110581.034155,9898698
2401,madhya pradesh,hajapur ,2022,4,9184560947.622728,5422596
2402,madhya pradesh,ujjain ,2022,4,27113247453.133526,16707523
2403,madhya pradesh,bhind ,2022,4,8166910988.137739,4262493
2404,madhya pradesh,kamgarh ,2022,4,4487136972.452459,3096926
2405,madhya pradesh,eoni ,2022,4,9288422911.516825,5464198
2406,madhya pradesh,harda ,2022,4,4381920376.068309,2367397
2407,madhya pradesh,burhanpur ,2022,4,4916226292.122738,3094726
2408,madhya pradesh,amoh ,2022,4,6776421199.7889805,4223870
2409,madhya pradesh,bhopal ,2022,4,243653886996.0198,190199488
2410,madhya pradesh,jhabua ,2022,4,4405099020.207691,2469392
2411,madhya pradesh,har ,2022,4,20206456864.59485,13287245
2412,madhya pradesh,guna ,2022,4,9802963544.062296,6163569
2413,madhya pradesh,east nimar ,2022,4,8592415791.87511,5770316
2414,madhya pradesh,hhindwara ,2022,4,350638062974.8574,245710341
2415,madhya pradesh,umaria ,2022,4,2842781862.3472924,1954168
2416,madhya pradesh,mandla ,2022,4,4341952191.501655,2538024
2417,madhya pradesh,ndore ,2022,4,210881632372.97565,158576063
2418,madhya pradesh,hahdol ,2022,4,14780956554.066238,10700938
2419,madhya pradesh,atlam ,2022,4,13746333050.618015,7498598
2420,madhya pradesh,panna ,2022,4,3903628822.4956465,2209465
2421,madhya pradesh,hhatarpur ,2022,4,9172166022.913769,5519834
2422,madhya pradesh,morena ,2022,1,9415969484.468203,4279893
2423,madhya pradesh,alirajpur ,2022,1,1361990355.468534,623826
2424,madhya pradesh,ehore ,2022,1,12240349684.93433,7782311
2425,madhya pradesh,ajgarh ,2022,1,11950279299.224901,6852793
2426,madhya pradesh,khargone ,2022,1,11164906516.662949,5882191
2427,madhya pradesh,atna ,2022,1,11201065191.232088,5959975
2428,madhya pradesh,narsinghpur ,2022,1,6660032550.532135,3450508
2429,madhya pradesh,jabalpur ,2022,1,23727705882.803474,14198131
2430,madhya pradesh,hoshangabad ,2022,1,8166487653.562494,4978689
2431,madhya pradesh,vidisha ,2022,1,8192898968.5959835,5048959
2432,madhya pradesh,balaghat ,2022,1,10220279128.068228,5418739
2433,madhya pradesh,ngrauli ,2022,1,9581158761.949295,5324750
2434,madhya pradesh,betul ,2022,1,8585764570.494625,5242599
2435,madhya pradesh,hi ,2022,1,5497384684.101099,2630276
2436,madhya pradesh,atia ,2022,1,3314862682.4707184,1623377
2437,madhya pradesh,ewas ,2022,1,14573666819.387133,8873232
2438,madhya pradesh,heopur ,2022,1,2392801590.284674,1111291
2439,madhya pradesh,neemuch ,2022,1,6045853448.036171,3135245
2440,madhya pradesh,aisen ,2022,1,8576398167.66678,5782830
2441,madhya pradesh,mandsaur ,2022,1,9758545857.562168,5084917
2442,madhya pradesh,barwani ,2022,1,5738889223.990641,2942467
2443,madhya pradesh,katni ,2022,1,6115245027.187626,3425402
2444,madhya pradesh,ndori ,2022,1,2178200710.7588882,1108997
2445,madhya pradesh,hivpuri ,2022,1,8135033650.721508,4407500
2446,madhya pradesh,gwalior ,2022,1,27692015434.858017,15549106
2447,madhya pradesh,anuppur ,2022,1,3701936758.689854,2263667
2448,madhya pradesh,agar malwa ,2022,1,4457490708.999512,2241646
2449,madhya pradesh,ashoknagar ,2022,1,3607089308.100084,2386761
2450,madhya pradesh,agar ,2022,1,11999611899.066282,7000254
2451,madhya pradesh,niwari ,2022,1,1312980782.8749974,698302
2452,madhya pradesh,ewa ,2022,1,13988188476.3059,6925395
2453,madhya pradesh,hajapur ,2022,1,7133632284.901957,4089624
2454,madhya pradesh,ujjain ,2022,1,19317822240.98006,11174270
2455,madhya pradesh,bhind ,2022,1,6627624982.746059,3191338
2456,madhya pradesh,kamgarh ,2022,1,3313722889.524501,2146517
2457,madhya pradesh,eoni ,2022,1,7776610030.837168,4010669
2458,madhya pradesh,harda ,2022,1,3394808512.728143,1854570
2459,madhya pradesh,burhanpur ,2022,1,3860094714.524486,2342461
2460,madhya pradesh,amoh ,2022,1,4151432646.449275,2115948
2461,madhya pradesh,bhopal ,2022,1,221096758835.27954,159892411
2462,madhya pradesh,jhabua ,2022,1,3430325105.6724696,1628225
2463,madhya pradesh,har ,2022,1,16593117838.03894,10117283
2464,madhya pradesh,guna ,2022,1,8067958826.922112,5024607
2465,madhya pradesh,east nimar ,2022,1,6851582451.891875,4170972
2466,madhya pradesh,hhindwara ,2022,1,12667985167.901293,7709009
2467,madhya pradesh,umaria ,2022,1,2646527299.4278584,1518582
2468,madhya pradesh,mandla ,2022,1,3886984726.3384914,1993473
2469,madhya pradesh,ndore ,2022,1,117708333766.98831,82698834
2470,madhya pradesh,hahdol ,2022,1,6515900645.231527,3800096
2471,madhya pradesh,atlam ,2022,1,10989756673.039474,5644515
2472,madhya pradesh,panna ,2022,1,3276953685.5023165,1607145
2473,madhya pradesh,hhatarpur ,2022,1,6802122995.65275,3738480
2474,madhya pradesh,morena ,2022,3,10077083629.345127,5260254
2475,madhya pradesh,alirajpur ,2022,3,1423110710.719847,767087
2476,madhya pradesh,ehore ,2022,3,12815375203.387741,8802203
2477,madhya pradesh,ajgarh ,2022,3,11809230689.454653,7547865
2478,madhya pradesh,khargone ,2022,3,12256623797.284527,7193518
2479,madhya pradesh,atna ,2022,3,11772751753.08955,7465749
2480,madhya pradesh,narsinghpur ,2022,3,6530704889.56838,3985624
2481,madhya pradesh,jabalpur ,2022,3,26204520330.92041,17564654
2482,madhya pradesh,hoshangabad ,2022,3,9029973850.530903,5773164
2483,madhya pradesh,vidisha ,2022,3,8595832933.876108,5548689
2484,madhya pradesh,balaghat ,2022,3,10662410087.017487,6805252
2485,madhya pradesh,ngrauli ,2022,3,9597574837.16592,6267855
2486,madhya pradesh,betul ,2022,3,8284834383.156878,5583345
2487,madhya pradesh,hi ,2022,3,5365370424.195942,3032968
2488,madhya pradesh,atia ,2022,3,3578726247.5874605,1934190
2489,madhya pradesh,ewas ,2022,3,16145007712.632082,10823857
2490,madhya pradesh,heopur ,2022,3,2619892789.241873,1331410
2491,madhya pradesh,neemuch ,2022,3,6541908207.332567,3695990
2492,madhya pradesh,aisen ,2022,3,9432978561.626404,6941557
2493,madhya pradesh,mandsaur ,2022,3,10509305951.083754,6193098
2494,madhya pradesh,barwani ,2022,3,5994532031.315118,3479332
2495,madhya pradesh,katni ,2022,3,6280080299.804432,3880008
2496,madhya pradesh,ndori ,2022,3,2016100616.531231,1181160
2497,madhya pradesh,hivpuri ,2022,3,8579987357.593823,5133457
2498,madhya pradesh,gwalior ,2022,3,31696730031.83982,19510123
2499,madhya pradesh,anuppur ,2022,3,3560176144.36619,2537098
2500,madhya pradesh,agar malwa ,2022,3,4218852627.824485,2657396
2501,madhya pradesh,ashoknagar ,2022,3,3845051824.283202,2594364
2502,madhya pradesh,agar ,2022,3,12730465685.38528,8201733
2503,madhya pradesh,niwari ,2022,3,1400549096.9398146,914896
2504,madhya pradesh,ewa ,2022,3,14504856959.737143,8837903
2505,madhya pradesh,hajapur ,2022,3,8462893132.182105,5487202
2506,madhya pradesh,ujjain ,2022,3,21942517753.50229,14059587
2507,madhya pradesh,bhind ,2022,3,6656264526.9706,3676981
2508,madhya pradesh,kamgarh ,2022,3,3652020627.485542,2630402
2509,madhya pradesh,eoni ,2022,3,7190175893.784561,4334474
2510,madhya pradesh,harda ,2022,3,3559158048.8634205,2013493
2511,madhya pradesh,burhanpur ,2022,3,4327279250.325198,2692224
2512,madhya pradesh,amoh ,2022,3,4251644669.631302,2456188
2513,madhya pradesh,bhopal ,2022,3,194323899841.67703,156507125
2514,madhya pradesh,jhabua ,2022,3,3646257186.5034456,2007872
2515,madhya pradesh,har ,2022,3,18195974455.547993,12392412
2516,madhya pradesh,guna ,2022,3,8417500012.932472,5710607
2517,madhya pradesh,east nimar ,2022,3,7258261928.6512165,4997320
2518,madhya pradesh,hhindwara ,2022,3,236429180484.71173,169367916
2519,madhya pradesh,umaria ,2022,3,2469243169.757383,1635430
2520,madhya pradesh,mandla ,2022,3,3577880638.576026,2093752
2521,madhya pradesh,ndore ,2022,3,181342408308.11453,140075797
2522,madhya pradesh,hahdol ,2022,3,6225386697.111628,4233669
2523,madhya pradesh,atlam ,2022,3,11673995695.080849,6776803
2524,madhya pradesh,panna ,2022,3,3448041867.7722807,1937883
2525,madhya pradesh,hhatarpur ,2022,3,7777910395.649037,4726623
2526,madhya pradesh,morena ,2022,2,11218828460.581436,5052395
2527,madhya pradesh,alirajpur ,2022,2,1643004173.6811128,741722
2528,madhya pradesh,ehore ,2022,2,14417789308.97055,8725327
2529,madhya pradesh,ajgarh ,2022,2,14004886385.46991,7515718
2530,madhya pradesh,khargone ,2022,2,12886714565.725225,6825601
2531,madhya pradesh,atna ,2022,2,13254820017.454891,7167622
2532,madhya pradesh,narsinghpur ,2022,2,7353910042.161524,3861381
2533,madhya pradesh,jabalpur ,2022,2,27629576719.430843,16889784
2534,madhya pradesh,hoshangabad ,2022,2,10053185759.48521,5702721
2535,madhya pradesh,vidisha ,2022,2,10881573343.589922,5835020
2536,madhya pradesh,balaghat ,2022,2,12164206967.630133,6274811
2537,madhya pradesh,ngrauli ,2022,2,10592707869.762318,6061648
2538,madhya pradesh,betul ,2022,2,9738809872.39219,6083125
2539,madhya pradesh,hi ,2022,2,6489160426.120863,3138313
2540,madhya pradesh,atia ,2022,2,4062114579.7836947,1907668
2541,madhya pradesh,ewas ,2022,2,16816037627.773096,9969749
2542,madhya pradesh,heopur ,2022,2,2833575583.8865128,1267204
2543,madhya pradesh,neemuch ,2022,2,6973962580.428488,3622753
2544,madhya pradesh,aisen ,2022,2,10605943196.963034,6595826
2545,madhya pradesh,mandsaur ,2022,2,11272287759.642832,5907841
2546,madhya pradesh,barwani ,2022,2,6470195552.722945,3403189
2547,madhya pradesh,katni ,2022,2,7086294132.447545,3980447
2548,madhya pradesh,ndori ,2022,2,2562152772.8835917,1331068
2549,madhya pradesh,hivpuri ,2022,2,9374775387.935604,4705328
2550,madhya pradesh,gwalior ,2022,2,32093579424.108437,18027874
2551,madhya pradesh,anuppur ,2022,2,4038924201.302706,2527025
2552,madhya pradesh,agar malwa ,2022,2,5033650547.856413,2583387
2553,madhya pradesh,ashoknagar ,2022,2,4430089668.437273,2397073
2554,madhya pradesh,agar ,2022,2,14474214502.894798,8012024
2555,madhya pradesh,niwari ,2022,2,1558193371.0349913,831753
2556,madhya pradesh,ewa ,2022,2,16928268530.619324,8417985
2557,madhya pradesh,hajapur ,2022,2,8239146293.064339,4545672
2558,madhya pradesh,ujjain ,2022,2,22270090166.47255,12860422
2559,madhya pradesh,bhind ,2022,2,8235562332.788057,3840035
2560,madhya pradesh,kamgarh ,2022,2,3986038423.0398536,2479819
2561,madhya pradesh,eoni ,2022,2,8990477923.36728,4641445
2562,madhya pradesh,harda ,2022,2,4545798793.732012,2183160
2563,madhya pradesh,burhanpur ,2022,2,4755072699.682998,2800782
2564,madhya pradesh,amoh ,2022,2,4971009992.101388,2386399
2565,madhya pradesh,bhopal ,2022,2,255910395858.5839,185588829
2566,madhya pradesh,jhabua ,2022,2,4011628948.498212,1902514
2567,madhya pradesh,har ,2022,2,18840900182.771637,11567048
2568,madhya pradesh,guna ,2022,2,10054609603.635632,5462521
2569,madhya pradesh,east nimar ,2022,2,8133437422.023809,4998662
2570,madhya pradesh,hhindwara ,2022,2,14596356954.002365,8962440
2571,madhya pradesh,umaria ,2022,2,2941128214.9999104,1751405
2572,madhya pradesh,mandla ,2022,2,4539173121.680037,2320430
2573,madhya pradesh,ndore ,2022,2,130634964642.79422,94002709
2574,madhya pradesh,hahdol ,2022,2,7197969840.250766,4313966
2575,madhya pradesh,atlam ,2022,2,12568296325.552877,6580216
2576,madhya pradesh,panna ,2022,2,4125136528.0444365,1940092
2577,madhya pradesh,hhatarpur ,2022,2,8534109728.323781,4407881
2578,madhya pradesh,morena ,2020,4,3953477371.0844607,1558956
2579,madhya pradesh,alirajpur ,2020,4,424965978.9104811,218291
2580,madhya pradesh,ehore ,2020,4,6071266571.198605,3633263
2581,madhya pradesh,ajgarh ,2020,4,4772213369.075053,2246137
2582,madhya pradesh,khargone ,2020,4,4494479655.685021,2316421
2583,madhya pradesh,atna ,2020,4,4730850081.038763,2441893
2584,madhya pradesh,narsinghpur ,2020,4,3012480790.481521,1564453
2585,madhya pradesh,jabalpur ,2020,4,9769636688.245636,5245511
2586,madhya pradesh,hoshangabad ,2020,4,3611030904.960101,2019683
2587,madhya pradesh,vidisha ,2020,4,3935091664.6853313,2048942
2588,madhya pradesh,balaghat ,2020,4,4327237253.639404,2264084
2589,madhya pradesh,ngrauli ,2020,4,4532106287.064731,2307583
2590,madhya pradesh,betul ,2020,4,4155886908.7823052,2338983
2591,madhya pradesh,hi ,2020,4,2364979330.568928,1056459
2592,madhya pradesh,atia ,2020,4,1444388557.2025342,610567
2593,madhya pradesh,ewas ,2020,4,6453013619.067839,3659099
2594,madhya pradesh,heopur ,2020,4,952730306.344766,426813
2595,madhya pradesh,neemuch ,2020,4,2294476553.4443235,1138127
2596,madhya pradesh,aisen ,2020,4,3795545559.4399776,2354383
2597,madhya pradesh,mandsaur ,2020,4,3599293908.404353,1702849
2598,madhya pradesh,barwani ,2020,4,1900039062.7421885,942429
2599,madhya pradesh,katni ,2020,4,2477741226.3747687,1313363
2600,madhya pradesh,ndori ,2020,4,1044878188.248591,507945
2601,madhya pradesh,hivpuri ,2020,4,3314285091.4967794,1338636
2602,madhya pradesh,gwalior ,2020,4,12129267094.949297,6115831
2603,madhya pradesh,anuppur ,2020,4,1811583633.9311845,968828
2604,madhya pradesh,agar malwa ,2020,4,1634982482.057491,687422
2605,madhya pradesh,ashoknagar ,2020,4,1488084429.997281,668278
2606,madhya pradesh,agar ,2020,4,5341735254.358236,2882971
2607,madhya pradesh,niwari ,2020,4,587169247.896822,263987
2608,madhya pradesh,ewa ,2020,4,6440539078.097477,3045335
2609,madhya pradesh,hajapur ,2020,4,3122785610.328477,1557727
2610,madhya pradesh,ujjain ,2020,4,7849328204.967745,4280284
2611,madhya pradesh,bhind ,2020,4,3148511019.9693475,1375781
2612,madhya pradesh,kamgarh ,2020,4,1420798584.005221,689996
2613,madhya pradesh,eoni ,2020,4,3105941827.2872486,1518741
2614,madhya pradesh,harda ,2020,4,1358337158.1672018,745011
2615,madhya pradesh,burhanpur ,2020,4,1468116825.198771,835693
2616,madhya pradesh,amoh ,2020,4,1648755982.6143954,795381
2617,madhya pradesh,bhopal ,2020,4,67905952477.88091,38492334
2618,madhya pradesh,jhabua ,2020,4,1047606013.2590923,526191
2619,madhya pradesh,har ,2020,4,6450900581.257767,3833814
2620,madhya pradesh,guna ,2020,4,3557970760.124153,1650908
2621,madhya pradesh,east nimar ,2020,4,2763633316.014061,1569591
2622,madhya pradesh,hhindwara ,2020,4,5890642613.695305,3170211
2623,madhya pradesh,umaria ,2020,4,1162284635.422002,610841
2624,madhya pradesh,mandla ,2020,4,1577936333.7968326,834886
2625,madhya pradesh,ndore ,2020,4,42359214660.836296,25715586
2626,madhya pradesh,hahdol ,2020,4,2800510419.8428364,1463780
2627,madhya pradesh,atlam ,2020,4,4568608001.31349,2168894
2628,madhya pradesh,panna ,2020,4,1391244910.903994,643236
2629,madhya pradesh,hhatarpur ,2020,4,2810603686.0107274,1286133
2630,madhya pradesh,morena ,2020,1,1487773913.3226943,677107
2631,madhya pradesh,alirajpur ,2020,1,139222795.20558116,80878
2632,madhya pradesh,ehore ,2020,1,2672516076.599974,1747508
2633,madhya pradesh,ajgarh ,2020,1,1931180320.955352,1003150
2634,madhya pradesh,khargone ,2020,1,1574505862.423655,881158
2635,madhya pradesh,atna ,2020,1,1784631427.1661167,1054696
2636,madhya pradesh,narsinghpur ,2020,1,1184472226.2186055,688918
2637,madhya pradesh,jabalpur ,2020,1,5963024021.3977585,3486010
2638,madhya pradesh,hoshangabad ,2020,1,1373162855.0037787,828769
2639,madhya pradesh,vidisha ,2020,1,1432345729.8413827,924103
2640,madhya pradesh,balaghat ,2020,1,1537219792.9224663,906061
2641,madhya pradesh,ngrauli ,2020,1,1813855141.3835425,1021478
2642,madhya pradesh,betul ,2020,1,1505930532.973516,945162
2643,madhya pradesh,hi ,2020,1,920320721.1366475,446051
2644,madhya pradesh,atia ,2020,1,526142245.71179307,268264
2645,madhya pradesh,ewas ,2020,1,2464387871.393967,1550696
2646,madhya pradesh,heopur ,2020,1,352706798.3802645,184458
2647,madhya pradesh,neemuch ,2020,1,886080840.6231391,531047
2648,madhya pradesh,aisen ,2020,1,1549085424.333671,1032990
2649,madhya pradesh,mandsaur ,2020,1,1375833119.4837801,807793
2650,madhya pradesh,barwani ,2020,1,604870938.0003757,325006
2651,madhya pradesh,katni ,2020,1,943799882.3973982,556365
2652,madhya pradesh,ndori ,2020,1,396788718.2048433,214866
2653,madhya pradesh,hivpuri ,2020,1,1103063094.0643337,550319
2654,madhya pradesh,gwalior ,2020,1,4742983278.610157,2793829
2655,madhya pradesh,anuppur ,2020,1,724569321.1941388,418000
2656,madhya pradesh,agar malwa ,2020,1,625620488.0107846,311735
2657,madhya pradesh,ashoknagar ,2020,1,528607935.5618244,277647
2658,madhya pradesh,agar ,2020,1,2082416999.9919271,1331074
2659,madhya pradesh,niwari ,2020,1,217310730.4519447,121988
2660,madhya pradesh,ewa ,2020,1,2622020903.5922184,1358528
2661,madhya pradesh,hajapur ,2020,1,1213374763.6922693,669470
2662,madhya pradesh,ujjain ,2020,1,2984071094.5180407,1956388
2663,madhya pradesh,bhind ,2020,1,1134766386.7772534,576145
2664,madhya pradesh,kamgarh ,2020,1,526334043.8341253,303500
2665,madhya pradesh,eoni ,2020,1,1242759290.232771,673872
2666,madhya pradesh,harda ,2020,1,488993407.85521567,286337
2667,madhya pradesh,burhanpur ,2020,1,470435916.82675624,290428
2668,madhya pradesh,amoh ,2020,1,643762443.1742475,356009
2669,madhya pradesh,bhopal ,2020,1,26955303213.752167,18872294
2670,madhya pradesh,jhabua ,2020,1,335602062.4116914,185141
2671,madhya pradesh,har ,2020,1,2336164021.151242,1500274
2672,madhya pradesh,guna ,2020,1,1318350475.4830964,712143
2673,madhya pradesh,east nimar ,2020,1,985252866.00711,631279
2674,madhya pradesh,hhindwara ,2020,1,2660677487.577834,1550995
2675,madhya pradesh,umaria ,2020,1,456166379.53994095,253659
2676,madhya pradesh,mandla ,2020,1,557993549.7228283,346631
2677,madhya pradesh,ndore ,2020,1,30491290764.19948,20249473
2678,madhya pradesh,hahdol ,2020,1,1534787163.9351387,761513
2679,madhya pradesh,atlam ,2020,1,1772832178.3580215,1004214
2680,madhya pradesh,panna ,2020,1,502772844.44764346,272659
2681,madhya pradesh,hhatarpur ,2020,1,1059141076.1447953,588668
2682,madhya pradesh,morena ,2020,3,2513158393.7834206,1099715
2683,madhya pradesh,alirajpur ,2020,3,315733167.6023681,161857
2684,madhya pradesh,ehore ,2020,3,4197137117.0135603,2512141
2685,madhya pradesh,ajgarh ,2020,3,3377561392.8752184,1602252
2686,madhya pradesh,khargone ,2020,3,3022308238.455488,1565121
2687,madhya pradesh,atna ,2020,3,2978185557.314616,1679598
2688,madhya pradesh,narsinghpur ,2020,3,1966793014.8668842,1085273
2689,madhya pradesh,jabalpur ,2020,3,6733555697.65695,3568035
2690,madhya pradesh,hoshangabad ,2020,3,2338006892.4798374,1307021
2691,madhya pradesh,vidisha ,2020,3,2699925269.6631885,1426125
2692,madhya pradesh,balaghat ,2020,3,2772263232.7115154,1530617
2693,madhya pradesh,ngrauli ,2020,3,3159908500.4134684,1641125
2694,madhya pradesh,betul ,2020,3,2736945398.3651123,1615774
2695,madhya pradesh,hi ,2020,3,1582656775.540965,746341
2696,madhya pradesh,atia ,2020,3,971355519.2469969,436118
2697,madhya pradesh,ewas ,2020,3,4394184455.067969,2498225
2698,madhya pradesh,heopur ,2020,3,657392233.1006646,310991
2699,madhya pradesh,neemuch ,2020,3,1532695172.0352588,806043
2700,madhya pradesh,aisen ,2020,3,2628295544.8023915,1624365
2701,madhya pradesh,mandsaur ,2020,3,2435251645.050977,1213750
2702,madhya pradesh,barwani ,2020,3,1216096421.4877262,615021
2703,madhya pradesh,katni ,2020,3,1601344230.3695135,902355
2704,madhya pradesh,ndori ,2020,3,759222383.9067988,362774
2705,madhya pradesh,hivpuri ,2020,3,2176411286.46308,918103
2706,madhya pradesh,gwalior ,2020,3,7817520356.40003,3978884
2707,madhya pradesh,anuppur ,2020,3,1208285677.2640462,664283
2708,madhya pradesh,agar malwa ,2020,3,1136830442.3464022,488774
2709,madhya pradesh,ashoknagar ,2020,3,1045446572.5930719,482485
2710,madhya pradesh,agar ,2020,3,3708622884.307446,2022389
2711,madhya pradesh,niwari ,2020,3,392982412.9041935,193815
2712,madhya pradesh,ewa ,2020,3,3959365505.5119104,2086383
2713,madhya pradesh,hajapur ,2020,3,2192556605.5590897,1095702
2714,madhya pradesh,ujjain ,2020,3,5297389626.97533,2921971
2715,madhya pradesh,bhind ,2020,3,2048190964.4234414,979454
2716,madhya pradesh,kamgarh ,2020,3,959433739.9285225,491496
2717,madhya pradesh,eoni ,2020,3,2089162276.3583918,1053694
2718,madhya pradesh,harda ,2020,3,931935805.3629215,500606
2719,madhya pradesh,burhanpur ,2020,3,1021350623.0124195,572555
2720,madhya pradesh,amoh ,2020,3,1143180966.9786525,570162
2721,madhya pradesh,bhopal ,2020,3,57525605025.512215,29560361
2722,madhya pradesh,jhabua ,2020,3,726655151.9990163,373102
2723,madhya pradesh,har ,2020,3,4260243322.8625326,2527639
2724,madhya pradesh,guna ,2020,3,2443104469.436231,1133377
2725,madhya pradesh,east nimar ,2020,3,1837941946.6685963,1094471
2726,madhya pradesh,hhindwara ,2020,3,3726188140.6403146,2113701
2727,madhya pradesh,umaria ,2020,3,769775751.4985476,421809
2728,madhya pradesh,mandla ,2020,3,1031317389.1257836,574815
2729,madhya pradesh,ndore ,2020,3,31851463020.761208,17544816
2730,madhya pradesh,hahdol ,2020,3,1856954171.3874404,971434
2731,madhya pradesh,atlam ,2020,3,3061414644.969604,1510708
2732,madhya pradesh,panna ,2020,3,957142671.47175,475441
2733,madhya pradesh,hhatarpur ,2020,3,1935232278.0025325,946814
2734,madhya pradesh,morena ,2020,2,2004598751.5638103,979863
2735,madhya pradesh,alirajpur ,2020,2,263806138.89906,155614
2736,madhya pradesh,ehore ,2020,2,3502556848.342663,2007098
2737,madhya pradesh,ajgarh ,2020,2,3068680022.4190836,1370563
2738,madhya pradesh,khargone ,2020,2,2348687630.9505987,1304018
2739,madhya pradesh,atna ,2020,2,2299659062.996543,1279303
2740,madhya pradesh,narsinghpur ,2020,2,1747257364.1219687,937615
2741,madhya pradesh,jabalpur ,2020,2,4127023650.0580335,2318052
2742,madhya pradesh,hoshangabad ,2020,2,1911483431.6098528,1066800
2743,madhya pradesh,vidisha ,2020,2,2114809476.4918907,1117516
2744,madhya pradesh,balaghat ,2020,2,2249262810.331126,1264576
2745,madhya pradesh,ngrauli ,2020,2,2418071609.3089905,1241316
2746,madhya pradesh,betul ,2020,2,2035034813.1244156,1295916
2747,madhya pradesh,hi ,2020,2,1251703559.0171533,594134
2748,madhya pradesh,atia ,2020,2,814911322.7150948,371197
2749,madhya pradesh,ewas ,2020,2,3316587068.9901175,1913320
2750,madhya pradesh,heopur ,2020,2,632810944.0852447,287598
2751,madhya pradesh,neemuch ,2020,2,1070993929.1466343,647097
2752,madhya pradesh,aisen ,2020,2,2158327798.903433,1262637
2753,madhya pradesh,mandsaur ,2020,2,1894387003.6147099,988154
2754,madhya pradesh,barwani ,2020,2,917979409.5245919,504022
2755,madhya pradesh,katni ,2020,2,1227357562.792697,697772
2756,madhya pradesh,ndori ,2020,2,642902838.0419433,294665
2757,madhya pradesh,hivpuri ,2020,2,1802939903.2152252,765616
2758,madhya pradesh,gwalior ,2020,2,4775816368.953523,2624767
2759,madhya pradesh,anuppur ,2020,2,980195492.1188455,528535
2760,madhya pradesh,agar malwa ,2020,2,1029333871.0899696,457894
2761,madhya pradesh,ashoknagar ,2020,2,915854462.0085747,411999
2762,madhya pradesh,agar ,2020,2,2989078262.6091557,1633278
2763,madhya pradesh,niwari ,2020,2,323550911.7835422,163980
2764,madhya pradesh,ewa ,2020,2,3929625254.5108595,1877915
2765,madhya pradesh,hajapur ,2020,2,2009109363.1431725,963692
2766,madhya pradesh,ujjain ,2020,2,3502234253.7629013,2060273
2767,madhya pradesh,bhind ,2020,2,1567302614.122136,860061
2768,madhya pradesh,kamgarh ,2020,2,870779989.0139148,433833
2769,madhya pradesh,eoni ,2020,2,1876111768.6759331,919072
2770,madhya pradesh,harda ,2020,2,923750328.2977577,437409
2771,madhya pradesh,burhanpur ,2020,2,721369190.5894086,448472
2772,madhya pradesh,amoh ,2020,2,957636734.1200182,503111
2773,madhya pradesh,bhopal ,2020,2,27679446324.45678,14074026
2774,madhya pradesh,jhabua ,2020,2,610389566.3608975,345216
2775,madhya pradesh,har ,2020,2,2906918483.5859733,1792207
2776,madhya pradesh,guna ,2020,2,2035955767.9419765,900412
2777,madhya pradesh,east nimar ,2020,2,1549743255.6353426,941821
2778,madhya pradesh,hhindwara ,2020,2,3543387312.8824368,1950309
2779,madhya pradesh,umaria ,2020,2,646825289.7004355,340098
2780,madhya pradesh,mandla ,2020,2,850370429.2975839,480536
2781,madhya pradesh,ndore ,2020,2,28685653051.73161,13320426
2782,madhya pradesh,hahdol ,2020,2,1542516881.0136995,791555
2783,madhya pradesh,atlam ,2020,2,2377066090.0951204,1214400
2784,madhya pradesh,panna ,2020,2,812220357.4162296,411969
2785,madhya pradesh,hhatarpur ,2020,2,1487940663.8813524,788845
2786,madhya pradesh,morena ,2018,4,469203779.68138313,271585
2787,madhya pradesh,alirajpur ,2018,4,45165476.8395529,21963
2788,madhya pradesh,ehore ,2018,4,1051788224.0566217,783146
2789,madhya pradesh,ajgarh ,2018,4,660055204.9792677,347269
2790,madhya pradesh,khargone ,2018,4,547527525.733146,284771
2791,madhya pradesh,atna ,2018,4,591600774.6822348,483123
2792,madhya pradesh,narsinghpur ,2018,4,382951245.1955268,258432
2793,madhya pradesh,jabalpur ,2018,4,1360238729.0313094,866243
2794,madhya pradesh,hoshangabad ,2018,4,514857130.97617257,308911
2795,madhya pradesh,vidisha ,2018,4,483355119.64546156,390739
2796,madhya pradesh,balaghat ,2018,4,461847795.9647552,338581
2797,madhya pradesh,ngrauli ,2018,4,737232794.9451723,419946
2798,madhya pradesh,betul ,2018,4,518818434.8592302,326736
2799,madhya pradesh,hi ,2018,4,332466149.65630496,175484
2800,madhya pradesh,atia ,2018,4,168858427.79693142,122314
2801,madhya pradesh,ewas ,2018,4,821092172.381887,501654
2802,madhya pradesh,heopur ,2018,4,115195832.59578738,61335
2803,madhya pradesh,neemuch ,2018,4,282369348.91748786,174140
2804,madhya pradesh,aisen ,2018,4,524075459.1027199,389796
2805,madhya pradesh,mandsaur ,2018,4,391917400.30971193,277416
2806,madhya pradesh,barwani ,2018,4,180694126.4203164,88949
2807,madhya pradesh,katni ,2018,4,294787947.0215211,193021
2808,madhya pradesh,ndori ,2018,4,158767219.27799407,70932
2809,madhya pradesh,hivpuri ,2018,4,353412369.5445291,378896
2810,madhya pradesh,gwalior ,2018,4,1644666010.3465357,894712
2811,madhya pradesh,anuppur ,2018,4,320615508.68732536,167782
2812,madhya pradesh,agar malwa ,2018,4,260783066.15850568,105886
2813,madhya pradesh,ashoknagar ,2018,4,194613632.92211744,106583
2814,madhya pradesh,agar ,2018,4,742271402.2191862,573261
2815,madhya pradesh,niwari ,2018,4,61816022.29873501,47128
2816,madhya pradesh,ewa ,2018,4,933681137.7141752,588836
2817,madhya pradesh,hajapur ,2018,4,401715212.2091435,247546
2818,madhya pradesh,ujjain ,2018,4,981666410.735889,585638
2819,madhya pradesh,bhind ,2018,4,380235556.0017932,228728
2820,madhya pradesh,kamgarh ,2018,4,194635845.36831838,128946
2821,madhya pradesh,eoni ,2018,4,359435415.4347418,243126
2822,madhya pradesh,harda ,2018,4,192765473.87559044,108428
2823,madhya pradesh,burhanpur ,2018,4,152806391.48599932,88001
2824,madhya pradesh,amoh ,2018,4,223242040.90301567,162192
2825,madhya pradesh,bhopal ,2018,4,6249310700.95542,4226983
2826,madhya pradesh,jhabua ,2018,4,104063289.32665196,58035
2827,madhya pradesh,har ,2018,4,820460181.5187452,536104
2828,madhya pradesh,guna ,2018,4,459379018.8825216,277175
2829,madhya pradesh,east nimar ,2018,4,299011356.48433113,178194
2830,madhya pradesh,hhindwara ,2018,4,608429977.6942707,431596
2831,madhya pradesh,umaria ,2018,4,164082883.5292987,95954
2832,madhya pradesh,mandla ,2018,4,172634998.50982466,91790
2833,madhya pradesh,ndore ,2018,4,5075021922.79704,2826520
2834,madhya pradesh,hahdol ,2018,4,388199322.82241416,209180
2835,madhya pradesh,atlam ,2018,4,582214576.1016406,328469
2836,madhya pradesh,panna ,2018,4,152348677.06109083,106697
2837,madhya pradesh,hhatarpur ,2018,4,337223351.3088259,218683
2838,madhya pradesh,morena ,2018,1,106573744.57901591,107452
2839,madhya pradesh,alirajpur ,2018,1,11011810.083897822,7310
2840,madhya pradesh,ehore ,2018,1,253627459.66805387,262578
2841,madhya pradesh,ajgarh ,2018,1,149723488.76834947,131433
2842,madhya pradesh,khargone ,2018,1,135612637.10380074,108869
2843,madhya pradesh,atna ,2018,1,142054016.78233927,169230
2844,madhya pradesh,narsinghpur ,2018,1,87244331.64517592,116931
2845,madhya pradesh,jabalpur ,2018,1,336129604.08967173,294739
2846,madhya pradesh,hoshangabad ,2018,1,116991872.45728236,121682
2847,madhya pradesh,vidisha ,2018,1,134130249.62969616,152184
2848,madhya pradesh,balaghat ,2018,1,96872703.12182495,99805
2849,madhya pradesh,ngrauli ,2018,1,180771690.58508784,146704
2850,madhya pradesh,betul ,2018,1,120159354.6142154,121719
2851,madhya pradesh,hi ,2018,1,79354632.01562992,61516
2852,madhya pradesh,atia ,2018,1,30601928.396779343,43232
2853,madhya pradesh,ewas ,2018,1,204604018.77963144,187518
2854,madhya pradesh,heopur ,2018,1,23353770.837954573,26051
2855,madhya pradesh,neemuch ,2018,1,64779675.82075251,73718
2856,madhya pradesh,aisen ,2018,1,124143402.5560421,157756
2857,madhya pradesh,mandsaur ,2018,1,82585094.000837,97213
2858,madhya pradesh,barwani ,2018,1,42701906.924564995,31525
2859,madhya pradesh,katni ,2018,1,54955544.75398399,65116
2860,madhya pradesh,ndori ,2018,1,20882302.025467403,19124
2861,madhya pradesh,hivpuri ,2018,1,59453330.49424065,69731
2862,madhya pradesh,gwalior ,2018,1,437805408.20386726,354555
2863,madhya pradesh,anuppur ,2018,1,53676545.83744537,52207
2864,madhya pradesh,agar malwa ,2018,1,90606925.9503863,46312
2865,madhya pradesh,ashoknagar ,2018,1,37659899.30267913,37316
2866,madhya pradesh,agar ,2018,1,158907811.38195506,217079
2867,madhya pradesh,niwari ,2018,1,12106652.783882208,20669
2868,madhya pradesh,ewa ,2018,1,249549304.77768272,210786
2869,madhya pradesh,hajapur ,2018,1,96403911.7122278,100763
2870,madhya pradesh,ujjain ,2018,1,258084907.5951738,223180
2871,madhya pradesh,bhind ,2018,1,79340297.0941518,101429
2872,madhya pradesh,kamgarh ,2018,1,47488844.27677544,53683
2873,madhya pradesh,eoni ,2018,1,68746483.32036975,82748
2874,madhya pradesh,harda ,2018,1,50800702.05670587,43384
2875,madhya pradesh,burhanpur ,2018,1,33868567.81292613,30712
2876,madhya pradesh,amoh ,2018,1,52032411.78231111,69994
2877,madhya pradesh,bhopal ,2018,1,1905473874.832672,1704495
2878,madhya pradesh,jhabua ,2018,1,23988491.443421148,20133
2879,madhya pradesh,har ,2018,1,206440756.11008483,183246
2880,madhya pradesh,guna ,2018,1,81652639.69518772,99030
2881,madhya pradesh,east nimar ,2018,1,82356693.06047082,71864
2882,madhya pradesh,hhindwara ,2018,1,137580364.62210193,169657
2883,madhya pradesh,umaria ,2018,1,31995694.237235516,31009
2884,madhya pradesh,mandla ,2018,1,37490484.59254223,28899
2885,madhya pradesh,ndore ,2018,1,1455149304.9952686,1066784
2886,madhya pradesh,hahdol ,2018,1,84881495.14477745,64833
2887,madhya pradesh,atlam ,2018,1,147489689.59998304,128218
2888,madhya pradesh,panna ,2018,1,27325866.56663143,37817
2889,madhya pradesh,hhatarpur ,2018,1,74380804.92252028,101457
2890,madhya pradesh,morena ,2018,3,314162389.21277374,225109
2891,madhya pradesh,alirajpur ,2018,3,31329484.45765715,14499
2892,madhya pradesh,ehore ,2018,3,813770551.0306485,758026
2893,madhya pradesh,ajgarh ,2018,3,490284208.9358903,264264
2894,madhya pradesh,khargone ,2018,3,367653656.9228988,212212
2895,madhya pradesh,atna ,2018,3,384859967.68634284,336587
2896,madhya pradesh,narsinghpur ,2018,3,345889819.40697944,426854
2897,madhya pradesh,jabalpur ,2018,3,958869249.390048,701227
2898,madhya pradesh,hoshangabad ,2018,3,350613568.04801667,232423
2899,madhya pradesh,vidisha ,2018,3,387577329.34462994,356894
2900,madhya pradesh,balaghat ,2018,3,288749854.0352216,206889
2901,madhya pradesh,ngrauli ,2018,3,484603524.85429597,293194
2902,madhya pradesh,betul ,2018,3,341596958.56045556,255158
2903,madhya pradesh,hi ,2018,3,217219534.02579975,103433
2904,madhya pradesh,atia ,2018,3,111289100.34853539,80900
2905,madhya pradesh,ewas ,2018,3,573244078.7266996,396402
2906,madhya pradesh,heopur ,2018,3,70204603.37693526,47777
2907,madhya pradesh,neemuch ,2018,3,193198515.27127546,118927
2908,madhya pradesh,aisen ,2018,3,347162115.3304596,293648
2909,madhya pradesh,mandsaur ,2018,3,279080875.19769007,191633
2910,madhya pradesh,barwani ,2018,3,129885904.69348633,78050
2911,madhya pradesh,katni ,2018,3,191678963.28104156,135537
2912,madhya pradesh,ndori ,2018,3,104963346.04509656,48720
2913,madhya pradesh,hivpuri ,2018,3,251982372.40395808,247121
2914,madhya pradesh,gwalior ,2018,3,1161920835.789859,726317
2915,madhya pradesh,anuppur ,2018,3,214472109.76509666,134714
2916,madhya pradesh,agar malwa ,2018,3,205469348.73109734,80868
2917,madhya pradesh,ashoknagar ,2018,3,147015385.9868574,111938
2918,madhya pradesh,agar ,2018,3,664927054.0421132,792217
2919,madhya pradesh,niwari ,2018,3,41047174.13133386,29194
2920,madhya pradesh,ewa ,2018,3,685929451.0927081,566062
2921,madhya pradesh,hajapur ,2018,3,298525129.14149654,199572
2922,madhya pradesh,ujjain ,2018,3,721272323.6353652,498756
2923,madhya pradesh,bhind ,2018,3,242565162.35289013,189161
2924,madhya pradesh,kamgarh ,2018,3,134625754.00800335,85323
2925,madhya pradesh,eoni ,2018,3,241275224.7784125,195122
2926,madhya pradesh,harda ,2018,3,144520947.8271768,83258
2927,madhya pradesh,burhanpur ,2018,3,104462490.18066044,70022
2928,madhya pradesh,amoh ,2018,3,151909658.6639632,110626
2929,madhya pradesh,bhopal ,2018,3,4500771533.49004,3157810
2930,madhya pradesh,jhabua ,2018,3,63326929.53735356,38916
2931,madhya pradesh,har ,2018,3,570906796.1316426,425936
2932,madhya pradesh,guna ,2018,3,342644569.4119593,286324
2933,madhya pradesh,east nimar ,2018,3,217800277.66590044,149436
2934,madhya pradesh,hhindwara ,2018,3,412767395.9846499,321934
2935,madhya pradesh,umaria ,2018,3,120215633.0349016,72491
2936,madhya pradesh,mandla ,2018,3,111478477.38170321,56024
2937,madhya pradesh,ndore ,2018,3,3633508421.8101254,2082530
2938,madhya pradesh,hahdol ,2018,3,276738575.9961562,158517
2939,madhya pradesh,atlam ,2018,3,416785369.31813365,278962
2940,madhya pradesh,panna ,2018,3,90293317.93701646,60946
2941,madhya pradesh,hhatarpur ,2018,3,202696886.25763637,138525
2942,madhya pradesh,morena ,2018,2,210264909.09886336,140175
2943,madhya pradesh,alirajpur ,2018,2,21203028.47644373,11022
2944,madhya pradesh,ehore ,2018,2,478416852.5884153,344826
2945,madhya pradesh,ajgarh ,2018,2,323456380.1876123,191089
2946,madhya pradesh,khargone ,2018,2,248645678.44816822,148822
2947,madhya pradesh,atna ,2018,2,270342008.7411064,242463
2948,madhya pradesh,narsinghpur ,2018,2,187137161.82422045,173263
2949,madhya pradesh,jabalpur ,2018,2,584301958.944094,422639
2950,madhya pradesh,hoshangabad ,2018,2,259286994.40054798,160516
2951,madhya pradesh,vidisha ,2018,2,269816199.5111784,206091
2952,madhya pradesh,balaghat ,2018,2,195633852.35640132,143103
2953,madhya pradesh,ngrauli ,2018,2,353747944.2448121,197668
2954,madhya pradesh,betul ,2018,2,221353395.3975936,166350
2955,madhya pradesh,hi ,2018,2,170776755.87162167,85270
2956,madhya pradesh,atia ,2018,2,80851949.8526532,69866
2957,madhya pradesh,ewas ,2018,2,373245353.2305236,237116
2958,madhya pradesh,heopur ,2018,2,56890745.443421535,35135
2959,madhya pradesh,neemuch ,2018,2,126296373.11142942,84147
2960,madhya pradesh,aisen ,2018,2,235343086.37532064,185436
2961,madhya pradesh,mandsaur ,2018,2,177321632.50603038,124845
2962,madhya pradesh,barwani ,2018,2,84341593.30239312,46585
2963,madhya pradesh,katni ,2018,2,125498503.80003998,87813
2964,madhya pradesh,ndori ,2018,2,50389328.11277872,29598
2965,madhya pradesh,hivpuri ,2018,2,123721424.84893346,102351
2966,madhya pradesh,gwalior ,2018,2,768942832.0715544,489851
2967,madhya pradesh,anuppur ,2018,2,128975584.0702453,75195
2968,madhya pradesh,agar malwa ,2018,2,176571578.38007817,68342
2969,madhya pradesh,ashoknagar ,2018,2,89964031.53897266,54242
2970,madhya pradesh,agar ,2018,2,314107092.19693184,267894
2971,madhya pradesh,niwari ,2018,2,24959522.511478625,27058
2972,madhya pradesh,ewa ,2018,2,492363779.31866646,298854
2973,madhya pradesh,hajapur ,2018,2,175288994.9085207,129061
2974,madhya pradesh,ujjain ,2018,2,463505751.4854503,291630
2975,madhya pradesh,bhind ,2018,2,171639410.87180024,126920
2976,madhya pradesh,kamgarh ,2018,2,93783367.76871929,68970
2977,madhya pradesh,eoni ,2018,2,149334604.6554795,112462
2978,madhya pradesh,harda ,2018,2,124597087.15401682,60536
2979,madhya pradesh,burhanpur ,2018,2,71514661.9044576,47282
2980,madhya pradesh,amoh ,2018,2,107757242.71786109,80644
2981,madhya pradesh,bhopal ,2018,2,3162583722.748327,2101870
2982,madhya pradesh,jhabua ,2018,2,41023385.13816187,26063
2983,madhya pradesh,har ,2018,2,351923712.98836184,238497
2984,madhya pradesh,guna ,2018,2,187110752.5424232,168387
2985,madhya pradesh,east nimar ,2018,2,146718815.95123044,99771
2986,madhya pradesh,hhindwara ,2018,2,261719220.92039597,210555
2987,madhya pradesh,umaria ,2018,2,63869947.88495587,41149
2988,madhya pradesh,mandla ,2018,2,73926032.85240582,42090
2989,madhya pradesh,ndore ,2018,2,2404399122.9028625,1375908
2990,madhya pradesh,hahdol ,2018,2,170374864.66123608,92269
2991,madhya pradesh,atlam ,2018,2,265107190.3534137,157631
2992,madhya pradesh,panna ,2018,2,68661778.11171293,55200
2993,madhya pradesh,hhatarpur ,2018,2,145073867.39570677,116892
2994,madhya pradesh,morena ,2024,1,34576422096.0,21342706
2995,madhya pradesh,alirajpur ,2024,1,5237520827.0,3737786
2996,madhya pradesh,ehore ,2024,1,36132913352.0,28913787
2997,madhya pradesh,ajgarh ,2024,1,35609729617.0,26320423
2998,madhya pradesh,khargone ,2024,1,35600404160.0,24912734
2999,madhya pradesh,atna ,2024,1,36127765697.0,27152350
3000,madhya pradesh,narsinghpur ,2024,1,19641450934.0,14159412
3001,madhya pradesh,jabalpur ,2024,1,55510192011.0,42057671
3002,madhya pradesh,hoshangabad ,2024,1,26639019556.0,20554675
3003,madhya pradesh,vidisha ,2024,1,24551050260.0,18793791
3004,madhya pradesh,balaghat ,2024,1,28206558384.0,20049459
3005,madhya pradesh,ngrauli ,2024,1,27791956374.0,22485096
3006,madhya pradesh,betul ,2024,1,24381975010.0,18598029
3007,madhya pradesh,hi ,2024,1,16839528520.0,12221407
3008,madhya pradesh,atia ,2024,1,12265856962.0,8033932
3009,madhya pradesh,ewas ,2024,1,44019661189.0,34366788
3010,madhya pradesh,heopur ,2024,1,8401286688.0,5870026
3011,madhya pradesh,neemuch ,2024,1,20627839930.0,14565762
3012,madhya pradesh,aisen ,2024,1,27255825881.0,23110360
3013,madhya pradesh,mandsaur ,2024,1,34125871319.0,24205089
3014,madhya pradesh,barwani ,2024,1,18631652941.0,13806387
3015,madhya pradesh,katni ,2024,1,19341799367.0,14164210
3016,madhya pradesh,ndori ,2024,1,5969825185.0,4580438
3017,madhya pradesh,hivpuri ,2024,1,26471568182.0,20101662
3018,madhya pradesh,gwalior ,2024,1,78684488623.0,54686084
3019,madhya pradesh,anuppur ,2024,1,10381187429.0,8853567
3020,madhya pradesh,agar malwa ,2024,1,14355476948.0,10971537
3021,madhya pradesh,ashoknagar ,2024,1,11188420280.0,8979678
3022,madhya pradesh,agar ,2024,1,35716144961.0,27826076
3023,madhya pradesh,niwari ,2024,1,4716565192.0,3764664
3024,madhya pradesh,ewa ,2024,1,41102399871.0,28713525
3025,madhya pradesh,hajapur ,2024,1,22565690854.0,16942662
3026,madhya pradesh,ujjain ,2024,1,64203504327.0,48799444
3027,madhya pradesh,bhind ,2024,1,22020520600.0,14269631
3028,madhya pradesh,kamgarh ,2024,1,10705683638.0,10098289
3029,madhya pradesh,eoni ,2024,1,22310395661.0,16007917
3030,madhya pradesh,harda ,2024,1,10489995266.0,7747742
3031,madhya pradesh,burhanpur ,2024,1,13014089613.0,9811704
3032,madhya pradesh,amoh ,2024,1,13276604333.0,9840361
3033,madhya pradesh,bhopal ,2024,1,143777519298.0,140210959
3034,madhya pradesh,jhabua ,2024,1,12826232354.0,8980412
3035,madhya pradesh,har ,2024,1,53215738750.0,43754444
3036,madhya pradesh,guna ,2024,1,24020475932.0,19571013
3037,madhya pradesh,east nimar ,2024,1,21911616944.0,18433165
3038,madhya pradesh,hhindwara ,2024,1,38089759034.0,29154503
3039,madhya pradesh,umaria ,2024,1,7615871948.0,5977505
3040,madhya pradesh,mandla ,2024,1,11435091117.0,8311478
3041,madhya pradesh,ndore ,2024,1,225074399956.0,204031251
3042,madhya pradesh,hahdol ,2024,1,18351669212.0,14580435
3043,madhya pradesh,atlam ,2024,1,36515544993.0,25404766
3044,madhya pradesh,panna ,2024,1,10563330405.0,7744755
3045,madhya pradesh,hhatarpur ,2024,1,23334137883.0,18585067
3046,nagaland,mon ,2021,4,235277660.255216,61436
3047,nagaland,phek ,2021,4,152644732.57078952,44854
3048,nagaland,longleng ,2021,4,59818503.44606339,16341
3049,nagaland,mokokchung ,2021,4,206715301.32699895,64765
3050,nagaland,kiphire ,2021,4,54423239.57357513,16058
3051,nagaland,kohima ,2021,4,1056357839.8615553,413753
3052,nagaland,uensang ,2021,4,148350887.52116236,37106
3053,nagaland,peren ,2021,4,71109896.9994169,22569
3054,nagaland,mapur ,2021,4,2741781159.760858,886146
3055,nagaland,zunheboto ,2021,4,81774057.90065697,25944
3056,nagaland,wokha ,2021,4,130830504.92018619,42511
3057,nagaland,mon ,2021,1,148431447.81181777,43337
3058,nagaland,phek ,2021,1,86311391.9301224,24927
3059,nagaland,longleng ,2021,1,34735822.64446311,12009
3060,nagaland,mokokchung ,2021,1,116937738.43409458,43465
3061,nagaland,kiphire ,2021,1,36122629.67675269,10667
3062,nagaland,kohima ,2021,1,611989486.3557233,209442
3063,nagaland,uensang ,2021,1,84510754.52221692,23643
3064,nagaland,peren ,2021,1,33575965.56407318,12322
3065,nagaland,mapur ,2021,1,1837044748.4900613,550985
3066,nagaland,zunheboto ,2021,1,51849616.04221482,18219
3067,nagaland,wokha ,2021,1,65940883.14165088,26881
3068,nagaland,mon ,2021,3,185806960.82773107,56260
3069,nagaland,phek ,2021,3,116637883.29609635,36963
3070,nagaland,longleng ,2021,3,44639115.38971553,14691
3071,nagaland,mokokchung ,2021,3,170603111.11593843,59456
3072,nagaland,kiphire ,2021,3,52234088.86802093,14042
3073,nagaland,kohima ,2021,3,874957891.8906745,335522
3074,nagaland,uensang ,2021,3,109337195.97725664,30653
3075,nagaland,peren ,2021,3,57076677.27889877,19756
3076,nagaland,mapur ,2021,3,2201388248.147341,727702
3077,nagaland,zunheboto ,2021,3,77798029.09900394,23265
3078,nagaland,wokha ,2021,3,96937646.11476573,38482
3079,nagaland,mon ,2021,2,137641682.97031063,51055
3080,nagaland,phek ,2021,2,98158667.79913512,31478
3081,nagaland,longleng ,2021,2,39521626.841992125,13528
3082,nagaland,mokokchung ,2021,2,152031632.47756845,63952
3083,nagaland,kiphire ,2021,2,43311509.13928214,12223
3084,nagaland,kohima ,2021,2,694940464.6072702,274137
3085,nagaland,uensang ,2021,2,84823658.15124774,27199
3086,nagaland,peren ,2021,2,42645682.011797145,15860
3087,nagaland,mapur ,2021,2,1726249195.1688533,585389
3088,nagaland,zunheboto ,2021,2,54703199.48271288,21747
3089,nagaland,wokha ,2021,2,82266645.13170332,34223
3090,nagaland,mon ,2019,4,52231884.395646855,23615
3091,nagaland,phek ,2019,4,24095426.02126249,11054
3092,nagaland,longleng ,2019,4,7854502.106059718,3517
3093,nagaland,mokokchung ,2019,4,44939725.57083222,21048
3094,nagaland,kiphire ,2019,4,11787954.886359874,5522
3095,nagaland,kohima ,2019,4,160227363.64728707,58317
3096,nagaland,uensang ,2019,4,25427823.369834743,11148
3097,nagaland,peren ,2019,4,10804065.561619181,5148
3098,nagaland,mapur ,2019,4,401874104.2973213,142922
3099,nagaland,zunheboto ,2019,4,73875655.63763416,23374
3100,nagaland,wokha ,2019,4,21418632.85491927,11505
3101,nagaland,mon ,2019,1,32110056.274005987,9694
3102,nagaland,phek ,2019,1,12361140.846022058,5062
3103,nagaland,longleng ,2019,1,2777167.98784134,1593
3104,nagaland,mokokchung ,2019,1,22421067.66638949,11808
3105,nagaland,kiphire ,2019,1,4550857.60564944,2103
3106,nagaland,kohima ,2019,1,93498426.90985829,34373
3107,nagaland,uensang ,2019,1,15964521.798527543,5962
3108,nagaland,peren ,2019,1,6473296.665928305,2689
3109,nagaland,mapur ,2019,1,222202606.82928655,80741
3110,nagaland,zunheboto ,2019,1,16471426.45522037,8860
3111,nagaland,wokha ,2019,1,13111143.37360057,5694
3112,nagaland,mon ,2019,3,36965971.955441214,17134
3113,nagaland,phek ,2019,3,20348950.00705442,8985
3114,nagaland,longleng ,2019,3,5855246.426887816,2839
3115,nagaland,mokokchung ,2019,3,35622564.400276825,17903
3116,nagaland,kiphire ,2019,3,7311019.911698776,4847
3117,nagaland,kohima ,2019,3,133224817.54316024,50183
3118,nagaland,uensang ,2019,3,19613846.131520323,9274
3119,nagaland,peren ,2019,3,8062310.434825074,4277
3120,nagaland,mapur ,2019,3,307103749.65803885,117140
3121,nagaland,zunheboto ,2019,3,60553998.319401294,20054
3122,nagaland,wokha ,2019,3,16293996.925105993,9242
3123,nagaland,mon ,2019,2,30077446.323373545,10564
3124,nagaland,phek ,2019,2,11255799.070045212,5232
3125,nagaland,longleng ,2019,2,3480572.778610671,1530
3126,nagaland,mokokchung ,2019,2,28979287.99164507,11894
3127,nagaland,kiphire ,2019,2,6816990.793895305,2784
3128,nagaland,kohima ,2019,2,102757262.27285326,35959
3129,nagaland,uensang ,2019,2,16464089.793604637,6027
3130,nagaland,peren ,2019,2,6719423.986701602,2715
3131,nagaland,mapur ,2019,2,258070892.01001915,86518
3132,nagaland,zunheboto ,2019,2,43001192.88793166,19752
3133,nagaland,wokha ,2019,2,12443724.249822928,5778
3134,nagaland,mon ,2023,4,534522145.0,184086
3135,nagaland,phek ,2023,4,300478198.0,89602
3136,nagaland,longleng ,2023,4,81311671.0,31126
3137,nagaland,mokokchung ,2023,4,499284713.0,179642
3138,nagaland,kiphire ,2023,4,133852305.0,43057
3139,nagaland,kohima ,2023,4,1542864179.0,598863
3140,nagaland,uensang ,2023,4,326074292.0,99308
3141,nagaland,peren ,2023,4,150905486.0,58212
3142,nagaland,mapur ,2023,4,5574882683.0,2329419
3143,nagaland,zunheboto ,2023,4,159388370.0,57046
3144,nagaland,wokha ,2023,4,371011380.0,126818
3145,nagaland,mon ,2023,1,486405792.0,149869
3146,nagaland,phek ,2023,1,255188847.0,79530
3147,nagaland,longleng ,2023,1,115405751.0,35715
3148,nagaland,mokokchung ,2023,1,452314800.0,145142
3149,nagaland,kiphire ,2023,1,110625247.0,36068
3150,nagaland,kohima ,2023,1,1235284779.0,453911
3151,nagaland,uensang ,2023,1,328452538.0,87808
3152,nagaland,peren ,2023,1,144439545.0,51856
3153,nagaland,mapur ,2023,1,4205042331.0,1475840
3154,nagaland,zunheboto ,2023,1,195487440.0,63639
3155,nagaland,wokha ,2023,1,285750784.0,106192
3156,nagaland,mon ,2023,3,436617847.0,155760
3157,nagaland,phek ,2023,3,314534447.0,85593
3158,nagaland,longleng ,2023,3,74256852.0,27485
3159,nagaland,mokokchung ,2023,3,452152390.0,172504
3160,nagaland,kiphire ,2023,3,132377389.0,43132
3161,nagaland,kohima ,2023,3,1464031784.0,581136
3162,nagaland,uensang ,2023,3,305647868.0,92108
3163,nagaland,peren ,2023,3,142924960.0,51779
3164,nagaland,mapur ,2023,3,4845934563.0,2045117
3165,nagaland,zunheboto ,2023,3,141455383.0,49049
3166,nagaland,wokha ,2023,3,306366190.0,118668
3167,nagaland,mon ,2023,2,410071101.0,133673
3168,nagaland,phek ,2023,2,238420851.0,73829
3169,nagaland,longleng ,2023,2,73921018.0,24806
3170,nagaland,mokokchung ,2023,2,427839496.0,141308
3171,nagaland,kiphire ,2023,2,107432144.0,33949
3172,nagaland,kohima ,2023,2,1346997995.0,501179
3173,nagaland,uensang ,2023,2,274350868.0,76278
3174,nagaland,peren ,2023,2,140403703.0,47839
3175,nagaland,mapur ,2023,2,4577151672.0,1735282
3176,nagaland,zunheboto ,2023,2,140294277.0,46870
3177,nagaland,wokha ,2023,2,284516185.0,106988
3178,nagaland,mon ,2022,4,266072328.12832496,76894
3179,nagaland,phek ,2022,4,150669221.6468988,43589
3180,nagaland,longleng ,2022,4,54513835.00683938,17482
3181,nagaland,mokokchung ,2022,4,280130670.37197715,79409
3182,nagaland,kiphire ,2022,4,66609982.69936785,19928
3183,nagaland,kohima ,2022,4,1086767701.7674205,396318
3184,nagaland,uensang ,2022,4,177953210.26442176,44176
3185,nagaland,peren ,2022,4,76706538.54194441,24353
3186,nagaland,mapur ,2022,4,4411217834.641218,1632985
3187,nagaland,zunheboto ,2022,4,102825390.6874178,29697
3188,nagaland,wokha ,2022,4,296499670.55821544,111374
3189,nagaland,mon ,2022,1,240110588.13301897,66833
3190,nagaland,phek ,2022,1,145342038.73462996,44704
3191,nagaland,longleng ,2022,1,56264190.28859668,17513
3192,nagaland,mokokchung ,2022,1,207590215.00972393,68366
3193,nagaland,kiphire ,2022,1,57722840.11187023,17406
3194,nagaland,kohima ,2022,1,1127446949.5241609,457809
3195,nagaland,uensang ,2022,1,151138444.11246046,40524
3196,nagaland,peren ,2022,1,75586065.95644663,24401
3197,nagaland,mapur ,2022,1,3258683919.8470516,1111352
3198,nagaland,zunheboto ,2022,1,88839937.40705831,28736
3199,nagaland,wokha ,2022,1,136226519.77073425,48308
3200,nagaland,mon ,2022,3,217924271.27222455,68148
3201,nagaland,phek ,2022,3,151822055.76958296,45816
3202,nagaland,longleng ,2022,3,48028740.50388672,15346
3203,nagaland,mokokchung ,2022,3,249065125.49735782,81244
3204,nagaland,kiphire ,2022,3,63372092.9637181,19352
3205,nagaland,kohima ,2022,3,1084969826.96707,390575
3206,nagaland,uensang ,2022,3,158205190.5951551,44657
3207,nagaland,peren ,2022,3,79886712.62073797,24443
3208,nagaland,mapur ,2022,3,3023858206.1614122,1094753
3209,nagaland,zunheboto ,2022,3,94302709.04675612,30504
3210,nagaland,wokha ,2022,3,192965563.65293062,79275
3211,nagaland,mon ,2022,2,223341368.04423907,69381
3212,nagaland,phek ,2022,2,163573534.549313,47255
3213,nagaland,longleng ,2022,2,53281628.24919191,17247
3214,nagaland,mokokchung ,2022,2,244058058.36301708,77214
3215,nagaland,kiphire ,2022,2,71074150.21954788,20492
3216,nagaland,kohima ,2022,2,886866183.2238915,308395
3217,nagaland,uensang ,2022,2,164759286.59289965,45170
3218,nagaland,peren ,2022,2,76072297.54603858,24587
3219,nagaland,mapur ,2022,2,3611270476.50131,1334969
3220,nagaland,zunheboto ,2022,2,100740614.93631895,32898
3221,nagaland,wokha ,2022,2,145247750.7945045,53721
3222,nagaland,mon ,2020,4,149055802.79705113,51806
3223,nagaland,phek ,2020,4,75169716.47521709,28612
3224,nagaland,longleng ,2020,4,34760738.476595946,13202
3225,nagaland,mokokchung ,2020,4,129158623.72713925,48813
3226,nagaland,kiphire ,2020,4,38345433.69615828,12945
3227,nagaland,kohima ,2020,4,528950655.29797715,168861
3228,nagaland,uensang ,2020,4,92512403.56008914,29583
3229,nagaland,peren ,2020,4,37707510.79640248,14947
3230,nagaland,mapur ,2020,4,1549414048.2654047,422501
3231,nagaland,zunheboto ,2020,4,60794471.32764541,23475
3232,nagaland,wokha ,2020,4,77215466.14300685,33080
3233,nagaland,mon ,2020,1,56777615.99405684,28668
3234,nagaland,phek ,2020,1,24135509.70029243,13124
3235,nagaland,longleng ,2020,1,8570430.18028273,4576
3236,nagaland,mokokchung ,2020,1,46458137.86198041,22949
3237,nagaland,kiphire ,2020,1,15127296.52352846,8571
3238,nagaland,kohima ,2020,1,160485650.56697804,68246
3239,nagaland,uensang ,2020,1,29281215.251009904,13234
3240,nagaland,peren ,2020,1,10449509.21674379,6691
3241,nagaland,mapur ,2020,1,497123725.474146,185428
3242,nagaland,zunheboto ,2020,1,23929943.338847376,12812
3243,nagaland,wokha ,2020,1,22440994.626501698,13752
3244,nagaland,mon ,2020,3,85955858.55902226,53050
3245,nagaland,phek ,2020,3,53114140.440056756,26004
3246,nagaland,longleng ,2020,3,19598582.179873697,10017
3247,nagaland,mokokchung ,2020,3,83590575.72604279,43164
3248,nagaland,kiphire ,2020,3,29101447.582055062,12462
3249,nagaland,kohima ,2020,3,438659891.11601055,149404
3250,nagaland,uensang ,2020,3,59266466.87175438,25719
3251,nagaland,peren ,2020,3,25258376.20171611,13958
3252,nagaland,mapur ,2020,3,1122771447.128912,352179
3253,nagaland,zunheboto ,2020,3,44845371.93193043,21556
3254,nagaland,wokha ,2020,3,47486985.41741961,28806
3255,nagaland,mon ,2020,2,72681549.71193531,42193
3256,nagaland,phek ,2020,2,39562622.89144808,21862
3257,nagaland,longleng ,2020,2,14490014.337710015,8262
3258,nagaland,mokokchung ,2020,2,59551064.18105075,34034
3259,nagaland,kiphire ,2020,2,21770604.465474278,11097
3260,nagaland,kohima ,2020,2,235056409.18486094,98852
3261,nagaland,uensang ,2020,2,47286166.881044514,19823
3262,nagaland,peren ,2020,2,17709802.025017656,11337
3263,nagaland,mapur ,2020,2,564581175.022531,232533
3264,nagaland,zunheboto ,2020,2,34250745.54624535,18146
3265,nagaland,wokha ,2020,2,30734350.100484923,19427
3266,nagaland,mon ,2018,4,25315124.34343365,7966
3267,nagaland,phek ,2018,4,6547794.25416629,3615
3268,nagaland,longleng ,2018,4,1946732.363531557,907
3269,nagaland,mokokchung ,2018,4,21026422.570598673,10673
3270,nagaland,kiphire ,2018,4,3577703.4535531667,2008
3271,nagaland,kohima ,2018,4,84867917.08908927,28604
3272,nagaland,uensang ,2018,4,14443409.698866291,5518
3273,nagaland,peren ,2018,4,6712394.6749083325,2071
3274,nagaland,mapur ,2018,4,202172094.6763664,68046
3275,nagaland,zunheboto ,2018,4,12449027.885359714,4966
3276,nagaland,wokha ,2018,4,8954846.535749527,4959
3277,nagaland,mon ,2018,1,2962723.1216541342,1851
3278,nagaland,phek ,2018,1,1347986.0495203384,1397
3279,nagaland,longleng ,2018,1,547262.5934366982,605
3280,nagaland,mokokchung ,2018,1,5653655.116717219,3428
3281,nagaland,kiphire ,2018,1,558831.611179116,255
3282,nagaland,kohima ,2018,1,20744033.408631545,11070
3283,nagaland,uensang ,2018,1,2939509.973736079,1861
3284,nagaland,peren ,2018,1,1228042.9089448638,587
3285,nagaland,mapur ,2018,1,38330087.582417,18449
3286,nagaland,zunheboto ,2018,1,1750900.6459182375,1700
3287,nagaland,wokha ,2018,1,1942858.0739698592,1642
3288,nagaland,mon ,2018,3,10680645.611665618,4368
3289,nagaland,phek ,2018,3,4193127.0654867776,2951
3290,nagaland,longleng ,2018,3,941537.1576544917,529
3291,nagaland,mokokchung ,2018,3,14438372.118668642,7245
3292,nagaland,kiphire ,2018,3,1911400.518954896,1527
3293,nagaland,kohima ,2018,3,62621606.402096175,20678
3294,nagaland,uensang ,2018,3,8672814.868232306,4657
3295,nagaland,peren ,2018,3,3565504.3902161866,1349
3296,nagaland,mapur ,2018,3,122676685.88107637,44383
3297,nagaland,zunheboto ,2018,3,6042931.988762021,3370
3298,nagaland,wokha ,2018,3,6048116.93383928,3314
3299,nagaland,mon ,2018,2,5592193.661835907,2652
3300,nagaland,phek ,2018,2,3265939.4166390533,2058
3301,nagaland,longleng ,2018,2,606015.5837374015,526
3302,nagaland,mokokchung ,2018,2,6880664.952623585,4472
3303,nagaland,kiphire ,2018,2,1392292.112173449,497
3304,nagaland,kohima ,2018,2,41958069.334260106,14759
3305,nagaland,uensang ,2018,2,5272196.387110953,2914
3306,nagaland,peren ,2018,2,3132544.259220087,1151
3307,nagaland,mapur ,2018,2,78472133.75014433,31758
3308,nagaland,zunheboto ,2018,2,3800720.2210925473,1961
3309,nagaland,wokha ,2018,2,2952808.201464099,2851
3310,nagaland,mon ,2024,1,571806085.0,212156
3311,nagaland,phek ,2024,1,285196497.0,95926
3312,nagaland,longleng ,2024,1,83932274.0,32768
3313,nagaland,mokokchung ,2024,1,482847127.0,196984
3314,nagaland,kiphire ,2024,1,138530165.0,48091
3315,nagaland,kohima ,2024,1,1529857847.0,649304
3316,nagaland,uensang ,2024,1,306584443.0,101819
3317,nagaland,peren ,2024,1,163201420.0,65138
3318,nagaland,mapur ,2024,1,5920507875.0,2650169
3319,nagaland,zunheboto ,2024,1,174424546.0,63345
3320,nagaland,wokha ,2024,1,388027029.0,143224
3321,goa,north goa ,2021,4,13467044827.548834,7808548
3322,goa,outh goa ,2021,4,5160212288.32082,3280211
3323,goa,north goa ,2021,1,7119400649.563016,3797921
3324,goa,outh goa ,2021,1,2637842229.458396,1533628
3325,goa,north goa ,2021,3,7042155411.60932,4282602
3326,goa,outh goa ,2021,3,3436270181.327051,2185161
3327,goa,north goa ,2021,2,5391453884.873638,3083639
3328,goa,outh goa ,2021,2,2621399702.202361,1626496
3329,goa,north goa ,2019,4,1963621433.5422535,980231
3330,goa,outh goa ,2019,4,959838914.9572154,535041
3331,goa,north goa ,2019,1,940864352.317215,441807
3332,goa,outh goa ,2019,1,534459044.9593618,297005
3333,goa,north goa ,2019,3,1293013307.2683113,673971
3334,goa,outh goa ,2019,3,707353884.2285295,418445
3335,goa,north goa ,2019,2,1020834861.8525429,470250
3336,goa,outh goa ,2019,2,571032241.535074,298191
3337,goa,north goa ,2023,4,30910872042.0,22361742
3338,goa,outh goa ,2023,4,13376799515.0,11099236
3339,goa,north goa ,2023,1,24505420924.0,16251833
3340,goa,outh goa ,2023,1,10591544851.0,7943237
3341,goa,north goa ,2023,3,25828843826.0,17670660
3342,goa,outh goa ,2023,3,11546336148.0,9329068
3343,goa,north goa ,2023,2,27042471683.0,17849215
3344,goa,outh goa ,2023,2,11369735260.0,8681375
3345,goa,north goa ,2022,4,17268434371.99816,11455490
3346,goa,outh goa ,2022,4,7656551999.340998,5737184
3347,goa,north goa ,2022,1,14075639843.882044,8513573
3348,goa,outh goa ,2022,1,5740805558.964066,3700525
3349,goa,north goa ,2022,3,13076925808.314318,8310698
3350,goa,outh goa ,2022,3,6497339467.392014,4877989
3351,goa,north goa ,2022,2,16484842033.028082,9999773
3352,goa,outh goa ,2022,2,6388195726.492123,4216281
3353,goa,north goa ,2020,4,4712001378.742861,2504378
3354,goa,outh goa ,2020,4,2187791368.8370767,1297003
3355,goa,north goa ,2020,1,2374507200.865538,1277387
3356,goa,outh goa ,2020,1,1035864031.0582265,603850
3357,goa,north goa ,2020,3,2087621922.6831622,1165122
3358,goa,outh goa ,2020,3,1280721658.2614956,750409
3359,goa,north goa ,2020,2,1294651809.391935,883695
3360,goa,outh goa ,2020,2,888964620.6248364,598397
3361,goa,north goa ,2018,4,714879898.599603,305380
3362,goa,outh goa ,2018,4,438125180.3228017,209375
3363,goa,north goa ,2018,1,187108291.98525044,95114
3364,goa,outh goa ,2018,1,116748450.35783319,65783
3365,goa,north goa ,2018,3,421264288.45388794,194726
3366,goa,outh goa ,2018,3,291902680.78434587,144785
3367,goa,north goa ,2018,2,290814882.3594384,133429
3368,goa,outh goa ,2018,2,187788942.99917686,96146
3369,goa,north goa ,2024,1,31496489512.0,23254271
3370,goa,outh goa ,2024,1,13855410748.0,11759716
3371,dadra & nagar haveli & daman & diu,u ,2021,4,206127240.56872407,88402
3372,dadra & nagar haveli & daman & diu,aman ,2021,4,1895788566.3308911,1417153
3373,dadra & nagar haveli & daman & diu,adra and nagar haveli ,2021,4,3463923579.4310455,2651530
3374,dadra & nagar haveli & daman & diu,u ,2021,1,96420384.49176355,42608
3375,dadra & nagar haveli & daman & diu,aman ,2021,1,1043765962.724646,664208
3376,dadra & nagar haveli & daman & diu,adra and nagar haveli ,2021,1,1825446563.9770947,1218428
3377,dadra & nagar haveli & daman & diu,u ,2021,3,157454301.2533474,66259
3378,dadra & nagar haveli & daman & diu,aman ,2021,3,1475259765.304812,1083689
3379,dadra & nagar haveli & daman & diu,adra and nagar haveli ,2021,3,2673225036.2333474,1979522
3380,dadra & nagar haveli & daman & diu,u ,2021,2,101909220.66644716,41014
3381,dadra & nagar haveli & daman & diu,aman ,2021,2,1074079574.2247202,733176
3382,dadra & nagar haveli & daman & diu,adra and nagar haveli ,2021,2,1981679666.5277362,1350893
3383,dadra & nagar haveli & daman & diu,u ,2019,4,46692370.12824968,21474
3384,dadra & nagar haveli & daman & diu,aman ,2019,4,443588793.8632827,282085
3385,dadra & nagar haveli & daman & diu,adra and nagar haveli ,2019,4,736360098.0195075,465412
3386,dadra & nagar haveli & daman & diu,u ,2019,1,21939140.020587962,16037
3387,dadra & nagar haveli & daman & diu,aman ,2019,1,315877185.5307482,259564
3388,dadra & nagar haveli & daman & diu,adra and nagar haveli ,2019,1,505553450.4985651,386213
3389,dadra & nagar haveli & daman & diu,u ,2019,3,32940133.54162597,17203
3390,dadra & nagar haveli & daman & diu,aman ,2019,3,348909463.4581386,235860
3391,dadra & nagar haveli & daman & diu,adra and nagar haveli ,2019,3,579621876.8486074,385688
3392,dadra & nagar haveli & daman & diu,u ,2019,2,55383383.84612378,29130
3393,dadra & nagar haveli & daman & diu,aman ,2019,2,303607607.8232254,183953
3394,dadra & nagar haveli & daman & diu,adra and nagar haveli ,2019,2,465450284.8957217,276573
3395,dadra & nagar haveli & daman & diu,u ,2023,4,577621411.0,359283
3396,dadra & nagar haveli & daman & diu,aman ,2023,4,5634486680.0,6098731
3397,dadra & nagar haveli & daman & diu,adra and nagar haveli ,2023,4,11345951876.0,11844359
3398,dadra & nagar haveli & daman & diu,u ,2023,1,426544984.0,239195
3399,dadra & nagar haveli & daman & diu,aman ,2023,1,4064735362.0,3864652
3400,dadra & nagar haveli & daman & diu,adra and nagar haveli ,2023,1,8122810854.0,7700138
3401,dadra & nagar haveli & daman & diu,u ,2023,3,495019988.0,283918
3402,dadra & nagar haveli & daman & diu,aman ,2023,3,4764484942.0,5114536
3403,dadra & nagar haveli & daman & diu,adra and nagar haveli ,2023,3,9836561533.0,9971874
3404,dadra & nagar haveli & daman & diu,u ,2023,2,511140210.0,277405
3405,dadra & nagar haveli & daman & diu,aman ,2023,2,4407940658.0,4408947
3406,dadra & nagar haveli & daman & diu,adra and nagar haveli ,2023,2,8831457320.0,8670763
3407,dadra & nagar haveli & daman & diu,u ,2022,4,296319509.67041874,154870
3408,dadra & nagar haveli & daman & diu,aman ,2022,4,2629286286.284037,2344860
3409,dadra & nagar haveli & daman & diu,adra and nagar haveli ,2022,4,5134034950.126673,4689855
3410,dadra & nagar haveli & daman & diu,u ,2022,1,213403088.016084,94833
3411,dadra & nagar haveli & daman & diu,aman ,2022,1,2068807150.1986508,1629797
3412,dadra & nagar haveli & daman & diu,adra and nagar haveli ,2022,1,3954838129.047655,3078173
3413,dadra & nagar haveli & daman & diu,u ,2022,3,279739481.9642375,148559
3414,dadra & nagar haveli & daman & diu,aman ,2022,3,2638822275.269265,2317701
3415,dadra & nagar haveli & daman & diu,adra and nagar haveli ,2022,3,4602085602.265934,3999361
3416,dadra & nagar haveli & daman & diu,u ,2022,2,288821560.5151377,130835
3417,dadra & nagar haveli & daman & diu,aman ,2022,2,2321672075.29422,1923407
3418,dadra & nagar haveli & daman & diu,adra and nagar haveli ,2022,2,4384666145.001484,3705529
3419,dadra & nagar haveli & daman & diu,u ,2020,4,95658202.77082603,41821
3420,dadra & nagar haveli & daman & diu,aman ,2020,4,921372876.4402872,596994
3421,dadra & nagar haveli & daman & diu,adra and nagar haveli ,2020,4,1683480021.6173902,1178976
3422,dadra & nagar haveli & daman & diu,u ,2020,1,46606086.663000636,23966
3423,dadra & nagar haveli & daman & diu,aman ,2020,1,482278970.2611342,318808
3424,dadra & nagar haveli & daman & diu,adra and nagar haveli ,2020,1,813878312.368383,535805
3425,dadra & nagar haveli & daman & diu,u ,2020,3,51864159.697919816,26588
3426,dadra & nagar haveli & daman & diu,aman ,2020,3,584809492.9126782,376291
3427,dadra & nagar haveli & daman & diu,adra and nagar haveli ,2020,3,1113115462.3887653,735433
3428,dadra & nagar haveli & daman & diu,u ,2020,2,42875002.19781082,23866
3429,dadra & nagar haveli & daman & diu,aman ,2020,2,440492998.5695746,342171
3430,dadra & nagar haveli & daman & diu,adra and nagar haveli ,2020,2,819008453.120671,607115
3431,dadra & nagar haveli & daman & diu,u ,2018,4,19252174.323347375,9502
3432,dadra & nagar haveli & daman & diu,aman ,2018,4,240064159.06029302,147005
3433,dadra & nagar haveli & daman & diu,adra and nagar haveli ,2018,4,399434283.41724634,247575
3434,dadra & nagar haveli & daman & diu,u ,2018,1,6434481.929188873,5593
3435,dadra & nagar haveli & daman & diu,aman ,2018,1,63416803.35332493,50218
3436,dadra & nagar haveli & daman & diu,adra and nagar haveli ,2018,1,105807098.82670306,92738
3437,dadra & nagar haveli & daman & diu,u ,2018,3,13784358.656098008,7087
3438,dadra & nagar haveli & daman & diu,aman ,2018,3,160593811.80795714,104637
3439,dadra & nagar haveli & daman & diu,adra and nagar haveli ,2018,3,273261425.21412045,177851
3440,dadra & nagar haveli & daman & diu,u ,2018,2,10736607.177110624,6279
3441,dadra & nagar haveli & daman & diu,aman ,2018,2,104407321.93224815,67705
3442,dadra & nagar haveli & daman & diu,adra and nagar haveli ,2018,2,186926842.5467928,128642
3443,dadra & nagar haveli & daman & diu,u ,2024,1,557653496.0,369770
3444,dadra & nagar haveli & daman & diu,aman ,2024,1,6342510012.0,7109711
3445,dadra & nagar haveli & daman & diu,adra and nagar haveli ,2024,1,12619032817.0,13635528
3446,west bengal,outh twenty four parganas ,2021,4,22549554717.599293,9996197
3447,west bengal,purba bardhaman ,2021,4,12502355839.729364,5875181
3448,west bengal,uttar dinajpur ,2021,4,9386596414.578365,3663606
3449,west bengal,kalimpong ,2021,4,654843267.2530651,258216
3450,west bengal,murshidabad ,2021,4,33656929004.291054,13422646
3451,west bengal,paschim medinipur ,2021,4,16639425790.500774,7894026
3452,west bengal,akshin dinajpur ,2021,4,3473769418.4108477,1638791
3453,west bengal,jalpaiguri ,2021,4,5224962233.676089,2342634
3454,west bengal,purulia ,2021,4,4839481916.635239,3135514
3455,west bengal,north twenty four parganas ,2021,4,51407780867.2138,28006815
3456,west bengal,bankura ,2021,4,7411233892.35178,4383302
3457,west bengal,jhargram ,2021,4,1845872331.5088463,1008297
3458,west bengal,howrah ,2021,4,36416694059.9693,20261475
3459,west bengal,hooghly ,2021,4,18914851063.97778,9342381
3460,west bengal,kolkata ,2021,4,131156784692.10446,65708533
3461,west bengal,koch bihar ,2021,4,6820617550.450257,3183823
3462,west bengal,alipurduar ,2021,4,3837703804.434596,1679994
3463,west bengal,paschim bardhaman ,2021,4,15264204423.795567,8475007
3464,west bengal,nadia ,2021,4,19373295943.91859,8591598
3465,west bengal,birbhum ,2021,4,8961590629.524475,4352535
3466,west bengal,purba medinipur ,2021,4,23874294119.021553,9886889
3467,west bengal,maldah ,2021,4,16323385094.13332,6753992
3468,west bengal,arjiling ,2021,4,11681810187.018759,5168108
3469,west bengal,outh twenty four parganas ,2021,1,12117504304.189785,5599480
3470,west bengal,purba bardhaman ,2021,1,6629023081.432125,3332419
3471,west bengal,uttar dinajpur ,2021,1,4658610030.56789,1706867
3472,west bengal,kalimpong ,2021,1,304298077.8011435,126774
3473,west bengal,murshidabad ,2021,1,16548543048.894,6771948
3474,west bengal,paschim medinipur ,2021,1,8823590467.006695,4172851
3475,west bengal,akshin dinajpur ,2021,1,1850147285.0761428,870615
3476,west bengal,jalpaiguri ,2021,1,2759371175.6936426,1155903
3477,west bengal,purulia ,2021,1,2471960440.649763,1624755
3478,west bengal,north twenty four parganas ,2021,1,27895823531.579113,15695125
3479,west bengal,bankura ,2021,1,4094039523.9611278,2760457
3480,west bengal,jhargram ,2021,1,1013708476.7789638,563523
3481,west bengal,howrah ,2021,1,19433078118.20204,9971593
3482,west bengal,hooghly ,2021,1,10168468111.111834,5418241
3483,west bengal,kolkata ,2021,1,67772051033.458176,33156725
3484,west bengal,koch bihar ,2021,1,3346773579.067724,1491071
3485,west bengal,alipurduar ,2021,1,1958197907.4983711,822327
3486,west bengal,paschim bardhaman ,2021,1,7560655964.1510105,4191623
3487,west bengal,nadia ,2021,1,9862089010.152363,4539314
3488,west bengal,birbhum ,2021,1,4665715871.473248,2403840
3489,west bengal,purba medinipur ,2021,1,12827859644.822784,5365020
3490,west bengal,maldah ,2021,1,8406012410.967968,3227147
3491,west bengal,arjiling ,2021,1,7769686380.986313,3286434
3492,west bengal,outh twenty four parganas ,2021,3,17003261364.446451,8148035
3493,west bengal,purba bardhaman ,2021,3,9701089785.313658,4895497
3494,west bengal,uttar dinajpur ,2021,3,7139308290.0050125,2833025
3495,west bengal,kalimpong ,2021,3,465676038.53915656,195057
3496,west bengal,murshidabad ,2021,3,25748905389.537254,10931440
3497,west bengal,paschim medinipur ,2021,3,12581282827.778063,6258901
3498,west bengal,akshin dinajpur ,2021,3,2627951633.9636664,1272971
3499,west bengal,jalpaiguri ,2021,3,3994414459.2942305,1847997
3500,west bengal,purulia ,2021,3,3554644332.9978147,2421483
3501,west bengal,north twenty four parganas ,2021,3,40621221621.04847,22393657
3502,west bengal,bankura ,2021,3,5714486936.043903,3741684
3503,west bengal,jhargram ,2021,3,1427733005.9466476,818355
3504,west bengal,howrah ,2021,3,27653090450.955425,15377518
3505,west bengal,hooghly ,2021,3,14865078300.051212,7784199
3506,west bengal,kolkata ,2021,3,108533947842.03369,55166796
3507,west bengal,koch bihar ,2021,3,5057670482.625468,2404892
3508,west bengal,alipurduar ,2021,3,2737500631.928809,1263252
3509,west bengal,paschim bardhaman ,2021,3,11454626096.903252,6486598
3510,west bengal,nadia ,2021,3,15091309342.981659,6912466
3511,west bengal,birbhum ,2021,3,6590455614.729217,3540954
3512,west bengal,purba medinipur ,2021,3,18432252642.503994,7833998
3513,west bengal,maldah ,2021,3,12609978452.38233,5226024
3514,west bengal,arjiling ,2021,3,8851180714.502821,3958189
3515,west bengal,outh twenty four parganas ,2021,2,13398529483.673187,6661813
3516,west bengal,purba bardhaman ,2021,2,7572502416.238684,3920729
3517,west bengal,uttar dinajpur ,2021,2,5564220751.049259,2253385
3518,west bengal,kalimpong ,2021,2,340481312.8783516,158257
3519,west bengal,murshidabad ,2021,2,19996935608.243374,8602251
3520,west bengal,paschim medinipur ,2021,2,10303513378.79989,5051834
3521,west bengal,akshin dinajpur ,2021,2,2122254125.665434,1056135
3522,west bengal,jalpaiguri ,2021,2,3074506540.24375,1434640
3523,west bengal,purulia ,2021,2,2790996372.0372777,1895981
3524,west bengal,north twenty four parganas ,2021,2,30414821772.928673,17258291
3525,west bengal,bankura ,2021,2,4611070512.295103,2915786
3526,west bengal,jhargram ,2021,2,1117615385.2981439,656024
3527,west bengal,howrah ,2021,2,22440665027.606167,12238810
3528,west bengal,hooghly ,2021,2,11614334146.67925,6360194
3529,west bengal,kolkata ,2021,2,80954850438.57187,41726247
3530,west bengal,koch bihar ,2021,2,3960247167.469792,1946827
3531,west bengal,alipurduar ,2021,2,2144339264.9745913,1015282
3532,west bengal,paschim bardhaman ,2021,2,8731262893.729904,4893774
3533,west bengal,nadia ,2021,2,11227582723.377321,5524174
3534,west bengal,birbhum ,2021,2,5158503519.465005,2739774
3535,west bengal,purba medinipur ,2021,2,15155067721.273426,6418522
3536,west bengal,maldah ,2021,2,9929838049.329655,4093606
3537,west bengal,arjiling ,2021,2,6810672446.735575,3075101
3538,west bengal,outh twenty four parganas ,2019,4,3615715409.1951017,3461338
3539,west bengal,purba bardhaman ,2019,4,6518176227.12306,9422447
3540,west bengal,uttar dinajpur ,2019,4,1239736206.54556,912512
3541,west bengal,kalimpong ,2019,4,97391976.28005514,48119
3542,west bengal,murshidabad ,2019,4,4214583776.974844,5467828
3543,west bengal,paschim medinipur ,2019,4,2924786112.5345197,4095923
3544,west bengal,akshin dinajpur ,2019,4,611801422.234447,928554
3545,west bengal,jalpaiguri ,2019,4,904007823.4554143,570982
3546,west bengal,purulia ,2019,4,991578052.4253972,2976215
3547,west bengal,north twenty four parganas ,2019,4,10930067930.509941,10387653
3548,west bengal,bankura ,2019,4,1977857278.9550972,6055533
3549,west bengal,jhargram ,2019,4,299479223.67942506,580248
3550,west bengal,howrah ,2019,4,3203293592.3727775,2742810
3551,west bengal,hooghly ,2019,4,3763712816.9060802,4540564
3552,west bengal,kolkata ,2019,4,26475748918.32508,21917627
3553,west bengal,koch bihar ,2019,4,1048679049.7796855,727438
3554,west bengal,alipurduar ,2019,4,612361611.1269797,338336
3555,west bengal,paschim bardhaman ,2019,4,4100414909.372712,5025410
3556,west bengal,nadia ,2019,4,3180344894.5931797,3838756
3557,west bengal,birbhum ,2019,4,1949145295.0043097,4269094
3558,west bengal,purba medinipur ,2019,4,3949509409.870963,3988434
3559,west bengal,maldah ,2019,4,2911322901.3592367,2391313
3560,west bengal,arjiling ,2019,4,2683895416.0233145,2118704
3561,west bengal,outh twenty four parganas ,2019,1,2207352520.7777843,2381496
3562,west bengal,purba bardhaman ,2019,1,2102277082.1985483,2576757
3563,west bengal,uttar dinajpur ,2019,1,767180236.7509651,591162
3564,west bengal,kalimpong ,2019,1,50702402.103605494,25274
3565,west bengal,murshidabad ,2019,1,2435341320.8521204,2701331
3566,west bengal,paschim medinipur ,2019,1,1976806857.544343,2056170
3567,west bengal,akshin dinajpur ,2019,1,359433643.3864198,430789
3568,west bengal,jalpaiguri ,2019,1,536462779.7040474,324907
3569,west bengal,purulia ,2019,1,466522618.3836639,826372
3570,west bengal,north twenty four parganas ,2019,1,6234416494.557015,6016538
3571,west bengal,bankura ,2019,1,897807596.2767885,1555874
3572,west bengal,jhargram ,2019,1,202134021.18639287,296546
3573,west bengal,howrah ,2019,1,1930863137.4692266,1870799
3574,west bengal,hooghly ,2019,1,2045644142.3086185,2488635
3575,west bengal,kolkata ,2019,1,12332944237.04475,9807639
3576,west bengal,koch bihar ,2019,1,629607593.5966945,506575
3577,west bengal,alipurduar ,2019,1,361523896.4343028,201488
3578,west bengal,paschim bardhaman ,2019,1,1759360643.2614815,1712637
3579,west bengal,nadia ,2019,1,1674723468.0591764,1878230
3580,west bengal,birbhum ,2019,1,6063627232.544631,5081745
3581,west bengal,purba medinipur ,2019,1,2426138102.1437855,2175167
3582,west bengal,maldah ,2019,1,1770444887.2016394,1559418
3583,west bengal,arjiling ,2019,1,933357710.0945336,560839
3584,west bengal,outh twenty four parganas ,2019,3,2980743400.200357,2784616
3585,west bengal,purba bardhaman ,2019,3,5357582349.263204,5809301
3586,west bengal,uttar dinajpur ,2019,3,978369471.8491668,643412
3587,west bengal,kalimpong ,2019,3,76053089.44145533,39750
3588,west bengal,murshidabad ,2019,3,3474157884.9006653,4494100
3589,west bengal,paschim medinipur ,2019,3,2190157100.6562915,2347260
3590,west bengal,akshin dinajpur ,2019,3,465122162.79446423,643446
3591,west bengal,jalpaiguri ,2019,3,722249885.5745986,433372
3592,west bengal,purulia ,2019,3,629137903.632899,1095563
3593,west bengal,north twenty four parganas ,2019,3,9351811604.762173,8854937
3594,west bengal,bankura ,2019,3,1262732884.9594836,2304123
3595,west bengal,jhargram ,2019,3,227357129.67767933,366694
3596,west bengal,howrah ,2019,3,2690889297.0739627,2301305
3597,west bengal,hooghly ,2019,3,3088441313.236069,3690825
3598,west bengal,kolkata ,2019,3,21451201632.248753,16306691
3599,west bengal,koch bihar ,2019,3,801384234.6331651,548852
3600,west bengal,alipurduar ,2019,3,457269673.21038043,252938
3601,west bengal,paschim bardhaman ,2019,3,3179774211.0084143,3088578
3602,west bengal,nadia ,2019,3,2474590164.314495,2571191
3603,west bengal,birbhum ,2019,3,1335657252.5214772,1941324
3604,west bengal,purba medinipur ,2019,3,2923218852.733621,2642814
3605,west bengal,maldah ,2019,3,2417266062.5172515,1832396
3606,west bengal,arjiling ,2019,3,2005365055.6205454,1451341
3607,west bengal,outh twenty four parganas ,2019,2,2437194676.653476,2092814
3608,west bengal,purba bardhaman ,2019,2,4375901182.135069,4174535
3609,west bengal,uttar dinajpur ,2019,2,915161292.8232623,540199
3610,west bengal,kalimpong ,2019,2,68861020.49970469,30723
3611,west bengal,murshidabad ,2019,2,2744461154.3824716,2301748
3612,west bengal,paschim medinipur ,2019,2,1837766309.1079724,1561429
3613,west bengal,akshin dinajpur ,2019,2,389130042.41225576,366374
3614,west bengal,jalpaiguri ,2019,2,621913833.1314416,318023
3615,west bengal,purulia ,2019,2,487259414.2527912,638348
3616,west bengal,north twenty four parganas ,2019,2,7197223705.950621,6157371
3617,west bengal,bankura ,2019,2,956916426.859871,1250400
3618,west bengal,jhargram ,2019,2,193287311.04751638,195771
3619,west bengal,howrah ,2019,2,2186684125.294092,1740780
3620,west bengal,hooghly ,2019,2,2442336673.6144834,2379459
3621,west bengal,kolkata ,2019,2,17260848900.77318,13259522
3622,west bengal,koch bihar ,2019,2,787922720.7588583,471590
3623,west bengal,alipurduar ,2019,2,425684355.1270641,206118
3624,west bengal,paschim bardhaman ,2019,2,2557384605.140711,2145729
3625,west bengal,nadia ,2019,2,1996301068.1121693,1702468
3626,west bengal,birbhum ,2019,2,1042289262.7394705,1207526
3627,west bengal,purba medinipur ,2019,2,2439996733.7922893,1850677
3628,west bengal,maldah ,2019,2,2138635544.306306,1433212
3629,west bengal,arjiling ,2019,2,1602530760.2036004,998719
3630,west bengal,outh twenty four parganas ,2023,4,84336068028.0,46005273
3631,west bengal,purba bardhaman ,2023,4,46222754762.0,25307278
3632,west bengal,uttar dinajpur ,2023,4,39402567832.0,20875132
3633,west bengal,kalimpong ,2023,4,1773275202.0,1020977
3634,west bengal,murshidabad ,2023,4,105157575181.0,50879757
3635,west bengal,paschim medinipur ,2023,4,59683038663.0,35655256
3636,west bengal,akshin dinajpur ,2023,4,13485333009.0,7166857
3637,west bengal,jalpaiguri ,2023,4,18745844513.0,12000864
3638,west bengal,purulia ,2023,4,17556222940.0,15423000
3639,west bengal,north twenty four parganas ,2023,4,186466249070.0,128343164
3640,west bengal,bankura ,2023,4,25680272158.0,16137559
3641,west bengal,jhargram ,2023,4,6518245508.0,4442766
3642,west bengal,howrah ,2023,4,66863193097.0,36819833
3643,west bengal,hooghly ,2023,4,64164679961.0,36891845
3644,west bengal,kolkata ,2023,4,144473684080.0,89301671
3645,west bengal,koch bihar ,2023,4,27323770490.0,18739153
3646,west bengal,alipurduar ,2023,4,13961721747.0,8527730
3647,west bengal,paschim bardhaman ,2023,4,49952764850.0,35429318
3648,west bengal,nadia ,2023,4,68795681276.0,36242432
3649,west bengal,birbhum ,2023,4,36904986734.0,20708496
3650,west bengal,purba medinipur ,2023,4,79819903794.0,40572042
3651,west bengal,maldah ,2023,4,64167285922.0,34654950
3652,west bengal,arjiling ,2023,4,27939857261.0,16807885
3653,west bengal,outh twenty four parganas ,2023,1,61475192574.0,28211385
3654,west bengal,purba bardhaman ,2023,1,34063468086.0,16305703
3655,west bengal,uttar dinajpur ,2023,1,27228713682.0,12176811
3656,west bengal,kalimpong ,2023,1,1296219170.0,658897
3657,west bengal,murshidabad ,2023,1,73086314736.0,29388371
3658,west bengal,paschim medinipur ,2023,1,43484869208.0,22338770
3659,west bengal,akshin dinajpur ,2023,1,9661360871.0,4318328
3660,west bengal,jalpaiguri ,2023,1,13230991164.0,6897644
3661,west bengal,purulia ,2023,1,12889527264.0,9531841
3662,west bengal,north twenty four parganas ,2023,1,134391026103.0,82336235
3663,west bengal,bankura ,2023,1,18960624285.0,10304938
3664,west bengal,jhargram ,2023,1,4837682507.0,2708976
3665,west bengal,howrah ,2023,1,47827266728.0,23083776
3666,west bengal,hooghly ,2023,1,46906829867.0,23858120
3667,west bengal,kolkata ,2023,1,107217313481.0,58702328
3668,west bengal,koch bihar ,2023,1,18946353910.0,10456686
3669,west bengal,alipurduar ,2023,1,9812275385.0,5009411
3670,west bengal,paschim bardhaman ,2023,1,34627175276.0,22192434
3671,west bengal,nadia ,2023,1,48250853413.0,22167436
3672,west bengal,birbhum ,2023,1,26060991086.0,12478091
3673,west bengal,purba medinipur ,2023,1,58534578130.0,25649966
3674,west bengal,maldah ,2023,1,44370339733.0,20097255
3675,west bengal,arjiling ,2023,1,19723215896.0,10404942
3676,west bengal,outh twenty four parganas ,2023,3,71124947936.0,38719555
3677,west bengal,purba bardhaman ,2023,3,40249779056.0,22072496
3678,west bengal,uttar dinajpur ,2023,3,31108601762.0,17228585
3679,west bengal,kalimpong ,2023,3,1489802436.0,861395
3680,west bengal,murshidabad ,2023,3,85165951696.0,41360216
3681,west bengal,paschim medinipur ,2023,3,50431768074.0,30418455
3682,west bengal,akshin dinajpur ,2023,3,10882569492.0,5956574
3683,west bengal,jalpaiguri ,2023,3,15661399493.0,9828964
3684,west bengal,purulia ,2023,3,14534562393.0,12670688
3685,west bengal,north twenty four parganas ,2023,3,166844566801.0,113910456
3686,west bengal,bankura ,2023,3,22062317303.0,13560019
3687,west bengal,jhargram ,2023,3,5404528277.0,3639058
3688,west bengal,howrah ,2023,3,58002367148.0,31734226
3689,west bengal,hooghly ,2023,3,56242231460.0,32021392
3690,west bengal,kolkata ,2023,3,130109928950.0,80296436
3691,west bengal,koch bihar ,2023,3,22741353251.0,15025747
3692,west bengal,alipurduar ,2023,3,11535607766.0,6927808
3693,west bengal,paschim bardhaman ,2023,3,43403489161.0,30585672
3694,west bengal,nadia ,2023,3,57878690097.0,30146530
3695,west bengal,birbhum ,2023,3,30907366591.0,17597047
3696,west bengal,purba medinipur ,2023,3,68137175692.0,34244893
3697,west bengal,maldah ,2023,3,52997655875.0,28539407
3698,west bengal,arjiling ,2023,3,24631945672.0,14747572
3699,west bengal,outh twenty four parganas ,2023,2,68370869540.0,33239786
3700,west bengal,purba bardhaman ,2023,2,38238042557.0,19202083
3701,west bengal,uttar dinajpur ,2023,2,30998034157.0,15152358
3702,west bengal,kalimpong ,2023,2,1598525835.0,830355
3703,west bengal,murshidabad ,2023,2,82718719673.0,35310718
3704,west bengal,paschim medinipur ,2023,2,49071906041.0,26646934
3705,west bengal,akshin dinajpur ,2023,2,10743780287.0,5242715
3706,west bengal,jalpaiguri ,2023,2,15244621609.0,8628928
3707,west bengal,purulia ,2023,2,14258121172.0,11504072
3708,west bengal,north twenty four parganas ,2023,2,151571700376.0,96628528
3709,west bengal,bankura ,2023,2,21054538356.0,12236326
3710,west bengal,jhargram ,2023,2,5182564318.0,3162650
3711,west bengal,howrah ,2023,2,53521241869.0,27156689
3712,west bengal,hooghly ,2023,2,52098664362.0,27753013
3713,west bengal,kolkata ,2023,2,116559452847.0,67649153
3714,west bengal,koch bihar ,2023,2,22602389896.0,13234951
3715,west bengal,alipurduar ,2023,2,11210432870.0,6075500
3716,west bengal,paschim bardhaman ,2023,2,38880657302.0,26104521
3717,west bengal,nadia ,2023,2,54103857184.0,26194658
3718,west bengal,birbhum ,2023,2,29413124481.0,14912523
3719,west bengal,purba medinipur ,2023,2,65958992755.0,30724502
3720,west bengal,maldah ,2023,2,52186214308.0,24677357
3721,west bengal,arjiling ,2023,2,23728655177.0,13049366
3722,west bengal,outh twenty four parganas ,2022,4,33736981975.122288,15651650
3723,west bengal,purba bardhaman ,2022,4,46348665186.57486,23613560
3724,west bengal,uttar dinajpur ,2022,4,15078700957.688385,6557405
3725,west bengal,kalimpong ,2022,4,812639624.0451621,382628
3726,west bengal,murshidabad ,2022,4,41173539931.745384,16453907
3727,west bengal,paschim medinipur ,2022,4,25216806019.741215,12768161
3728,west bengal,akshin dinajpur ,2022,4,5326002121.283871,2361081
3729,west bengal,jalpaiguri ,2022,4,9883942165.829044,4985758
3730,west bengal,purulia ,2022,4,7420912556.694953,5309487
3731,west bengal,north twenty four parganas ,2022,4,78365452742.73929,46582002
3732,west bengal,bankura ,2022,4,15272494867.569881,8198658
3733,west bengal,jhargram ,2022,4,2837724907.9590793,1588756
3734,west bengal,howrah ,2022,4,27937855668.57577,13350090
3735,west bengal,hooghly ,2022,4,27554087254.54938,13931352
3736,west bengal,kolkata ,2022,4,280225478481.87036,151040298
3737,west bengal,koch bihar ,2022,4,10966712638.506573,5840782
3738,west bengal,alipurduar ,2022,4,7985473027.04573,3941260
3739,west bengal,paschim bardhaman ,2022,4,29105384315.98274,17178715
3740,west bengal,nadia ,2022,4,28045682168.816303,12690126
3741,west bengal,birbhum ,2022,4,16146502753.00366,7617444
3742,west bengal,purba medinipur ,2022,4,33099490372.24874,14484229
3743,west bengal,maldah ,2022,4,27218606574.653137,12492746
3744,west bengal,arjiling ,2022,4,18016497295.004322,8827502
3745,west bengal,outh twenty four parganas ,2022,1,26965356873.85303,11243229
3746,west bengal,purba bardhaman ,2022,1,15081107758.687084,6777604
3747,west bengal,uttar dinajpur ,2022,1,11523296688.425028,4441594
3748,west bengal,kalimpong ,2022,1,682480114.6705194,273057
3749,west bengal,murshidabad ,2022,1,41140892341.13234,15588410
3750,west bengal,paschim medinipur ,2022,1,20055779613.652466,9156926
3751,west bengal,akshin dinajpur ,2022,1,4255877779.082657,1823888
3752,west bengal,jalpaiguri ,2022,1,6055463671.687082,2650569
3753,west bengal,purulia ,2022,1,5836006366.520155,3655572
3754,west bengal,north twenty four parganas ,2022,1,59661500584.75365,31930105
3755,west bengal,bankura ,2022,1,8812235253.790693,4874077
3756,west bengal,jhargram ,2022,1,2198171070.038257,1121268
3757,west bengal,howrah ,2022,1,44110902969.5602,23702322
3758,west bengal,hooghly ,2022,1,21694250432.038437,10497390
3759,west bengal,kolkata ,2022,1,155417783792.6444,76392752
3760,west bengal,koch bihar ,2022,1,8085185091.073849,3802460
3761,west bengal,alipurduar ,2022,1,4323258066.140034,1888984
3762,west bengal,paschim bardhaman ,2022,1,17440405834.011703,9783656
3763,west bengal,nadia ,2022,1,22740547217.901745,9791890
3764,west bengal,birbhum ,2022,1,11385995733.932861,5000218
3765,west bengal,purba medinipur ,2022,1,28979875250.478428,11506248
3766,west bengal,maldah ,2022,1,19619492748.51209,7832385
3767,west bengal,arjiling ,2022,1,15360797956.977024,6770488
3768,west bengal,outh twenty four parganas ,2022,3,31586404198.654728,14502793
3769,west bengal,purba bardhaman ,2022,3,40044086165.08384,20249092
3770,west bengal,uttar dinajpur ,2022,3,13684748005.261982,6161372
3771,west bengal,kalimpong ,2022,3,866170519.9816766,411090
3772,west bengal,murshidabad ,2022,3,41049036364.09509,16636159
3773,west bengal,paschim medinipur ,2022,3,23002159032.50641,11530137
3774,west bengal,akshin dinajpur ,2022,3,4796219604.844906,2205623
3775,west bengal,jalpaiguri ,2022,3,8592238101.070684,4270501
3776,west bengal,purulia ,2022,3,6568273033.360064,4567782
3777,west bengal,north twenty four parganas ,2022,3,74652935807.86075,42344992
3778,west bengal,bankura ,2022,3,12625116117.66531,6829267
3779,west bengal,jhargram ,2022,3,2495310539.2245417,1404499
3780,west bengal,howrah ,2022,3,29120246801.02298,13939023
3781,west bengal,hooghly ,2022,3,26244376624.64439,13048364
3782,west bengal,kolkata ,2022,3,228807547826.57977,120867251
3783,west bengal,koch bihar ,2022,3,10419704843.658085,5698343
3784,west bengal,alipurduar ,2022,3,8948926469.485992,4439906
3785,west bengal,paschim bardhaman ,2022,3,25748234622.339317,15109046
3786,west bengal,nadia ,2022,3,26613252370.226105,11779533
3787,west bengal,birbhum ,2022,3,14934428365.96205,7283881
3788,west bengal,purba medinipur ,2022,3,30572829916.26252,13027140
3789,west bengal,maldah ,2022,3,26922829611.837635,12459741
3790,west bengal,arjiling ,2022,3,16454823670.51485,8026853
3791,west bengal,outh twenty four parganas ,2022,2,31391822584.21167,13499039
3792,west bengal,purba bardhaman ,2022,2,17476589718.608643,8017841
3793,west bengal,uttar dinajpur ,2022,2,13902417083.882235,5625969
3794,west bengal,kalimpong ,2022,2,865219339.6039622,360683
3795,west bengal,murshidabad ,2022,2,48239202742.472496,18656132
3796,west bengal,paschim medinipur ,2022,2,23376063738.335567,10862436
3797,west bengal,akshin dinajpur ,2022,2,4917055540.585538,2164544
3798,west bengal,jalpaiguri ,2022,2,7215410289.029442,3291696
3799,west bengal,purulia ,2022,2,6659369617.817974,4360695
3800,west bengal,north twenty four parganas ,2022,2,71420194039.66321,39542212
3801,west bengal,bankura ,2022,2,9979682491.260788,5482929
3802,west bengal,jhargram ,2022,2,2500573080.9727817,1314971
3803,west bengal,howrah ,2022,2,48444965297.30552,26848389
3804,west bengal,hooghly ,2022,2,24931277877.504135,12160484
3805,west bengal,kolkata ,2022,2,185459902953.69675,94525113
3806,west bengal,koch bihar ,2022,2,9890586302.34589,4990565
3807,west bengal,alipurduar ,2022,2,5063513205.328751,2321550
3808,west bengal,paschim bardhaman ,2022,2,21013580033.32985,12056490
3809,west bengal,nadia ,2022,2,26531299344.802624,11642703
3810,west bengal,birbhum ,2022,2,13038379103.48798,5970486
3811,west bengal,purba medinipur ,2022,2,33925841807.925117,13947269
3812,west bengal,maldah ,2022,2,23319097146.806786,9433027
3813,west bengal,arjiling ,2022,2,19013136245.268204,8666918
3814,west bengal,outh twenty four parganas ,2020,4,11173760728.635761,5935781
3815,west bengal,purba bardhaman ,2020,4,5953995490.32074,3330787
3816,west bengal,uttar dinajpur ,2020,4,4073984672.594006,1663790
3817,west bengal,kalimpong ,2020,4,287409549.78812253,131313
3818,west bengal,murshidabad ,2020,4,12347537122.902393,5387550
3819,west bengal,paschim medinipur ,2020,4,7873236339.018047,4192666
3820,west bengal,akshin dinajpur ,2020,4,1574342256.1228342,847582
3821,west bengal,jalpaiguri ,2020,4,2571478917.2012115,1189545
3822,west bengal,purulia ,2020,4,2247442648.391761,1692742
3823,west bengal,north twenty four parganas ,2020,4,26342979950.473465,15401013
3824,west bengal,bankura ,2020,4,3700507153.2902203,2718632
3825,west bengal,jhargram ,2020,4,879958012.474191,566153
3826,west bengal,howrah ,2020,4,12928867889.090427,6331177
3827,west bengal,hooghly ,2020,4,9909266975.59495,5674060
3828,west bengal,kolkata ,2020,4,48043058849.4187,21348317
3829,west bengal,koch bihar ,2020,4,3015645061.601661,1522007
3830,west bengal,alipurduar ,2020,4,1797203699.186511,813188
3831,west bengal,paschim bardhaman ,2020,4,6878396003.007269,3911566
3832,west bengal,nadia ,2020,4,9153167135.604681,4552049
3833,west bengal,birbhum ,2020,4,4144235381.477991,2387731
3834,west bengal,purba medinipur ,2020,4,11253380562.116867,5289421
3835,west bengal,maldah ,2020,4,7039838577.314709,3018906
3836,west bengal,arjiling ,2020,4,5975798390.022108,2434669
3837,west bengal,outh twenty four parganas ,2020,1,4200261969.458927,3069175
3838,west bengal,purba bardhaman ,2020,1,2438981957.209982,2150646
3839,west bengal,uttar dinajpur ,2020,1,1466551396.8864355,792676
3840,west bengal,kalimpong ,2020,1,110122361.18642363,58372
3841,west bengal,murshidabad ,2020,1,4375324882.318403,3036374
3842,west bengal,paschim medinipur ,2020,1,3365470258.0827594,2731293
3843,west bengal,akshin dinajpur ,2020,1,696102264.2992665,550767
3844,west bengal,jalpaiguri ,2020,1,1059113100.0352356,559462
3845,west bengal,purulia ,2020,1,871268565.8315418,1140216
3846,west bengal,north twenty four parganas ,2020,1,12633823318.181566,9836478
3847,west bengal,bankura ,2020,1,1888506492.2303815,2512191
3848,west bengal,jhargram ,2020,1,326921359.9893925,356885
3849,west bengal,howrah ,2020,1,3616357560.4968233,2488292
3850,west bengal,hooghly ,2020,1,3828835634.4589415,3231486
3851,west bengal,kolkata ,2020,1,33530346186.63632,18756562
3852,west bengal,koch bihar ,2020,1,1207985915.9539032,738889
3853,west bengal,alipurduar ,2020,1,716232148.4627577,375417
3854,west bengal,paschim bardhaman ,2020,1,4107372380.2677298,3018166
3855,west bengal,nadia ,2020,1,3333078525.0099444,2617674
3856,west bengal,birbhum ,2020,1,2267725581.7950845,2113805
3857,west bengal,purba medinipur ,2020,1,4413323999.166389,3016163
3858,west bengal,maldah ,2020,1,3096983602.6941547,1603861
3859,west bengal,arjiling ,2020,1,3102615730.2863255,1495531
3860,west bengal,outh twenty four parganas ,2020,3,7893878132.233324,4527471
3861,west bengal,purba bardhaman ,2020,3,4202888726.788506,2593218
3862,west bengal,uttar dinajpur ,2020,3,2732569111.909322,1217053
3863,west bengal,kalimpong ,2020,3,185138027.27682656,98474
3864,west bengal,murshidabad ,2020,3,8701630173.801966,4140812
3865,west bengal,paschim medinipur ,2020,3,5676916986.305134,3217002
3866,west bengal,akshin dinajpur ,2020,3,1139764956.1477838,648423
3867,west bengal,jalpaiguri ,2020,3,1836203713.6631927,890247
3868,west bengal,purulia ,2020,3,1543143788.3919792,1202467
3869,west bengal,north twenty four parganas ,2020,3,18116407316.286606,10658639
3870,west bengal,bankura ,2020,3,2776858504.833927,2050039
3871,west bengal,jhargram ,2020,3,625899202.229131,413235
3872,west bengal,howrah ,2020,3,11044292828.999893,5455673
3873,west bengal,hooghly ,2020,3,7181724884.281664,4366382
3874,west bengal,kolkata ,2020,3,47965864187.61055,20532488
3875,west bengal,koch bihar ,2020,3,2073281730.19992,1163380
3876,west bengal,alipurduar ,2020,3,1193802371.4513893,610691
3877,west bengal,paschim bardhaman ,2020,3,4923778139.11113,2824660
3878,west bengal,nadia ,2020,3,6356294160.880415,3385474
3879,west bengal,birbhum ,2020,3,2835347335.0581245,1761673
3880,west bengal,purba medinipur ,2020,3,8104060674.844238,4082398
3881,west bengal,maldah ,2020,3,5047875157.890753,2240712
3882,west bengal,arjiling ,2020,3,4655735744.944985,1873893
3883,west bengal,outh twenty four parganas ,2020,2,5442972838.147335,3450717
3884,west bengal,purba bardhaman ,2020,2,3026494725.9211845,2110210
3885,west bengal,uttar dinajpur ,2020,2,2057824019.5507925,994578
3886,west bengal,kalimpong ,2020,2,132974145.06285556,83294
3887,west bengal,murshidabad ,2020,2,5450083954.846977,2954461
3888,west bengal,paschim medinipur ,2020,2,4138122881.21193,2623659
3889,west bengal,akshin dinajpur ,2020,2,860152313.013932,528299
3890,west bengal,jalpaiguri ,2020,2,1297087562.5100064,727162
3891,west bengal,purulia ,2020,2,1161572707.5147178,980210
3892,west bengal,north twenty four parganas ,2020,2,11928129304.115803,7957303
3893,west bengal,bankura ,2020,2,2203586196.182378,1671299
3894,west bengal,jhargram ,2020,2,463794455.51302034,337606
3895,west bengal,howrah ,2020,2,4464236054.831258,2820336
3896,west bengal,hooghly ,2020,2,4695101065.364116,3388361
3897,west bengal,kolkata ,2020,2,28320831275.65246,12981198
3898,west bengal,koch bihar ,2020,2,1541035716.6346931,964285
3899,west bengal,alipurduar ,2020,2,860206300.0870737,498095
3900,west bengal,paschim bardhaman ,2020,2,3594187323.2869267,2283471
3901,west bengal,nadia ,2020,2,4208804458.517461,2630360
3902,west bengal,birbhum ,2020,2,2152855281.340164,1499893
3903,west bengal,purba medinipur ,2020,2,5035068653.193295,2954606
3904,west bengal,maldah ,2020,2,3852982363.832329,1781192
3905,west bengal,arjiling ,2020,2,3211328281.023925,1456202
3906,west bengal,outh twenty four parganas ,2018,4,1674747743.946566,1839620
3907,west bengal,purba bardhaman ,2018,4,1105650331.2157145,1517609
3908,west bengal,uttar dinajpur ,2018,4,651422758.655106,546004
3909,west bengal,kalimpong ,2018,4,44748372.880300194,19414
3910,west bengal,murshidabad ,2018,4,2073820544.6702852,2771908
3911,west bengal,paschim medinipur ,2018,4,1540090393.616658,1645590
3912,west bengal,akshin dinajpur ,2018,4,332855706.11435485,530257
3913,west bengal,jalpaiguri ,2018,4,451182300.0862664,272277
3914,west bengal,purulia ,2018,4,444001662.391876,928572
3915,west bengal,north twenty four parganas ,2018,4,5106478584.138981,4412163
3916,west bengal,bankura ,2018,4,830580184.9676104,1674744
3917,west bengal,jhargram ,2018,4,160506988.99923056,272439
3918,west bengal,howrah ,2018,4,1510973704.7459848,1348284
3919,west bengal,hooghly ,2018,4,1620745549.3092494,2105799
3920,west bengal,kolkata ,2018,4,8502095208.881001,5401244
3921,west bengal,koch bihar ,2018,4,508267493.70604295,450760
3922,west bengal,alipurduar ,2018,4,329023531.4947543,191071
3923,west bengal,paschim bardhaman ,2018,4,1308957691.3264554,1184281
3924,west bengal,nadia ,2018,4,1483069809.77854,1602207
3925,west bengal,birbhum ,2018,4,6605150572.181274,4639212
3926,west bengal,purba medinipur ,2018,4,1962876573.009977,1603344
3927,west bengal,maldah ,2018,4,1571813601.683281,1248022
3928,west bengal,arjiling ,2018,4,670559903.9052528,308727
3929,west bengal,outh twenty four parganas ,2018,1,349206351.134772,421793
3930,west bengal,purba bardhaman ,2018,1,212356023.7378838,396998
3931,west bengal,uttar dinajpur ,2018,1,126658409.55475825,242526
3932,west bengal,kalimpong ,2018,1,7706385.682244161,4972
3933,west bengal,murshidabad ,2018,1,421068895.8684155,833479
3934,west bengal,paschim medinipur ,2018,1,286483484.5978188,419331
3935,west bengal,akshin dinajpur ,2018,1,69636116.7506341,224063
3936,west bengal,jalpaiguri ,2018,1,96252642.72890764,120349
3937,west bengal,purulia ,2018,1,86934374.95930237,234356
3938,west bengal,north twenty four parganas ,2018,1,1282978629.1040893,1235602
3939,west bengal,bankura ,2018,1,159367696.65101814,378312
3940,west bengal,jhargram ,2018,1,33316470.25275091,66167
3941,west bengal,howrah ,2018,1,350424696.862291,346838
3942,west bengal,hooghly ,2018,1,299741600.337428,380589
3943,west bengal,kolkata ,2018,1,2753347660.1429114,2043129
3944,west bengal,koch bihar ,2018,1,88320338.70770223,155388
3945,west bengal,alipurduar ,2018,1,65816753.34844737,71585
3946,west bengal,paschim bardhaman ,2018,1,298947240.57755685,350033
3947,west bengal,nadia ,2018,1,307840167.70912766,549427
3948,west bengal,birbhum ,2018,1,2520486412.452376,2125816
3949,west bengal,purba medinipur ,2018,1,380534345.7354028,516243
3950,west bengal,maldah ,2018,1,283624702.4245752,491756
3951,west bengal,arjiling ,2018,1,144929152.81969556,101473
3952,west bengal,outh twenty four parganas ,2018,3,1427598240.6865141,1762541
3953,west bengal,purba bardhaman ,2018,3,1939579865.0387182,3594299
3954,west bengal,uttar dinajpur ,2018,3,539823755.8805596,565131
3955,west bengal,kalimpong ,2018,3,22888283.03707239,11831
3956,west bengal,murshidabad ,2018,3,2657568623.9518037,4125695
3957,west bengal,paschim medinipur ,2018,3,1735399471.8240018,2615338
3958,west bengal,akshin dinajpur ,2018,3,470231443.3042152,848445
3959,west bengal,jalpaiguri ,2018,3,357458671.4286321,315295
3960,west bengal,purulia ,2018,3,1255674844.8882928,2634127
3961,west bengal,north twenty four parganas ,2018,3,4545902671.152222,4856114
3962,west bengal,bankura ,2018,3,2464193070.534754,5179457
3963,west bengal,jhargram ,2018,3,276381182.4522882,544404
3964,west bengal,howrah ,2018,3,1281775308.5032842,1389380
3965,west bengal,hooghly ,2018,3,1739170524.2633934,2570814
3966,west bengal,kolkata ,2018,3,6263652226.964284,4733562
3967,west bengal,koch bihar ,2018,3,429958396.6195189,522671
3968,west bengal,alipurduar ,2018,3,246648836.55828375,190894
3969,west bengal,paschim bardhaman ,2018,3,1847805644.7258697,2874238
3970,west bengal,nadia ,2018,3,2140939925.6671455,3491909
3971,west bengal,birbhum ,2018,3,6130627463.516832,6066238
3972,west bengal,purba medinipur ,2018,3,2004301849.281406,2641955
3973,west bengal,maldah ,2018,3,1596093452.1055121,1891735
3974,west bengal,arjiling ,2018,3,470260430.7927488,279343
3975,west bengal,outh twenty four parganas ,2018,2,672591311.5734882,727105
3976,west bengal,purba bardhaman ,2018,2,421072712.1548571,738207
3977,west bengal,uttar dinajpur ,2018,2,261564937.44381255,371120
3978,west bengal,kalimpong ,2018,2,14628605.386737475,8003
3979,west bengal,murshidabad ,2018,2,849517566.9427693,1290440
3980,west bengal,paschim medinipur ,2018,2,537554850.2256197,681104
3981,west bengal,akshin dinajpur ,2018,2,146101492.47782007,466273
3982,west bengal,jalpaiguri ,2018,2,199304038.59126633,180099
3983,west bengal,purulia ,2018,2,158322046.01026285,395773
3984,west bengal,north twenty four parganas ,2018,2,2509379355.091834,2119664
3985,west bengal,bankura ,2018,2,307725444.78423697,747564
3986,west bengal,jhargram ,2018,2,60290384.78020149,119417
3987,west bengal,howrah ,2018,2,654990894.6156787,560185
3988,west bengal,hooghly ,2018,2,577920192.4223987,680606
3989,west bengal,kolkata ,2018,2,4109821729.890053,2501448
3990,west bengal,koch bihar ,2018,2,201345528.23207912,255842
3991,west bengal,alipurduar ,2018,2,135857086.90247357,113879
3992,west bengal,paschim bardhaman ,2018,2,554992245.8938131,661190
3993,west bengal,nadia ,2018,2,633203448.0011742,972818
3994,west bengal,birbhum ,2018,2,3988930679.7679114,2775489
3995,west bengal,purba medinipur ,2018,2,751427465.395005,850189
3996,west bengal,maldah ,2018,2,593137876.5821025,697698
3997,west bengal,arjiling ,2018,2,289503577.0384555,168333
3998,west bengal,outh twenty four parganas ,2024,1,99042908092.0,53004493
3999,west bengal,purba bardhaman ,2024,1,54236396915.0,29112050
4000,west bengal,uttar dinajpur ,2024,1,44846128146.0,24806653
4001,west bengal,kalimpong ,2024,1,1866121463.0,1127483
4002,west bengal,murshidabad ,2024,1,130645143561.0,62785121
4003,west bengal,paschim medinipur ,2024,1,69400103434.0,40845488
4004,west bengal,akshin dinajpur ,2024,1,15811108314.0,8558037
4005,west bengal,jalpaiguri ,2024,1,21215471269.0,13958608
4006,west bengal,purulia ,2024,1,21331710482.0,18097594
4007,west bengal,north twenty four parganas ,2024,1,203076605812.0,139181072
4008,west bengal,bankura ,2024,1,30531284243.0,18472738
4009,west bengal,jhargram ,2024,1,7755060539.0,5248678
4010,west bengal,howrah ,2024,1,75162392138.0,41536962
4011,west bengal,hooghly ,2024,1,71315720048.0,40874089
4012,west bengal,kolkata ,2024,1,150555656616.0,93663346
4013,west bengal,koch bihar ,2024,1,31912945769.0,22423422
4014,west bengal,alipurduar ,2024,1,15502785319.0,10027099
4015,west bengal,paschim bardhaman ,2024,1,54020156731.0,39077640
4016,west bengal,nadia ,2024,1,79030136775.0,42154481
4017,west bengal,birbhum ,2024,1,46400251550.0,24812300
4018,west bengal,purba medinipur ,2024,1,92373546681.0,46212626
4019,west bengal,maldah ,2024,1,76716033762.0,42299563
4020,west bengal,arjiling ,2024,1,29277839174.0,18129044
4021,bihar,madhepura ,2021,4,6728032170.797292,2669341
4022,bihar,purnia ,2021,4,14308666372.958656,6360264
4023,bihar,nalanda ,2021,4,9545809062.000435,4304381
4024,bihar,buxar ,2021,4,4694593050.833861,1873253
4025,bihar,arbhanga ,2021,4,16126372900.44347,7502523
4026,bihar,nawada ,2021,4,6745497141.188401,2795470
4027,bihar,jamui ,2021,4,4855309103.197411,2194277
4028,bihar,heikhpura ,2021,4,1512241024.6061928,618189
4029,bihar,wan ,2021,4,20337077706.726944,9398007
4030,bihar,muzaffarpur ,2021,4,25294883682.87165,11287438
4031,bihar,patna ,2021,4,151293164596.9189,81765610
4032,bihar,jehanabad ,2021,4,4022284736.872345,1714631
4033,bihar,ohtas ,2021,4,11042288316.913973,4602525
4034,bihar,begusarai ,2021,4,9435583919.991997,4482558
4035,bihar,upaul ,2021,4,7393939188.486652,3015274
4036,bihar,amarhi ,2021,4,10194421149.628668,4153350
4037,bihar,aran ,2021,4,15141561808.042288,6615773
4038,bihar,arwal ,2021,4,1877460508.9000678,924102
4039,bihar,vaishali ,2021,4,13534123655.11179,5962902
4040,bihar,pashchim champaran ,2021,4,16286679057.96371,7557978
4041,bihar,gopalganj ,2021,4,10667558196.345219,4774101
4042,bihar,lakhisarai ,2021,4,2862649366.653165,1267087
4043,bihar,aurangabad ,2021,4,8846145771.35975,4053207
4044,bihar,kaimur bhabua ,2021,4,4043696220.05025,1629114
4045,bihar,araria ,2021,4,8956552823.263115,3740380
4046,bihar,munger ,2021,4,4430721083.314227,2073784
4047,bihar,katihar ,2021,4,11740684681.635273,5138243
4048,bihar,khagaria ,2021,4,5441172620.197353,2299254
4049,bihar,aharsa ,2021,4,6870412639.461977,3136205
4050,bihar,bhagalpur ,2021,4,17306243345.92068,8447521
4051,bihar,madhubani ,2021,4,15424171780.63515,7114778
4052,bihar,kishanganj ,2021,4,5895020869.763552,2070748
4053,bihar,gaya ,2021,4,16641218690.213781,7707242
4054,bihar,amastipur ,2021,4,13761709165.59499,6267039
4055,bihar,banka ,2021,4,3162310457.021186,1483610
4056,bihar,purbi champaran ,2021,4,22867973830.953423,9979391
4057,bihar,heohar ,2021,4,2042474878.1312933,799885
4058,bihar,bhojpur ,2021,4,8040908493.793684,3347510
4059,bihar,madhepura ,2021,1,3829336405.4809704,1236738
4060,bihar,purnia ,2021,1,7235829630.468956,2732403
4061,bihar,nalanda ,2021,1,5351626268.902303,2268463
4062,bihar,buxar ,2021,1,2401505831.324938,879471
4063,bihar,arbhanga ,2021,1,8967471837.09712,3456999
4064,bihar,nawada ,2021,1,3497752896.3966985,1343218
4065,bihar,jamui ,2021,1,2639451343.1973114,1038356
4066,bihar,heikhpura ,2021,1,824998708.3578898,300298
4067,bihar,wan ,2021,1,6920358606.864025,2823522
4068,bihar,muzaffarpur ,2021,1,13070944463.381813,5221017
4069,bihar,patna ,2021,1,88998693556.23962,41272981
4070,bihar,jehanabad ,2021,1,1700603455.4785092,723928
4071,bihar,ohtas ,2021,1,6088176848.290617,2216469
4072,bihar,begusarai ,2021,1,4651369214.180332,1977439
4073,bihar,upaul ,2021,1,4085528078.455164,1362458
4074,bihar,amarhi ,2021,1,5446770751.154966,1895158
4075,bihar,aran ,2021,1,7424026781.043801,3020459
4076,bihar,arwal ,2021,1,1040900664.8794968,430486
4077,bihar,vaishali ,2021,1,6839038567.825458,2763964
4078,bihar,pashchim champaran ,2021,1,9047860514.2711,3418382
4079,bihar,gopalganj ,2021,1,5212014141.400023,2101332
4080,bihar,lakhisarai ,2021,1,1545725649.9489396,613756
4081,bihar,aurangabad ,2021,1,5360695922.721033,1991766
4082,bihar,kaimur bhabua ,2021,1,2190183735.765605,794062
4083,bihar,araria ,2021,1,5106231997.785754,1645629
4084,bihar,munger ,2021,1,2192552874.5824203,960092
4085,bihar,katihar ,2021,1,6390929745.816675,2323955
4086,bihar,khagaria ,2021,1,2989173408.7048187,1072001
4087,bihar,aharsa ,2021,1,4023753805.645499,1467040
4088,bihar,bhagalpur ,2021,1,8757585231.542503,3729907
4089,bihar,madhubani ,2021,1,8809359759.376596,3251471
4090,bihar,kishanganj ,2021,1,3331835551.1170974,956184
4091,bihar,gaya ,2021,1,8943163048.402979,3790466
4092,bihar,amastipur ,2021,1,7326852418.778886,2833659
4093,bihar,banka ,2021,1,1625176383.088505,678449
4094,bihar,purbi champaran ,2021,1,11804741355.358181,4379932
4095,bihar,heohar ,2021,1,992124431.7163754,337930
4096,bihar,bhojpur ,2021,1,4309305816.184845,1622637
4097,bihar,madhepura ,2021,3,5500029849.280424,2034018
4098,bihar,purnia ,2021,3,11168325427.92741,4826016
4099,bihar,nalanda ,2021,3,7437410612.103645,3381075
4100,bihar,buxar ,2021,3,3166266892.788152,1331392
4101,bihar,arbhanga ,2021,3,12557911471.466785,5791524
4102,bihar,nawada ,2021,3,5233101106.18405,2139002
4103,bihar,jamui ,2021,3,3769910510.8587055,1679182
4104,bihar,heikhpura ,2021,3,1178457856.4269738,463143
4105,bihar,wan ,2021,3,14555326812.652782,6975763
4106,bihar,muzaffarpur ,2021,3,19088505213.98187,8663460
4107,bihar,patna ,2021,3,120377977089.17227,65085179
4108,bihar,jehanabad ,2021,3,3015464945.8990297,1195445
4109,bihar,ohtas ,2021,3,7988380311.967452,3409156
4110,bihar,begusarai ,2021,3,7023004546.171783,3382669
4111,bihar,upaul ,2021,3,5797237916.379904,2247423
4112,bihar,amarhi ,2021,3,7538949774.601155,3071280
4113,bihar,aran ,2021,3,10653230755.208591,4909074
4114,bihar,arwal ,2021,3,1419881953.6996727,655254
4115,bihar,vaishali ,2021,3,10019125517.53304,4483512
4116,bihar,pashchim champaran ,2021,3,12052580759.045248,5626291
4117,bihar,gopalganj ,2021,3,7691691799.830381,3591809
4118,bihar,lakhisarai ,2021,3,2099202462.5685425,944664
4119,bihar,aurangabad ,2021,3,6528699841.273426,2970923
4120,bihar,kaimur bhabua ,2021,3,2858892134.9313626,1218238
4121,bihar,araria ,2021,3,7222773479.316949,2813200
4122,bihar,munger ,2021,3,3211090932.1408405,1519400
4123,bihar,katihar ,2021,3,9267765709.686602,3783324
4124,bihar,khagaria ,2021,3,4317169777.008783,1706354
4125,bihar,aharsa ,2021,3,5488205886.705009,2350666
4126,bihar,bhagalpur ,2021,3,12979510129.599648,6299248
4127,bihar,madhubani ,2021,3,11442243635.127466,5236281
4128,bihar,kishanganj ,2021,3,4550836950.242286,1562190
4129,bihar,gaya ,2021,3,12593071265.983114,5929649
4130,bihar,amastipur ,2021,3,10599568038.20213,4742581
4131,bihar,banka ,2021,3,2393088091.4975886,1086496
4132,bihar,purbi champaran ,2021,3,17061553144.485746,7528149
4133,bihar,heohar ,2021,3,1494759528.4819276,590061
4134,bihar,bhojpur ,2021,3,5721558825.98047,2448022
4135,bihar,madhepura ,2021,2,5218255019.009192,1684296
4136,bihar,purnia ,2021,2,10051174945.968401,3753134
4137,bihar,nalanda ,2021,2,6967154493.828712,2876066
4138,bihar,buxar ,2021,2,3456834620.013396,1252195
4139,bihar,arbhanga ,2021,2,11767784404.765148,4739297
4140,bihar,nawada ,2021,2,5050993065.48583,1911948
4141,bihar,jamui ,2021,2,3812688721.112037,1521567
4142,bihar,heikhpura ,2021,2,1154376779.108221,427755
4143,bihar,wan ,2021,2,11418849549.141575,4705097
4144,bihar,muzaffarpur ,2021,2,17019791090.77851,6872504
4145,bihar,patna ,2021,2,114936398151.99364,53400850
4146,bihar,jehanabad ,2021,2,2626018955.1267185,995035
4147,bihar,ohtas ,2021,2,8146321797.816346,3001706
4148,bihar,begusarai ,2021,2,6263183535.487119,2745981
4149,bihar,upaul ,2021,2,5320160534.73731,1834979
4150,bihar,amarhi ,2021,2,7205555125.010963,2697354
4151,bihar,aran ,2021,2,10815034968.865551,4392087
4152,bihar,arwal ,2021,2,1539697265.4617,605677
4153,bihar,vaishali ,2021,2,9160292752.674015,3799946
4154,bihar,pashchim champaran ,2021,2,11234841877.680365,4672176
4155,bihar,gopalganj ,2021,2,7589526482.70171,3111515
4156,bihar,lakhisarai ,2021,2,2158341954.8132935,840880
4157,bihar,aurangabad ,2021,2,6989875839.547192,2708735
4158,bihar,kaimur bhabua ,2021,2,3095159551.478701,1150340
4159,bihar,araria ,2021,2,6805583750.251827,2293469
4160,bihar,munger ,2021,2,3058878685.2649517,1320520
4161,bihar,katihar ,2021,2,8474000097.458374,3117723
4162,bihar,khagaria ,2021,2,4091424766.0814676,1469798
4163,bihar,aharsa ,2021,2,5015686222.710497,1904150
4164,bihar,bhagalpur ,2021,2,11733711173.397736,5068435
4165,bihar,madhubani ,2021,2,11634612114.699203,4695466
4166,bihar,kishanganj ,2021,2,3935360082.170837,1256800
4167,bihar,gaya ,2021,2,11427447209.341698,4732185
4168,bihar,amastipur ,2021,2,9848885594.57926,4015424
4169,bihar,banka ,2021,2,2292049412.4399977,999688
4170,bihar,purbi champaran ,2021,2,15889825388.130198,6300129
4171,bihar,heohar ,2021,2,1470937924.1703181,516755
4172,bihar,bhojpur ,2021,2,5903541283.277052,2211960
4173,bihar,madhepura ,2019,4,1113340860.7079191,395526
4174,bihar,purnia ,2019,4,1873193948.3384633,735598
4175,bihar,nalanda ,2019,4,1803708280.7329946,1426896
4176,bihar,buxar ,2019,4,672103503.3652604,361937
4177,bihar,arbhanga ,2019,4,2585981569.648556,1059279
4178,bihar,nawada ,2019,4,1167043567.0386097,547595
4179,bihar,jamui ,2019,4,905118756.0069449,407483
4180,bihar,heikhpura ,2019,4,225016146.85776988,124377
4181,bihar,wan ,2019,4,1926229486.784398,865806
4182,bihar,muzaffarpur ,2019,4,4136536726.049083,1900732
4183,bihar,patna ,2019,4,37707384360.64211,17235243
4184,bihar,jehanabad ,2019,4,501279185.202929,343084
4185,bihar,ohtas ,2019,4,1764430308.22368,1129246
4186,bihar,begusarai ,2019,4,1400383169.425959,687513
4187,bihar,upaul ,2019,4,1026480093.4582664,418643
4188,bihar,amarhi ,2019,4,1556217974.3147388,686989
4189,bihar,aran ,2019,4,2265346427.1538324,1039542
4190,bihar,arwal ,2019,4,302520117.75814235,207671
4191,bihar,vaishali ,2019,4,2283531751.166889,1092261
4192,bihar,pashchim champaran ,2019,4,2726720273.8232546,1130965
4193,bihar,gopalganj ,2019,4,1570634885.793627,650123
4194,bihar,lakhisarai ,2019,4,472346955.58384544,254456
4195,bihar,aurangabad ,2019,4,1434726640.8045695,751614
4196,bihar,kaimur bhabua ,2019,4,644719192.0442938,333727
4197,bihar,araria ,2019,4,1410655861.4663773,462746
4198,bihar,munger ,2019,4,657222418.8557158,353666
4199,bihar,katihar ,2019,4,1876729627.3924623,772131
4200,bihar,khagaria ,2019,4,784039610.1579978,344043
4201,bihar,aharsa ,2019,4,1211669206.613337,495346
4202,bihar,bhagalpur ,2019,4,1720136935.858829,914156
4203,bihar,madhubani ,2019,4,2655204864.3952923,1038907
4204,bihar,kishanganj ,2019,4,840550915.1521785,279243
4205,bihar,gaya ,2019,4,2505031784.840474,1627240
4206,bihar,amastipur ,2019,4,2217497573.696613,995634
4207,bihar,banka ,2019,4,424522416.1546266,241765
4208,bihar,purbi champaran ,2019,4,3375935181.6552954,1432859
4209,bihar,heohar ,2019,4,266342849.81168464,120327
4210,bihar,bhojpur ,2019,4,1302893150.8321266,665945
4211,bihar,madhepura ,2019,1,576254457.2110447,264883
4212,bihar,purnia ,2019,1,880288859.2093347,432736
4213,bihar,nalanda ,2019,1,1077003028.9911158,946010
4214,bihar,buxar ,2019,1,400579206.461272,269395
4215,bihar,arbhanga ,2019,1,1448771357.5992444,763583
4216,bihar,nawada ,2019,1,558537691.0189606,358636
4217,bihar,jamui ,2019,1,390616872.39251614,254802
4218,bihar,heikhpura ,2019,1,128265941.33214259,84957
4219,bihar,wan ,2019,1,1022001680.3459771,551354
4220,bihar,muzaffarpur ,2019,1,2061506662.05161,1262299
4221,bihar,patna ,2019,1,11217940482.124462,7894598
4222,bihar,jehanabad ,2019,1,306816678.8817686,281786
4223,bihar,ohtas ,2019,1,1104230103.111794,879724
4224,bihar,begusarai ,2019,1,695166454.2759526,456148
4225,bihar,upaul ,2019,1,551617489.0466162,291495
4226,bihar,amarhi ,2019,1,830161563.2363641,511026
4227,bihar,aran ,2019,1,1194323043.6722207,688941
4228,bihar,arwal ,2019,1,181951883.21584406,166197
4229,bihar,vaishali ,2019,1,1174950625.584596,749004
4230,bihar,pashchim champaran ,2019,1,1627339576.7365215,938338
4231,bihar,gopalganj ,2019,1,840103896.7641628,436537
4232,bihar,lakhisarai ,2019,1,249104102.7771268,172050
4233,bihar,aurangabad ,2019,1,821609333.8419166,568106
4234,bihar,kaimur bhabua ,2019,1,419488028.47224784,286810
4235,bihar,araria ,2019,1,771182123.8666478,303436
4236,bihar,munger ,2019,1,359390718.44058144,244480
4237,bihar,katihar ,2019,1,978868951.5512419,545240
4238,bihar,khagaria ,2019,1,388654881.1122888,227052
4239,bihar,aharsa ,2019,1,701328047.2284671,325350
4240,bihar,bhagalpur ,2019,1,944495875.5771751,669334
4241,bihar,madhubani ,2019,1,1443743324.5058935,725008
4242,bihar,kishanganj ,2019,1,475097517.17226803,172840
4243,bihar,gaya ,2019,1,1460009336.4335551,1025084
4244,bihar,amastipur ,2019,1,1239854737.091689,792952
4245,bihar,banka ,2019,1,217589903.45217943,183133
4246,bihar,purbi champaran ,2019,1,1856147556.1115208,1069790
4247,bihar,heohar ,2019,1,142778197.8470657,93729
4248,bihar,bhojpur ,2019,1,765057325.7810102,469391
4249,bihar,madhepura ,2019,3,739372428.9356571,285255
4250,bihar,purnia ,2019,3,1275466657.1881194,538629
4251,bihar,nalanda ,2019,3,1272371591.0222805,734808
4252,bihar,buxar ,2019,3,437029984.6037791,233814
4253,bihar,arbhanga ,2019,3,1893397261.6964977,802970
4254,bihar,nawada ,2019,3,810703742.8400731,372689
4255,bihar,jamui ,2019,3,629177159.6217788,293099
4256,bihar,heikhpura ,2019,3,150326592.72004908,74944
4257,bihar,wan ,2019,3,1237987048.7848837,609065
4258,bihar,muzaffarpur ,2019,3,2988596103.6486,1526447
4259,bihar,patna ,2019,3,29128507191.150093,13404838
4260,bihar,jehanabad ,2019,3,348008740.36042374,215894
4261,bihar,ohtas ,2019,3,1189129969.583943,637472
4262,bihar,begusarai ,2019,3,950089935.3528172,486249
4263,bihar,upaul ,2019,3,702060184.942025,303444
4264,bihar,amarhi ,2019,3,1195168691.4594162,515053
4265,bihar,aran ,2019,3,1481370486.8404396,768342
4266,bihar,arwal ,2019,3,205282509.15999573,129870
4267,bihar,vaishali ,2019,3,1574270004.8935204,835929
4268,bihar,pashchim champaran ,2019,3,1810006586.8164406,794590
4269,bihar,gopalganj ,2019,3,1040012340.6442363,492551
4270,bihar,lakhisarai ,2019,3,301418673.57495433,166181
4271,bihar,aurangabad ,2019,3,976700580.1242042,489823
4272,bihar,kaimur bhabua ,2019,3,430488298.6257053,223817
4273,bihar,araria ,2019,3,991970413.1173825,337253
4274,bihar,munger ,2019,3,462815661.3253856,284046
4275,bihar,katihar ,2019,3,1365069712.4779544,605697
4276,bihar,khagaria ,2019,3,508683169.77999467,267467
4277,bihar,aharsa ,2019,3,859959130.6399224,364988
4278,bihar,bhagalpur ,2019,3,1192702908.7899477,666207
4279,bihar,madhubani ,2019,3,1815165089.5718448,732727
4280,bihar,kishanganj ,2019,3,605260943.6339835,212575
4281,bihar,gaya ,2019,3,1904955491.4095883,1275920
4282,bihar,amastipur ,2019,3,1503897789.8705068,725863
4283,bihar,banka ,2019,3,282598675.188678,168148
4284,bihar,purbi champaran ,2019,3,2348550130.6085625,1028626
4285,bihar,heohar ,2019,3,185572590.806138,83755
4286,bihar,bhojpur ,2019,3,898638782.4700944,450855
4287,bihar,madhepura ,2019,2,707798711.0540556,249723
4288,bihar,purnia ,2019,2,1078967975.3720567,430976
4289,bihar,nalanda ,2019,2,1254625995.6495633,710450
4290,bihar,buxar ,2019,2,475000124.2031771,231824
4291,bihar,arbhanga ,2019,2,1822608072.2658944,727675
4292,bihar,nawada ,2019,2,761867645.7594408,348121
4293,bihar,jamui ,2019,2,595497429.4021461,273377
4294,bihar,heikhpura ,2019,2,150977914.76673275,75522
4295,bihar,wan ,2019,2,1255140385.2918577,533899
4296,bihar,muzaffarpur ,2019,2,2730311714.0709352,1260648
4297,bihar,patna ,2019,2,26125484618.416542,13421445
4298,bihar,jehanabad ,2019,2,370093501.8179393,209202
4299,bihar,ohtas ,2019,2,1290203427.3036072,659316
4300,bihar,begusarai ,2019,2,861135419.9108713,420369
4301,bihar,upaul ,2019,2,621350641.7630955,261835
4302,bihar,amarhi ,2019,2,1054440854.8730336,464001
4303,bihar,aran ,2019,2,1511533675.480116,660816
4304,bihar,arwal ,2019,2,228089174.50087914,127961
4305,bihar,vaishali ,2019,2,1503710719.585722,706255
4306,bihar,pashchim champaran ,2019,2,1807646307.2005067,754956
4307,bihar,gopalganj ,2019,2,1042999794.7640297,419736
4308,bihar,lakhisarai ,2019,2,288144511.1409709,140776
4309,bihar,aurangabad ,2019,2,1028918812.5797844,466316
4310,bihar,kaimur bhabua ,2019,2,502827065.787676,233890
4311,bihar,araria ,2019,2,848688675.9117857,275976
4312,bihar,munger ,2019,2,434455542.9933263,225552
4313,bihar,katihar ,2019,2,1262216431.7638469,500894
4314,bihar,khagaria ,2019,2,474324786.2517421,211775
4315,bihar,aharsa ,2019,2,777991635.3881919,309217
4316,bihar,bhagalpur ,2019,2,1150904188.2353368,615040
4317,bihar,madhubani ,2019,2,1830248520.9448543,689839
4318,bihar,kishanganj ,2019,2,551086091.1205673,172899
4319,bihar,gaya ,2019,2,1718017778.563915,919937
4320,bihar,amastipur ,2019,2,1446039768.462154,659872
4321,bihar,banka ,2019,2,265207653.10207573,149782
4322,bihar,purbi champaran ,2019,2,2207821269.5337534,937122
4323,bihar,heohar ,2019,2,173885487.06595796,77989
4324,bihar,bhojpur ,2019,2,922175961.2433462,425496
4325,bihar,madhepura ,2023,4,25953393004.0,16314704
4326,bihar,purnia ,2023,4,50440973972.0,32315055
4327,bihar,nalanda ,2023,4,32175430860.0,18943925
4328,bihar,buxar ,2023,4,17974519468.0,10203979
4329,bihar,arbhanga ,2023,4,50219810870.0,31997125
4330,bihar,nawada ,2023,4,24384782742.0,14298322
4331,bihar,jamui ,2023,4,18433272566.0,12816166
4332,bihar,heikhpura ,2023,4,6071756875.0,3465555
4333,bihar,wan ,2023,4,47526719176.0,29765524
4334,bihar,muzaffarpur ,2023,4,80792893968.0,50819243
4335,bihar,patna ,2023,4,150536099493.0,107884364
4336,bihar,jehanabad ,2023,4,11070071309.0,7289747
4337,bihar,ohtas ,2023,4,40451657525.0,23757182
4338,bihar,begusarai ,2023,4,36537490489.0,24202009
4339,bihar,upaul ,2023,4,29389875694.0,19683416
4340,bihar,amarhi ,2023,4,38001925613.0,23396793
4341,bihar,aran ,2023,4,51819712710.0,32707531
4342,bihar,arwal ,2023,4,6250986574.0,4148425
4343,bihar,vaishali ,2023,4,47854928670.0,29436816
4344,bihar,pashchim champaran ,2023,4,60667879800.0,42704615
4345,bihar,gopalganj ,2023,4,36255486210.0,23915882
4346,bihar,lakhisarai ,2023,4,10529822673.0,6628616
4347,bihar,aurangabad ,2023,4,32838127184.0,21126612
4348,bihar,kaimur bhabua ,2023,4,15598837039.0,9490454
4349,bihar,araria ,2023,4,37016813129.0,23696775
4350,bihar,munger ,2023,4,14398100381.0,9696023
4351,bihar,katihar ,2023,4,44809004216.0,28970672
4352,bihar,khagaria ,2023,4,21020981658.0,12413621
4353,bihar,aharsa ,2023,4,26226093746.0,17649403
4354,bihar,bhagalpur ,2023,4,40676562918.0,27257966
4355,bihar,madhubani ,2023,4,51381268316.0,33062836
4356,bihar,kishanganj ,2023,4,24152415977.0,13140724
4357,bihar,gaya ,2023,4,62551956156.0,38352964
4358,bihar,amastipur ,2023,4,51973065647.0,32829529
4359,bihar,banka ,2023,4,14358136619.0,9650018
4360,bihar,purbi champaran ,2023,4,86733974303.0,58005442
4361,bihar,heohar ,2023,4,7810080512.0,4774031
4362,bihar,bhojpur ,2023,4,29850900353.0,17615210
4363,bihar,madhepura ,2023,1,18403681915.0,9325422
4364,bihar,purnia ,2023,1,34053061521.0,18584968
4365,bihar,nalanda ,2023,1,24530855115.0,12150263
4366,bihar,buxar ,2023,1,13034232514.0,5848393
4367,bihar,arbhanga ,2023,1,37292632745.0,19794010
4368,bihar,nawada ,2023,1,18377265005.0,8765279
4369,bihar,jamui ,2023,1,14398401252.0,7623375
4370,bihar,heikhpura ,2023,1,4530096302.0,2064752
4371,bihar,wan ,2023,1,33505364500.0,17788864
4372,bihar,muzaffarpur ,2023,1,56400533688.0,28886927
4373,bihar,patna ,2023,1,112520666995.0,69820541
4374,bihar,jehanabad ,2023,1,8944289704.0,4742795
4375,bihar,ohtas ,2023,1,31870801749.0,14339901
4376,bihar,begusarai ,2023,1,24643026366.0,13593673
4377,bihar,upaul ,2023,1,21298062049.0,11188599
4378,bihar,amarhi ,2023,1,26714708651.0,13145826
4379,bihar,aran ,2023,1,34998196534.0,18242895
4380,bihar,arwal ,2023,1,5071956116.0,2502105
4381,bihar,vaishali ,2023,1,33543187131.0,17216468
4382,bihar,pashchim champaran ,2023,1,44729618090.0,24252692
4383,bihar,gopalganj ,2023,1,25963151872.0,14225694
4384,bihar,lakhisarai ,2023,1,7603564543.0,3917986
4385,bihar,aurangabad ,2023,1,25828345171.0,12784275
4386,bihar,kaimur bhabua ,2023,1,12355271722.0,5540181
4387,bihar,araria ,2023,1,26702786410.0,13966242
4388,bihar,munger ,2023,1,10205485142.0,5690436
4389,bihar,katihar ,2023,1,31136452032.0,17506326
4390,bihar,khagaria ,2023,1,13942090816.0,6964087
4391,bihar,aharsa ,2023,1,19055033369.0,10201965
4392,bihar,bhagalpur ,2023,1,28839269423.0,16078316
4393,bihar,madhubani ,2023,1,38852004241.0,20101659
4394,bihar,kishanganj ,2023,1,18605794600.0,8133638
4395,bihar,gaya ,2023,1,47501890223.0,23452237
4396,bihar,amastipur ,2023,1,35295604286.0,18568228
4397,bihar,banka ,2023,1,10066290297.0,5555850
4398,bihar,purbi champaran ,2023,1,60944611798.0,32313824
4399,bihar,heohar ,2023,1,5284271246.0,2578708
4400,bihar,bhojpur ,2023,1,22234404811.0,10373795
4401,bihar,madhepura ,2023,3,20946452598.0,12813433
4402,bihar,purnia ,2023,3,41106386017.0,26117076
4403,bihar,nalanda ,2023,3,26840065359.0,15670839
4404,bihar,buxar ,2023,3,13496244054.0,7729276
4405,bihar,arbhanga ,2023,3,40227356501.0,25004950
4406,bihar,nawada ,2023,3,20028300790.0,11243134
4407,bihar,jamui ,2023,3,15073924901.0,9885198
4408,bihar,heikhpura ,2023,3,4777596815.0,2633192
4409,bihar,wan ,2023,3,36385241046.0,22990470
4410,bihar,muzaffarpur ,2023,3,63480145583.0,39925101
4411,bihar,patna ,2023,3,132269181273.0,98013455
4412,bihar,jehanabad ,2023,3,9184224648.0,6039125
4413,bihar,ohtas ,2023,3,31424087593.0,18374339
4414,bihar,begusarai ,2023,3,28653037292.0,18636319
4415,bihar,upaul ,2023,3,23387836097.0,15048425
4416,bihar,amarhi ,2023,3,29866396523.0,17777032
4417,bihar,aran ,2023,3,39510216437.0,25074640
4418,bihar,arwal ,2023,3,5014433549.0,3230923
4419,bihar,vaishali ,2023,3,38393550769.0,23197818
4420,bihar,pashchim champaran ,2023,3,46327159902.0,31785835
4421,bihar,gopalganj ,2023,3,28113653750.0,18686708
4422,bihar,lakhisarai ,2023,3,8188044117.0,4989085
4423,bihar,aurangabad ,2023,3,25093932305.0,16186417
4424,bihar,kaimur bhabua ,2023,3,11501060692.0,6869866
4425,bihar,araria ,2023,3,30037601189.0,19013036
4426,bihar,munger ,2023,3,11642626962.0,7591685
4427,bihar,katihar ,2023,3,37125678911.0,23271929
4428,bihar,khagaria ,2023,3,16415975391.0,9296027
4429,bihar,aharsa ,2023,3,21526923179.0,14055183
4430,bihar,bhagalpur ,2023,3,33667848652.0,22499005
4431,bihar,madhubani ,2023,3,39816948772.0,24869170
4432,bihar,kishanganj ,2023,3,19500387298.0,10519614
4433,bihar,gaya ,2023,3,50771344474.0,30917980
4434,bihar,amastipur ,2023,3,40545364202.0,25290002
4435,bihar,banka ,2023,3,11847467567.0,7764072
4436,bihar,purbi champaran ,2023,3,66901163763.0,44286078
4437,bihar,heohar ,2023,3,5982836841.0,3536978
4438,bihar,bhojpur ,2023,3,23082667554.0,13405336
4439,bihar,madhepura ,2023,2,23663784354.0,11542899
4440,bihar,purnia ,2023,2,43347802163.0,23962134
4441,bihar,nalanda ,2023,2,26580755603.0,13452507
4442,bihar,buxar ,2023,2,15191543693.0,7375631
4443,bihar,arbhanga ,2023,2,44529831252.0,24714109
4444,bihar,nawada ,2023,2,21162477632.0,10712609
4445,bihar,jamui ,2023,2,16599848901.0,9400437
4446,bihar,heikhpura ,2023,2,5249484763.0,2525600
4447,bihar,wan ,2023,2,41236183249.0,23055961
4448,bihar,muzaffarpur ,2023,2,66973720424.0,36854628
4449,bihar,patna ,2023,2,130723225180.0,86311917
4450,bihar,jehanabad ,2023,2,10095388597.0,5620623
4451,bihar,ohtas ,2023,2,34071204262.0,16205894
4452,bihar,begusarai ,2023,2,29251611911.0,17168596
4453,bihar,upaul ,2023,2,25849203741.0,13507753
4454,bihar,amarhi ,2023,2,31360327330.0,16838730
4455,bihar,aran ,2023,2,44329380967.0,25029090
4456,bihar,arwal ,2023,2,5725798581.0,3095085
4457,bihar,vaishali ,2023,2,39976290621.0,21976754
4458,bihar,pashchim champaran ,2023,2,49527742510.0,29419863
4459,bihar,gopalganj ,2023,2,31242743268.0,18186585
4460,bihar,lakhisarai ,2023,2,8868911131.0,4808552
4461,bihar,aurangabad ,2023,2,28881245867.0,15833640
4462,bihar,kaimur bhabua ,2023,2,14209837446.0,6954614
4463,bihar,araria ,2023,2,33009288137.0,17405238
4464,bihar,munger ,2023,2,12235379574.0,7081033
4465,bihar,katihar ,2023,2,38141384302.0,21366056
4466,bihar,khagaria ,2023,2,17833659050.0,8710333
4467,bihar,aharsa ,2023,2,23270182042.0,12642702
4468,bihar,bhagalpur ,2023,2,34770992914.0,20048497
4469,bihar,madhubani ,2023,2,46338955995.0,25118136
4470,bihar,kishanganj ,2023,2,20794017657.0,9784026
4471,bihar,gaya ,2023,2,52818315995.0,28494001
4472,bihar,amastipur ,2023,2,42663933231.0,24164490
4473,bihar,banka ,2023,2,12279532656.0,6994793
4474,bihar,purbi champaran ,2023,2,71129044926.0,41126238
4475,bihar,heohar ,2023,2,6245734376.0,3284512
4476,bihar,bhojpur ,2023,2,25867981089.0,13158828
4477,bihar,madhepura ,2022,4,10394138384.377644,5022050
4478,bihar,purnia ,2022,4,20057462336.596336,10279227
4479,bihar,nalanda ,2022,4,15020248161.563335,7514886
4480,bihar,buxar ,2022,4,8273334277.124817,3859617
4481,bihar,arbhanga ,2022,4,22879238312.29418,12146750
4482,bihar,nawada ,2022,4,10797138677.4231,4969118
4483,bihar,jamui ,2022,4,9004026158.218195,4745328
4484,bihar,heikhpura ,2022,4,3199876556.987208,1523803
4485,bihar,wan ,2022,4,23745856584.586132,12408052
4486,bihar,muzaffarpur ,2022,4,37684755616.87426,19056253
4487,bihar,patna ,2022,4,352393762150.4539,217434851
4488,bihar,jehanabad ,2022,4,5377284750.092999,2844066
4489,bihar,ohtas ,2022,4,17861976613.691093,8337061
4490,bihar,begusarai ,2022,4,16334643255.628489,8893901
4491,bihar,upaul ,2022,4,12023032235.635077,6223660
4492,bihar,amarhi ,2022,4,22844727997.171284,11973091
4493,bihar,aran ,2022,4,26710050303.497475,13791757
4494,bihar,arwal ,2022,4,3359266564.982947,1753363
4495,bihar,vaishali ,2022,4,26133475409.36425,13468090
4496,bihar,pashchim champaran ,2022,4,25203288880.711174,13798685
4497,bihar,gopalganj ,2022,4,16157351383.92667,8691592
4498,bihar,lakhisarai ,2022,4,4387567183.802448,2222938
4499,bihar,aurangabad ,2022,4,14382742226.580898,7443654
4500,bihar,kaimur bhabua ,2022,4,6480522741.600658,2948908
4501,bihar,araria ,2022,4,15306990824.123127,7506762
4502,bihar,munger ,2022,4,6540000510.843186,3517170
4503,bihar,katihar ,2022,4,17698024129.87237,9792573
4504,bihar,khagaria ,2022,4,8408292444.20792,4032933
4505,bihar,aharsa ,2022,4,11202536901.796572,5976774
4506,bihar,bhagalpur ,2022,4,16890265333.161451,8897955
4507,bihar,madhubani ,2022,4,23814034850.984543,12545809
4508,bihar,kishanganj ,2022,4,10323745245.981773,4547825
4509,bihar,gaya ,2022,4,28395718045.336975,14024331
4510,bihar,amastipur ,2022,4,25127091204.346607,13239614
4511,bihar,banka ,2022,4,8935956598.64038,4955109
4512,bihar,purbi champaran ,2022,4,36872763823.28027,19272446
4513,bihar,heohar ,2022,4,3282461020.338641,1532102
4514,bihar,bhojpur ,2022,4,12508501978.733713,5892545
4515,bihar,madhepura ,2022,1,8169628761.117577,3384919
4516,bihar,purnia ,2022,1,17165083851.272968,7761464
4517,bihar,nalanda ,2022,1,11341779105.26544,5035999
4518,bihar,buxar ,2022,1,5781443012.560297,2213876
4519,bihar,arbhanga ,2022,1,18524507492.64019,8600500
4520,bihar,nawada ,2022,1,8162305154.844238,3382331
4521,bihar,jamui ,2022,1,6174044424.336722,2761886
4522,bihar,heikhpura ,2022,1,1907084229.9723084,738851
4523,bihar,wan ,2022,1,22973497584.978127,10720865
4524,bihar,muzaffarpur ,2022,1,29225131277.29717,12910258
4525,bihar,patna ,2022,1,170738998652.74045,91217400
4526,bihar,jehanabad ,2022,1,4509669903.837336,1918857
4527,bihar,ohtas ,2022,1,14390577492.290545,5494559
4528,bihar,begusarai ,2022,1,10746300573.984077,5140182
4529,bihar,upaul ,2022,1,9470838252.825985,3890072
4530,bihar,amarhi ,2022,1,12169886828.570435,4933418
4531,bihar,aran ,2022,1,16777415647.316607,7423680
4532,bihar,arwal ,2022,1,2377609326.092368,1056566
4533,bihar,vaishali ,2022,1,15427137497.934029,6884744
4534,bihar,pashchim champaran ,2022,1,20305406431.096825,9265237
4535,bihar,gopalganj ,2022,1,11970509319.531534,5437535
4536,bihar,lakhisarai ,2022,1,3458134392.5420113,1489189
4537,bihar,aurangabad ,2022,1,11760556907.301996,4926976
4538,bihar,kaimur bhabua ,2022,1,5412923796.059852,1983220
4539,bihar,araria ,2022,1,11563147720.116594,4907830
4540,bihar,munger ,2022,1,5011636916.322436,2340138
4541,bihar,katihar ,2022,1,14031611245.279823,6255367
4542,bihar,khagaria ,2022,1,6309072164.205691,2655355
4543,bihar,aharsa ,2022,1,8654311080.491058,3894203
4544,bihar,bhagalpur ,2022,1,20799502004.842934,10073459
4545,bihar,madhubani ,2022,1,18147098698.577583,8110120
4546,bihar,kishanganj ,2022,1,7872047086.849613,2696563
4547,bihar,gaya ,2022,1,20921479270.866283,9087772
4548,bihar,amastipur ,2022,1,15787707876.874931,7178902
4549,bihar,banka ,2022,1,3997541788.4809084,1820481
4550,bihar,purbi champaran ,2022,1,27143934069.44426,11934864
4551,bihar,heohar ,2022,1,2380342632.556236,934918
4552,bihar,bhojpur ,2022,1,9851793259.827124,3927878
4553,bihar,madhepura ,2022,3,8953953685.411013,4155258
4554,bihar,purnia ,2022,3,18855257893.335304,9688113
4555,bihar,nalanda ,2022,3,12758737340.182434,6312480
4556,bihar,buxar ,2022,3,6267094764.700462,2865171
4557,bihar,arbhanga ,2022,3,19863946497.371433,10324556
4558,bihar,nawada ,2022,3,10110506714.580349,4486372
4559,bihar,jamui ,2022,3,7696647528.882872,3946599
4560,bihar,heikhpura ,2022,3,2159710163.7606363,918143
4561,bihar,wan ,2022,3,18122655169.770046,9418848
4562,bihar,muzaffarpur ,2022,3,33481627797.22489,16912765
4563,bihar,patna ,2022,3,298860414441.2887,188665398
4564,bihar,jehanabad ,2022,3,4817559409.231341,2448662
4565,bihar,ohtas ,2022,3,14544338902.353832,6784436
4566,bihar,begusarai ,2022,3,14221932160.040894,7583904
4567,bihar,upaul ,2022,3,10141522251.311586,4921556
4568,bihar,amarhi ,2022,3,22642688423.69205,12134163
4569,bihar,aran ,2022,3,20973427431.87491,10802033
4570,bihar,arwal ,2022,3,2467707362.693567,1236701
4571,bihar,vaishali ,2022,3,18511476452.576893,9169007
4572,bihar,pashchim champaran ,2022,3,21455732877.10686,11723439
4573,bihar,gopalganj ,2022,3,14444438767.732466,7957267
4574,bihar,lakhisarai ,2022,3,3725300700.4204597,1805206
4575,bihar,aurangabad ,2022,3,11748526557.995451,5912006
4576,bihar,kaimur bhabua ,2022,3,5227485997.481998,2341336
4577,bihar,araria ,2022,3,13243913151.984716,6340369
4578,bihar,munger ,2022,3,5290417306.818951,2750473
4579,bihar,katihar ,2022,3,15746213805.903904,8203134
4580,bihar,khagaria ,2022,3,7232845388.720422,3304286
4581,bihar,aharsa ,2022,3,9756024807.481964,5029944
4582,bihar,bhagalpur ,2022,3,16048487257.880058,8342252
4583,bihar,madhubani ,2022,3,19516793344.794167,9999220
4584,bihar,kishanganj ,2022,3,8599495658.020891,3653577
4585,bihar,gaya ,2022,3,23491978226.50628,11189071
4586,bihar,amastipur ,2022,3,23600501220.43035,12531008
4587,bihar,banka ,2022,3,5282684096.827041,2758275
4588,bihar,purbi champaran ,2022,3,28167506672.733845,14515173
4589,bihar,heohar ,2022,3,2733020743.2677464,1221390
4590,bihar,bhojpur ,2022,3,10683915585.523502,5015794
4591,bihar,madhepura ,2022,2,10528550899.75672,4209207
4592,bihar,purnia ,2022,2,21758789746.188175,9889577
4593,bihar,nalanda ,2022,2,14053342099.546486,6269480
4594,bihar,buxar ,2022,2,7161712617.6599455,2797437
4595,bihar,arbhanga ,2022,2,23025583344.149986,10725196
4596,bihar,nawada ,2022,2,10454110803.525658,4118007
4597,bihar,jamui ,2022,2,7664159458.498425,3528608
4598,bihar,heikhpura ,2022,2,2388511372.3160167,953725
4599,bihar,wan ,2022,2,28063144036.92107,13494216
4600,bihar,muzaffarpur ,2022,2,35870055221.49521,16060062
4601,bihar,patna ,2022,2,215948701155.291,119754430
4602,bihar,jehanabad ,2022,2,4962454493.44301,2181068
4603,bihar,ohtas ,2022,2,16999683485.765375,6569923
4604,bihar,begusarai ,2022,2,13396079469.542109,6463752
4605,bihar,upaul ,2022,2,11542262441.157799,4800847
4606,bihar,amarhi ,2022,2,14845317009.181423,6268537
4607,bihar,aran ,2022,2,21097797508.939884,9482396
4608,bihar,arwal ,2022,2,2833934564.2111135,1219651
4609,bihar,vaishali ,2022,2,18791974627.72206,8483096
4610,bihar,pashchim champaran ,2022,2,22189359146.473335,10647366
4611,bihar,gopalganj ,2022,2,14516572895.084824,6866807
4612,bihar,lakhisarai ,2022,2,4178741899.804287,1833275
4613,bihar,aurangabad ,2022,2,13966695911.645943,5998050
4614,bihar,kaimur bhabua ,2022,2,6576390597.0652895,2446252
4615,bihar,araria ,2022,2,14540177017.556528,6068247
4616,bihar,munger ,2022,2,6133298409.635766,2942234
4617,bihar,katihar ,2022,2,17364725135.139015,8028934
4618,bihar,khagaria ,2022,2,8105786236.559596,3319181
4619,bihar,aharsa ,2022,2,10425194152.620003,4720666
4620,bihar,bhagalpur ,2022,2,27138540976.036263,13606084
4621,bihar,madhubani ,2022,2,22075739375.54572,9968959
4622,bihar,kishanganj ,2022,2,9041606905.003721,3377891
4623,bihar,gaya ,2022,2,25092417405.41481,10986567
4624,bihar,amastipur ,2022,2,19625456128.133415,8955837
4625,bihar,banka ,2022,2,4974783639.077059,2349784
4626,bihar,purbi champaran ,2022,2,32099286217.64873,14735078
4627,bihar,heohar ,2022,2,3004542073.5540576,1194107
4628,bihar,bhojpur ,2022,2,12025976488.832731,4830495
4629,bihar,madhepura ,2020,4,3405769861.5922456,1155495
4630,bihar,purnia ,2020,4,6313205420.536484,2416041
4631,bihar,nalanda ,2020,4,5113627159.016581,2255217
4632,bihar,buxar ,2020,4,2433657273.7369094,963324
4633,bihar,arbhanga ,2020,4,8213612835.37384,3297598
4634,bihar,nawada ,2020,4,3226293360.797572,1338381
4635,bihar,jamui ,2020,4,2328130984.1414194,1013521
4636,bihar,heikhpura ,2020,4,779886887.556597,313125
4637,bihar,wan ,2020,4,7277805273.892392,2923089
4638,bihar,muzaffarpur ,2020,4,12202451465.695423,4970912
4639,bihar,patna ,2020,4,59562106826.23723,24443301
4640,bihar,jehanabad ,2020,4,1632955082.0056512,767929
4641,bihar,ohtas ,2020,4,5786209443.492433,2274947
4642,bihar,begusarai ,2020,4,4383397822.314561,1917729
4643,bihar,upaul ,2020,4,3451957982.64254,1248616
4644,bihar,amarhi ,2020,4,5163962875.829563,1921037
4645,bihar,aran ,2020,4,7973001812.2863655,3186771
4646,bihar,arwal ,2020,4,977567078.4541155,458804
4647,bihar,vaishali ,2020,4,6877998945.967648,2855999
4648,bihar,pashchim champaran ,2020,4,8105523399.184195,3212814
4649,bihar,gopalganj ,2020,4,5396052519.427364,2155078
4650,bihar,lakhisarai ,2020,4,1489033799.4804764,631414
4651,bihar,aurangabad ,2020,4,4731495349.138017,2000839
4652,bihar,kaimur bhabua ,2020,4,1996021958.0036626,804133
4653,bihar,araria ,2020,4,4487761348.603099,1536430
4654,bihar,munger ,2020,4,2097436831.3098593,985968
4655,bihar,katihar ,2020,4,5579698503.842487,2214215
4656,bihar,khagaria ,2020,4,2780348233.324653,1056610
4657,bihar,aharsa ,2020,4,3474389173.253613,1364666
4658,bihar,bhagalpur ,2020,4,7190986202.2250805,2991335
4659,bihar,madhubani ,2020,4,8381284790.63908,3371688
4660,bihar,kishanganj ,2020,4,2782113132.0432177,891347
4661,bihar,gaya ,2020,4,8039045789.856662,3671183
4662,bihar,amastipur ,2020,4,7160693870.108389,2867496
4663,bihar,banka ,2020,4,1444721613.3913236,715298
4664,bihar,purbi champaran ,2020,4,11303073256.046879,4295258
4665,bihar,heohar ,2020,4,925961538.7522074,340485
4666,bihar,bhojpur ,2020,4,4436373436.272966,1763580
4667,bihar,madhepura ,2020,1,1364725313.70303,480526
4668,bihar,purnia ,2020,1,2167563281.850881,893061
4669,bihar,nalanda ,2020,1,2072042821.186254,1053570
4670,bihar,buxar ,2020,1,827738991.9185871,388504
4671,bihar,arbhanga ,2020,1,3181062829.7925153,1296525
4672,bihar,nawada ,2020,1,1196256748.060038,529218
4673,bihar,jamui ,2020,1,865572635.0054713,394536
4674,bihar,heikhpura ,2020,1,285519415.02779377,130669
4675,bihar,wan ,2020,1,3110551570.935919,1271446
4676,bihar,muzaffarpur ,2020,1,4863182774.540835,2083611
4677,bihar,patna ,2020,1,39935619593.17576,15560992
4678,bihar,jehanabad ,2020,1,622588363.5178897,317868
4679,bihar,ohtas ,2020,1,2233802827.065363,989497
4680,bihar,begusarai ,2020,1,1778528408.1571472,805744
4681,bihar,upaul ,2020,1,1442744378.078645,548881
4682,bihar,amarhi ,2020,1,1906088096.2837322,785267
4683,bihar,aran ,2020,1,2601605429.0124073,1173182
4684,bihar,arwal ,2020,1,369500731.1945243,188963
4685,bihar,vaishali ,2020,1,2609194507.8739076,1177251
4686,bihar,pashchim champaran ,2020,1,3918107336.0968547,1495660
4687,bihar,gopalganj ,2020,1,2019980907.0564551,838277
4688,bihar,lakhisarai ,2020,1,541750309.9857423,261395
4689,bihar,aurangabad ,2020,1,1777915098.7738633,790573
4690,bihar,kaimur bhabua ,2020,1,798668648.0287902,362763
4691,bihar,araria ,2020,1,1691300733.350873,573320
4692,bihar,munger ,2020,1,756628791.9246718,386821
4693,bihar,katihar ,2020,1,2253746832.6199813,927801
4694,bihar,khagaria ,2020,1,1116121644.0248554,446511
4695,bihar,aharsa ,2020,1,1538256331.516547,592496
4696,bihar,bhagalpur ,2020,1,2607337583.9573007,1141739
4697,bihar,madhubani ,2020,1,3304637932.87874,1264352
4698,bihar,kishanganj ,2020,1,1105518979.6245074,366857
4699,bihar,gaya ,2020,1,2986729749.0724163,1524983
4700,bihar,amastipur ,2020,1,2987274105.577726,1233758
4701,bihar,banka ,2020,1,495594270.36063826,274099
4702,bihar,purbi champaran ,2020,1,4068019841.6956363,1671939
4703,bihar,heohar ,2020,1,323926587.23371446,138460
4704,bihar,bhojpur ,2020,1,1531449127.0872145,720700
4705,bihar,madhepura ,2020,3,2407274295.5209475,840190
4706,bihar,purnia ,2020,3,4557372216.14834,1716768
4707,bihar,nalanda ,2020,3,3529746839.253335,1624864
4708,bihar,buxar ,2020,3,1455757663.230104,656065
4709,bihar,arbhanga ,2020,3,5614591300.218319,2323627
4710,bihar,nawada ,2020,3,2308993006.024666,1000893
4711,bihar,jamui ,2020,3,1609232018.7763486,734016
4712,bihar,heikhpura ,2020,3,574111444.3271546,241583
4713,bihar,wan ,2020,3,4329423959.004385,1927410
4714,bihar,muzaffarpur ,2020,3,8200376318.7605715,3476178
4715,bihar,patna ,2020,3,53687192629.51601,20716631
4716,bihar,jehanabad ,2020,3,1104035168.358767,550190
4717,bihar,ohtas ,2020,3,3856856055.217502,1626703
4718,bihar,begusarai ,2020,3,2893661971.8160596,1317210
4719,bihar,upaul ,2020,3,2379533644.449113,923545
4720,bihar,amarhi ,2020,3,3409254144.7720685,1409661
4721,bihar,aran ,2020,3,4722794813.392222,2089459
4722,bihar,arwal ,2020,3,694512744.6371222,340974
4723,bihar,vaishali ,2020,3,4585312142.295209,2036376
4724,bihar,pashchim champaran ,2020,3,5255815898.1095295,2269399
4725,bihar,gopalganj ,2020,3,3174685073.331356,1415473
4726,bihar,lakhisarai ,2020,3,1035626941.2723517,450566
4727,bihar,aurangabad ,2020,3,3120668555.4614325,1435440
4728,bihar,kaimur bhabua ,2020,3,1428780291.4634788,624278
4729,bihar,araria ,2020,3,2994975160.9148684,1042498
4730,bihar,munger ,2020,3,1421983383.8553882,679643
4731,bihar,katihar ,2020,3,3853316755.054476,1523754
4732,bihar,khagaria ,2020,3,1852615085.439643,714776
4733,bihar,aharsa ,2020,3,2472660207.9966626,972500
4734,bihar,bhagalpur ,2020,3,5919155397.532423,2291210
4735,bihar,madhubani ,2020,3,5502534112.219719,2378853
4736,bihar,kishanganj ,2020,3,1847126001.0135412,636842
4737,bihar,gaya ,2020,3,5418904171.855324,2533169
4738,bihar,amastipur ,2020,3,4648101415.026892,1964342
4739,bihar,banka ,2020,3,1012504549.4394572,535276
4740,bihar,purbi champaran ,2020,3,7082795603.42408,3014805
4741,bihar,heohar ,2020,3,625127614.8300326,259484
4742,bihar,bhojpur ,2020,3,2741456517.85939,1209097
4743,bihar,madhepura ,2020,2,1926390841.166892,694489
4744,bihar,purnia ,2020,2,3144206568.857592,1220645
4745,bihar,nalanda ,2020,2,2511735768.047657,1236612
4746,bihar,buxar ,2020,2,1138890071.6512625,528766
4747,bihar,arbhanga ,2020,2,3932060943.723905,1660540
4748,bihar,nawada ,2020,2,1856990665.1993876,830738
4749,bihar,jamui ,2020,2,1292352801.0293171,616481
4750,bihar,heikhpura ,2020,2,406544187.4961597,190302
4751,bihar,wan ,2020,2,3205163656.156026,1496472
4752,bihar,muzaffarpur ,2020,2,5903193156.447356,2572251
4753,bihar,patna ,2020,2,37859920784.96573,13807801
4754,bihar,jehanabad ,2020,2,878935641.2177955,429941
4755,bihar,ohtas ,2020,2,3012571093.1514225,1317112
4756,bihar,begusarai ,2020,2,2205771257.6485567,1013896
4757,bihar,upaul ,2020,2,1940245968.2229395,782514
4758,bihar,amarhi ,2020,2,2443446938.800221,1089786
4759,bihar,aran ,2020,2,3305092760.4327326,1590231
4760,bihar,arwal ,2020,2,564599035.4340922,268085
4761,bihar,vaishali ,2020,2,3209993082.146053,1501134
4762,bihar,pashchim champaran ,2020,2,4653237699.000595,1947807
4763,bihar,gopalganj ,2020,2,2541417532.159407,1167013
4764,bihar,lakhisarai ,2020,2,767683220.4107254,363770
4765,bihar,aurangabad ,2020,2,2486444709.1999884,1130661
4766,bihar,kaimur bhabua ,2020,2,1285754641.566043,543289
4767,bihar,araria ,2020,2,2480203645.4072447,858907
4768,bihar,munger ,2020,2,1029703568.186164,522173
4769,bihar,katihar ,2020,2,3151138413.4235682,1255101
4770,bihar,khagaria ,2020,2,1467466198.6475816,576287
4771,bihar,aharsa ,2020,2,2081765908.6369975,823372
4772,bihar,bhagalpur ,2020,2,3998834364.737462,1561760
4773,bihar,madhubani ,2020,2,4146168147.408863,1777506
4774,bihar,kishanganj ,2020,2,1487107954.6460934,526568
4775,bihar,gaya ,2020,2,4100072381.073015,1972685
4776,bihar,amastipur ,2020,2,3614031763.2833586,1536299
4777,bihar,banka ,2020,2,844160854.0753887,458109
4778,bihar,purbi champaran ,2020,2,5443836316.373771,2357758
4779,bihar,heohar ,2020,2,451476592.3547003,205238
4780,bihar,bhojpur ,2020,2,2037914496.4578984,954643
4781,bihar,madhepura ,2018,4,482649436.49606454,206209
4782,bihar,purnia ,2018,4,731281592.8687838,323276
4783,bihar,nalanda ,2018,4,846144772.7533281,666931
4784,bihar,buxar ,2018,4,281722827.8503226,166308
4785,bihar,arbhanga ,2018,4,1142706537.988927,515957
4786,bihar,nawada ,2018,4,417621899.1957779,225093
4787,bihar,jamui ,2018,4,267317791.28074193,156998
4788,bihar,heikhpura ,2018,4,94354176.72548714,52160
4789,bihar,wan ,2018,4,813062416.723522,366863
4790,bihar,muzaffarpur ,2018,4,1682571935.1825838,886640
4791,bihar,patna ,2018,4,4907266831.021729,3256138
4792,bihar,jehanabad ,2018,4,216771088.343031,176508
4793,bihar,ohtas ,2018,4,818426211.762433,534230
4794,bihar,begusarai ,2018,4,570039331.1250697,326254
4795,bihar,upaul ,2018,4,393510177.4705521,207479
4796,bihar,amarhi ,2018,4,664456738.5784366,338316
4797,bihar,aran ,2018,4,976827835.416697,495166
4798,bihar,arwal ,2018,4,128451766.47901765,94144
4799,bihar,vaishali ,2018,4,964760831.5562135,522642
4800,bihar,pashchim champaran ,2018,4,1215256332.6509814,582470
4801,bihar,gopalganj ,2018,4,665355068.2331328,288486
4802,bihar,lakhisarai ,2018,4,181734953.46668482,115486
4803,bihar,aurangabad ,2018,4,535217438.3518773,345707
4804,bihar,kaimur bhabua ,2018,4,291814682.84454566,175587
4805,bihar,araria ,2018,4,643458080.2643342,224141
4806,bihar,munger ,2018,4,283385408.5237344,173044
4807,bihar,katihar ,2018,4,755567034.96501,364308
4808,bihar,khagaria ,2018,4,336919554.49972945,175089
4809,bihar,aharsa ,2018,4,503942086.39202034,226972
4810,bihar,bhagalpur ,2018,4,770462001.2139144,460720
4811,bihar,madhubani ,2018,4,1055071917.0285338,480479
4812,bihar,kishanganj ,2018,4,375883248.4677948,130169
4813,bihar,gaya ,2018,4,1079658570.770959,724866
4814,bihar,amastipur ,2018,4,1020002681.3963063,529944
4815,bihar,banka ,2018,4,153837814.69884193,120661
4816,bihar,purbi champaran ,2018,4,1458571863.511211,732175
4817,bihar,heohar ,2018,4,111505767.66156708,57310
4818,bihar,bhojpur ,2018,4,560408464.8180625,307475
4819,bihar,madhepura ,2018,1,85073945.80231695,79822
4820,bihar,purnia ,2018,1,139947209.0171691,132262
4821,bihar,nalanda ,2018,1,190613485.9647957,208901
4822,bihar,buxar ,2018,1,56987162.135050416,61490
4823,bihar,arbhanga ,2018,1,224628301.62800157,217364
4824,bihar,nawada ,2018,1,81161592.44495997,78480
4825,bihar,jamui ,2018,1,44565632.6441077,48226
4826,bihar,heikhpura ,2018,1,23630132.07561916,20728
4827,bihar,wan ,2018,1,169228975.706601,129094
4828,bihar,muzaffarpur ,2018,1,394717112.5966706,388401
4829,bihar,patna ,2018,1,1282492050.6392517,1197281
4830,bihar,jehanabad ,2018,1,47274894.952514395,52401
4831,bihar,ohtas ,2018,1,181378994.9786085,201231
4832,bihar,begusarai ,2018,1,130265729.66231602,134911
4833,bihar,upaul ,2018,1,71313091.35844366,85807
4834,bihar,amarhi ,2018,1,162281680.13643384,145625
4835,bihar,aran ,2018,1,171839806.769135,149786
4836,bihar,arwal ,2018,1,27549102.079531405,31620
4837,bihar,vaishali ,2018,1,211794626.32466358,201678
4838,bihar,pashchim champaran ,2018,1,236190496.64302668,215866
4839,bihar,gopalganj ,2018,1,141070590.51185086,107134
4840,bihar,lakhisarai ,2018,1,43611675.07515131,42937
4841,bihar,aurangabad ,2018,1,114737537.86150897,114354
4842,bihar,kaimur bhabua ,2018,1,70110158.70484145,64493
4843,bihar,araria ,2018,1,95184067.64819424,81597
4844,bihar,munger ,2018,1,64455596.263603695,64639
4845,bihar,katihar ,2018,1,129701645.52738735,138075
4846,bihar,khagaria ,2018,1,71955894.82466315,65892
4847,bihar,aharsa ,2018,1,82038819.77477607,88087
4848,bihar,bhagalpur ,2018,1,172905796.12309915,174456
4849,bihar,madhubani ,2018,1,203080851.021446,173946
4850,bihar,kishanganj ,2018,1,45880790.35124814,38179
4851,bihar,gaya ,2018,1,227470166.14682063,231873
4852,bihar,amastipur ,2018,1,213634124.82589722,222241
4853,bihar,banka ,2018,1,32623795.99344401,39192
4854,bihar,purbi champaran ,2018,1,264192918.45434484,254643
4855,bihar,heohar ,2018,1,22183882.577362113,25700
4856,bihar,bhojpur ,2018,1,117985836.77226338,115890
4857,bihar,madhepura ,2018,3,336637863.733843,149943
4858,bihar,purnia ,2018,3,489478561.63340366,254555
4859,bihar,nalanda ,2018,3,768203889.8354421,896006
4860,bihar,buxar ,2018,3,188136993.80738562,141186
4861,bihar,arbhanga ,2018,3,764466707.7610799,413648
4862,bihar,nawada ,2018,3,289802022.4357294,209878
4863,bihar,jamui ,2018,3,152652365.36698443,104140
4864,bihar,heikhpura ,2018,3,56373786.91673915,37393
4865,bihar,wan ,2018,3,538177446.0290899,272311
4866,bihar,muzaffarpur ,2018,3,1265457842.0721817,959708
4867,bihar,patna ,2018,3,3873142430.776816,3360157
4868,bihar,jehanabad ,2018,3,154263782.76355198,158009
4869,bihar,ohtas ,2018,3,668806719.3479261,701262
4870,bihar,begusarai ,2018,3,368522165.54476273,226986
4871,bihar,upaul ,2018,3,272659476.2168338,165526
4872,bihar,amarhi ,2018,3,479856960.6130353,266426
4873,bihar,aran ,2018,3,636933865.4864707,366520
4874,bihar,arwal ,2018,3,92938267.76066552,78393
4875,bihar,vaishali ,2018,3,660314110.761917,427385
4876,bihar,pashchim champaran ,2018,3,778844052.9981706,427544
4877,bihar,gopalganj ,2018,3,422499144.20198405,218210
4878,bihar,lakhisarai ,2018,3,136115937.97138983,129690
4879,bihar,aurangabad ,2018,3,354055669.18676025,269704
4880,bihar,kaimur bhabua ,2018,3,180251318.44516638,128090
4881,bihar,araria ,2018,3,428450949.72570324,167608
4882,bihar,munger ,2018,3,186691409.16526166,136515
4883,bihar,katihar ,2018,3,513132287.79855496,252857
4884,bihar,khagaria ,2018,3,245267621.7634195,145602
4885,bihar,aharsa ,2018,3,334445151.13590336,185665
4886,bihar,bhagalpur ,2018,3,579615297.8454922,422204
4887,bihar,madhubani ,2018,3,681883536.8483069,353968
4888,bihar,kishanganj ,2018,3,232008456.55016178,94729
4889,bihar,gaya ,2018,3,893929004.0264461,919453
4890,bihar,amastipur ,2018,3,660092785.6814661,400049
4891,bihar,banka ,2018,3,101993248.98606177,86362
4892,bihar,purbi champaran ,2018,3,921447417.5581727,544285
4893,bihar,heohar ,2018,3,79579549.20914777,43723
4894,bihar,bhojpur ,2018,3,348676280.9394509,252114
4895,bihar,madhepura ,2018,2,257666353.5333141,128793
4896,bihar,purnia ,2018,2,341288206.35140955,200492
4897,bihar,nalanda ,2018,2,368156034.43526965,306468
4898,bihar,buxar ,2018,2,121370124.35207516,95499
4899,bihar,arbhanga ,2018,2,569573309.6554229,322140
4900,bihar,nawada ,2018,2,171877320.67431092,117582
4901,bihar,jamui ,2018,2,105507695.66701967,73817
4902,bihar,heikhpura ,2018,2,43496026.134309486,30292
4903,bihar,wan ,2018,2,449888077.39217174,216997
4904,bihar,muzaffarpur ,2018,2,841276317.7006266,554675
4905,bihar,patna ,2018,2,2328839155.6378717,1650942
4906,bihar,jehanabad ,2018,2,94030824.14988841,76302
4907,bihar,ohtas ,2018,2,364889751.10899305,281535
4908,bihar,begusarai ,2018,2,276462420.9598826,200949
4909,bihar,upaul ,2018,2,207587718.3219347,120248
4910,bihar,amarhi ,2018,2,327556110.6386512,207834
4911,bihar,aran ,2018,2,474215326.876581,261588
4912,bihar,arwal ,2018,2,51924029.92783449,41799
4913,bihar,vaishali ,2018,2,471071129.4019304,316405
4914,bihar,pashchim champaran ,2018,2,542379988.9027045,305553
4915,bihar,gopalganj ,2018,2,361155964.2833132,176783
4916,bihar,lakhisarai ,2018,2,79811566.97732757,63428
4917,bihar,aurangabad ,2018,2,242694823.73033327,166360
4918,bihar,kaimur bhabua ,2018,2,133155808.11253244,95278
4919,bihar,araria ,2018,2,340399877.3329379,144230
4920,bihar,munger ,2018,2,135654469.06000394,104641
4921,bihar,katihar ,2018,2,363989212.7444124,218980
4922,bihar,khagaria ,2018,2,171833273.7425387,107663
4923,bihar,aharsa ,2018,2,228422183.974468,137218
4924,bihar,bhagalpur ,2018,2,373912200.78000844,265147
4925,bihar,madhubani ,2018,2,554829469.6286854,286112
4926,bihar,kishanganj ,2018,2,137867030.27901366,68492
4927,bihar,gaya ,2018,2,438042055.7809131,324390
4928,bihar,amastipur ,2018,2,502582636.032881,316985
4929,bihar,banka ,2018,2,71579691.62372304,62184
4930,bihar,purbi champaran ,2018,2,650452550.5678003,373033
4931,bihar,heohar ,2018,2,49770706.40070893,31877
4932,bihar,bhojpur ,2018,2,260921666.79854035,179667
4933,bihar,madhepura ,2024,1,28906881927.0,19946559
4934,bihar,purnia ,2024,1,55382107240.0,38065587
4935,bihar,nalanda ,2024,1,38165562005.0,22823320
4936,bihar,buxar ,2024,1,21912896525.0,12314145
4937,bihar,arbhanga ,2024,1,55830716253.0,35858508
4938,bihar,nawada ,2024,1,29223132024.0,17478812
4939,bihar,jamui ,2024,1,22134768260.0,15343376
4940,bihar,heikhpura ,2024,1,7336710405.0,4195163
4941,bihar,wan ,2024,1,52026139318.0,33941195
4942,bihar,muzaffarpur ,2024,1,86963985853.0,57049079
4943,bihar,patna ,2024,1,168717285818.0,123973894
4944,bihar,jehanabad ,2024,1,13575609452.0,8684263
4945,bihar,ohtas ,2024,1,51882054017.0,29187339
4946,bihar,begusarai ,2024,1,40779897978.0,27531462
4947,bihar,upaul ,2024,1,33802713672.0,23991280
4948,bihar,amarhi ,2024,1,42254138833.0,26758224
4949,bihar,aran ,2024,1,56203278786.0,37383788
4950,bihar,arwal ,2024,1,7810285337.0,4956769
4951,bihar,vaishali ,2024,1,51989261680.0,32692957
4952,bihar,pashchim champaran ,2024,1,72479969638.0,51065629
4953,bihar,gopalganj ,2024,1,40331700419.0,27457228
4954,bihar,lakhisarai ,2024,1,13069323504.0,7950835
4955,bihar,aurangabad ,2024,1,42521703664.0,25856854
4956,bihar,kaimur bhabua ,2024,1,19908667507.0,11573560
4957,bihar,araria ,2024,1,42031884902.0,28832351
4958,bihar,munger ,2024,1,16078676378.0,10912975
4959,bihar,katihar ,2024,1,50473843705.0,34744502
4960,bihar,khagaria ,2024,1,23378884207.0,14568446
4961,bihar,aharsa ,2024,1,29482408105.0,21011458
4962,bihar,bhagalpur ,2024,1,46178060869.0,31949599
4963,bihar,madhubani ,2024,1,58084984859.0,37193939
4964,bihar,kishanganj ,2024,1,28238893090.0,16009670
4965,bihar,gaya ,2024,1,74598916768.0,45658673
4966,bihar,amastipur ,2024,1,56499472106.0,36757554
4967,bihar,banka ,2024,1,17731867172.0,11661832
4968,bihar,purbi champaran ,2024,1,97035296986.0,66636491
4969,bihar,heohar ,2024,1,8222261401.0,5276774
4970,bihar,bhojpur ,2024,1,36492624233.0,21440693
4971,manipur,kangpokpi ,2021,4,318563859.82046556,107329
4972,manipur,noney ,2021,4,68519523.59000592,18970
4973,manipur,mphal east ,2021,4,853764884.9988655,268205
4974,manipur,houbal ,2021,4,393043161.28167,130316
4975,manipur,kakching ,2021,4,130159064.31913412,43224
4976,manipur,jiribam ,2021,4,97241435.32166685,30742
4977,manipur,ukhrul ,2021,4,142778895.31045908,38665
4978,manipur,amenglong ,2021,4,140792582.9323008,40279
4979,manipur,kamjong ,2021,4,32152837.655377008,8685
4980,manipur,handel ,2021,4,131651667.09783676,39891
4981,manipur,bishnupur ,2021,4,369885898.8351996,113386
4982,manipur,enapati ,2021,4,119108747.24317983,33983
4983,manipur,pherzawl ,2021,4,4851553.5065681385,2553
4984,manipur,hurachandpur ,2021,4,446895232.6851511,121140
4985,manipur,engnoupal ,2021,4,154956864.23616886,40383
4986,manipur,mphal west ,2021,4,9254105829.377777,3649688
4987,manipur,kangpokpi ,2021,1,205050443.8236801,63234
4988,manipur,noney ,2021,1,47249169.68840321,12635
4989,manipur,mphal east ,2021,1,530028907.0928848,161841
4990,manipur,houbal ,2021,1,240713473.6681419,72593
4991,manipur,kakching ,2021,1,92307870.36114596,29803
4992,manipur,jiribam ,2021,1,58448279.737162024,16697
4993,manipur,ukhrul ,2021,1,68745913.46443734,22415
4994,manipur,amenglong ,2021,1,72960342.05136192,20962
4995,manipur,kamjong ,2021,1,24926447.76105148,6312
4996,manipur,handel ,2021,1,80445733.20656839,23884
4997,manipur,bishnupur ,2021,1,255486792.7272072,73777
4998,manipur,enapati ,2021,1,73777202.5143657,22025
4999,manipur,pherzawl ,2021,1,4788028.467703758,1714
5000,manipur,hurachandpur ,2021,1,250250943.40948159,62755
5001,manipur,engnoupal ,2021,1,102554591.19717449,19430
5002,manipur,mphal west ,2021,1,4962553375.308464,1693458
5003,manipur,kangpokpi ,2021,3,299760833.40438926,94883
5004,manipur,noney ,2021,3,63161488.24690456,16371
5005,manipur,mphal east ,2021,3,705081475.2381085,226128
5006,manipur,houbal ,2021,3,363547884.1177802,113257
5007,manipur,kakching ,2021,3,128692670.00805303,44277
5008,manipur,jiribam ,2021,3,80773937.39020777,26615
5009,manipur,ukhrul ,2021,3,118509943.90387845,35250
5010,manipur,amenglong ,2021,3,108769884.20480461,33266
5011,manipur,kamjong ,2021,3,32384455.496498216,7567
5012,manipur,handel ,2021,3,116052040.78947881,36126
5013,manipur,bishnupur ,2021,3,320379628.1976948,104901
5014,manipur,enapati ,2021,3,94805880.65418252,30580
5015,manipur,pherzawl ,2021,3,6654015.070624737,2176
5016,manipur,hurachandpur ,2021,3,397548796.562021,109913
5017,manipur,engnoupal ,2021,3,133669134.59317195,32351
5018,manipur,mphal west ,2021,3,7437068961.027054,3027735
5019,manipur,kangpokpi ,2021,2,236369410.09906262,78765
5020,manipur,noney ,2021,2,49460189.27496501,13296
5021,manipur,mphal east ,2021,2,491977805.9791717,179337
5022,manipur,houbal ,2021,2,268514237.48815316,91264
5023,manipur,kakching ,2021,2,92311646.34027098,37444
5024,manipur,jiribam ,2021,2,67560643.64335921,21823
5025,manipur,ukhrul ,2021,2,81225585.7217874,28524
5026,manipur,amenglong ,2021,2,77929754.45097202,24852
5027,manipur,kamjong ,2021,2,31394830.195748344,6983
5028,manipur,handel ,2021,2,90054101.93360364,29178
5029,manipur,bishnupur ,2021,2,260900495.16290623,89095
5030,manipur,enapati ,2021,2,70219657.8819672,25681
5031,manipur,pherzawl ,2021,2,5443830.799674254,1842
5032,manipur,hurachandpur ,2021,2,273962339.3949944,80524
5033,manipur,engnoupal ,2021,2,94806974.44450317,23771
5034,manipur,mphal west ,2021,2,5697696459.585503,2353896
5035,manipur,kangpokpi ,2019,4,74931231.19366804,28686
5036,manipur,noney ,2019,4,14165358.767545234,6326
5037,manipur,mphal east ,2019,4,249197379.8585516,96589
5038,manipur,houbal ,2019,4,73727196.96627039,32971
5039,manipur,kakching ,2019,4,31541265.82204684,12984
5040,manipur,jiribam ,2019,4,19814795.854595695,7943
5041,manipur,ukhrul ,2019,4,33065935.196690496,12148
5042,manipur,amenglong ,2019,4,27326669.899029642,11954
5043,manipur,kamjong ,2019,4,5668618.53808438,1618
5044,manipur,handel ,2019,4,30393939.871451408,11650
5045,manipur,bishnupur ,2019,4,72704593.78015086,31835
5046,manipur,enapati ,2019,4,15860386.82079871,7994
5047,manipur,pherzawl ,2019,4,1737007.4828713536,537
5048,manipur,hurachandpur ,2019,4,76031748.45585427,26420
5049,manipur,engnoupal ,2019,4,28805257.528178874,9616
5050,manipur,mphal west ,2019,4,445926296.0528502,150073
5051,manipur,kangpokpi ,2019,1,42225052.52830845,15937
5052,manipur,noney ,2019,1,7995454.9708068315,3526
5053,manipur,mphal east ,2019,1,147611078.93080652,65076
5054,manipur,houbal ,2019,1,47210976.00123881,24257
5055,manipur,kakching ,2019,1,13774811.29579331,6683
5056,manipur,jiribam ,2019,1,16988787.69086654,5957
5057,manipur,ukhrul ,2019,1,16838560.88842248,6222
5058,manipur,amenglong ,2019,1,13975000.543136504,6373
5059,manipur,kamjong ,2019,1,2575925.7869967697,994
5060,manipur,handel ,2019,1,14267105.401719613,4711
5061,manipur,bishnupur ,2019,1,48193281.39036342,19486
5062,manipur,enapati ,2019,1,7787710.744660139,3382
5063,manipur,pherzawl ,2019,1,363380.8157813267,189
5064,manipur,hurachandpur ,2019,1,53360483.20022403,16940
5065,manipur,engnoupal ,2019,1,21054191.304917272,6064
5066,manipur,mphal west ,2019,1,205676258.93003774,79612
5067,manipur,kangpokpi ,2019,3,61269618.190953486,23953
5068,manipur,noney ,2019,3,10163311.001115777,4592
5069,manipur,mphal east ,2019,3,206224069.84990168,79728
5070,manipur,houbal ,2019,3,56874722.875841096,25149
5071,manipur,kakching ,2019,3,21658629.891090117,10786
5072,manipur,jiribam ,2019,3,15754766.096758239,6684
5073,manipur,ukhrul ,2019,3,25516446.138604183,11017
5074,manipur,amenglong ,2019,3,22282886.130792048,9939
5075,manipur,kamjong ,2019,3,3909906.0631627766,1537
5076,manipur,handel ,2019,3,20201420.061846673,9230
5077,manipur,bishnupur ,2019,3,49667965.86779255,23755
5078,manipur,enapati ,2019,3,12992196.559651546,5730
5079,manipur,pherzawl ,2019,3,763600.6287200841,370
5080,manipur,hurachandpur ,2019,3,67550608.43753463,23946
5081,manipur,engnoupal ,2019,3,21841055.2655591,7570
5082,manipur,mphal west ,2019,3,266880799.50360966,101022
5083,manipur,kangpokpi ,2019,2,47129360.10420917,16230
5084,manipur,noney ,2019,2,10075253.477492668,3382
5085,manipur,mphal east ,2019,2,163251483.39407197,60830
5086,manipur,houbal ,2019,2,50609235.60475471,20528
5087,manipur,kakching ,2019,2,16106582.072259707,6912
5088,manipur,jiribam ,2019,2,17270321.134957515,6285
5089,manipur,ukhrul ,2019,2,21521804.282437492,7984
5090,manipur,amenglong ,2019,2,15814788.021049991,5763
5091,manipur,kamjong ,2019,2,3032919.691310563,974
5092,manipur,handel ,2019,2,18618364.598585922,5816
5093,manipur,bishnupur ,2019,2,41645991.98921693,17577
5094,manipur,enapati ,2019,2,9803824.584911618,4057
5095,manipur,pherzawl ,2019,2,354755.2995869209,226
5096,manipur,hurachandpur ,2019,2,52974898.07418257,15958
5097,manipur,engnoupal ,2019,2,22523708.105631053,6226
5098,manipur,mphal west ,2019,2,232056651.71484104,78677
5099,manipur,kangpokpi ,2023,4,482630626.0,143024
5100,manipur,noney ,2023,4,61939488.0,19982
5101,manipur,mphal east ,2023,4,1424311158.0,466350
5102,manipur,houbal ,2023,4,587381961.0,193084
5103,manipur,kakching ,2023,4,132051701.0,41110
5104,manipur,jiribam ,2023,4,216717452.0,79450
5105,manipur,ukhrul ,2023,4,176550849.0,48581
5106,manipur,amenglong ,2023,4,169026544.0,53369
5107,manipur,kamjong ,2023,4,25527546.0,7304
5108,manipur,handel ,2023,4,104621120.0,32884
5109,manipur,bishnupur ,2023,4,517891073.0,158304
5110,manipur,enapati ,2023,4,143200212.0,55235
5111,manipur,pherzawl ,2023,4,12293316.0,3365
5112,manipur,hurachandpur ,2023,4,463823678.0,123502
5113,manipur,engnoupal ,2023,4,171499388.0,41858
5114,manipur,mphal west ,2023,4,2110859186.0,645798
5115,manipur,kangpokpi ,2023,1,520765461.0,211256
5116,manipur,noney ,2023,1,105173660.0,42474
5117,manipur,mphal east ,2023,1,1637025593.0,659880
5118,manipur,houbal ,2023,1,796620060.0,315961
5119,manipur,kakching ,2023,1,198151744.0,73843
5120,manipur,jiribam ,2023,1,212799071.0,77431
5121,manipur,ukhrul ,2023,1,267514824.0,83455
5122,manipur,amenglong ,2023,1,231452890.0,86492
5123,manipur,kamjong ,2023,1,46200306.0,14147
5124,manipur,handel ,2023,1,194324741.0,71874
5125,manipur,bishnupur ,2023,1,626631062.0,231239
5126,manipur,enapati ,2023,1,252756548.0,94404
5127,manipur,pherzawl ,2023,1,16737449.0,7046
5128,manipur,hurachandpur ,2023,1,582341436.0,221158
5129,manipur,engnoupal ,2023,1,294235941.0,79811
5130,manipur,mphal west ,2023,1,2602833306.0,987912
5131,manipur,kangpokpi ,2023,3,270393444.0,60374
5132,manipur,noney ,2023,3,9696801.0,3054
5133,manipur,mphal east ,2023,3,762942643.0,195597
5134,manipur,houbal ,2023,3,289941575.0,70780
5135,manipur,kakching ,2023,3,68770946.0,17007
5136,manipur,jiribam ,2023,3,170419988.0,48471
5137,manipur,ukhrul ,2023,3,74546308.0,18404
5138,manipur,amenglong ,2023,3,105176707.0,21706
5139,manipur,kamjong ,2023,3,3987258.0,1252
5140,manipur,handel ,2023,3,43558431.0,8965
5141,manipur,bishnupur ,2023,3,228769251.0,52074
5142,manipur,enapati ,2023,3,88162234.0,25056
5143,manipur,pherzawl ,2023,3,9863352.0,2914
5144,manipur,hurachandpur ,2023,3,215267198.0,43375
5145,manipur,engnoupal ,2023,3,74417046.0,13210
5146,manipur,mphal west ,2023,3,1192373419.0,283239
5147,manipur,kangpokpi ,2023,2,265835614.0,96061
5148,manipur,noney ,2023,2,52589124.0,19828
5149,manipur,mphal east ,2023,2,855990060.0,332809
5150,manipur,houbal ,2023,2,412755825.0,155290
5151,manipur,kakching ,2023,2,104524162.0,34781
5152,manipur,jiribam ,2023,2,153237238.0,53949
5153,manipur,ukhrul ,2023,2,131978491.0,41027
5154,manipur,amenglong ,2023,2,121710165.0,42991
5155,manipur,kamjong ,2023,2,19646588.0,6735
5156,manipur,handel ,2023,2,105500017.0,32757
5157,manipur,bishnupur ,2023,2,304861281.0,108042
5158,manipur,enapati ,2023,2,139357712.0,49144
5159,manipur,pherzawl ,2023,2,13802243.0,4764
5160,manipur,hurachandpur ,2023,2,309376954.0,108049
5161,manipur,engnoupal ,2023,2,125510737.0,35862
5162,manipur,mphal west ,2023,2,1347200442.0,484182
5163,manipur,kangpokpi ,2022,4,499527018.93453866,195796
5164,manipur,noney ,2022,4,75780551.02724609,26985
5165,manipur,mphal east ,2022,4,1124061241.8453987,417476
5166,manipur,houbal ,2022,4,642341521.1672155,252156
5167,manipur,kakching ,2022,4,477287512.8489387,205827
5168,manipur,jiribam ,2022,4,122910899.30361357,43510
5169,manipur,ukhrul ,2022,4,164810102.766275,48379
5170,manipur,amenglong ,2022,4,160602196.99791262,51040
5171,manipur,kamjong ,2022,4,35804745.19811843,12943
5172,manipur,handel ,2022,4,133101652.30134834,45646
5173,manipur,bishnupur ,2022,4,398215642.6664851,134155
5174,manipur,enapati ,2022,4,180730794.8423508,63745
5175,manipur,pherzawl ,2022,4,12008369.41204643,3998
5176,manipur,hurachandpur ,2022,4,418292018.1391273,139622
5177,manipur,engnoupal ,2022,4,175755833.191996,49553
5178,manipur,mphal west ,2022,4,11004726597.698875,4737839
5179,manipur,kangpokpi ,2022,1,361422857.4778744,120614
5180,manipur,noney ,2022,1,81975537.65019315,21683
5181,manipur,mphal east ,2022,1,926298622.7916505,298053
5182,manipur,houbal ,2022,1,465999965.9324683,159443
5183,manipur,kakching ,2022,1,129009720.36301753,45714
5184,manipur,jiribam ,2022,1,106952141.35335837,33214
5185,manipur,ukhrul ,2022,1,163211543.8876433,45977
5186,manipur,amenglong ,2022,1,182059187.8775179,53325
5187,manipur,kamjong ,2022,1,38396927.57850355,10050
5188,manipur,handel ,2022,1,156821048.33140564,46964
5189,manipur,bishnupur ,2022,1,410979761.59592944,129775
5190,manipur,enapati ,2022,1,150533112.28282666,41815
5191,manipur,pherzawl ,2022,1,6196514.84182024,3014
5192,manipur,hurachandpur ,2022,1,478282953.14129984,132079
5193,manipur,engnoupal ,2022,1,154983910.95505172,42399
5194,manipur,mphal west ,2022,1,10331377272.313238,4129560
5195,manipur,kangpokpi ,2022,3,382055039.8651606,137088
5196,manipur,noney ,2022,3,85439369.23237866,24931
5197,manipur,mphal east ,2022,3,1106024473.2650971,401052
5198,manipur,houbal ,2022,3,502784611.8050358,198398
5199,manipur,kakching ,2022,3,269711112.45492435,114178
5200,manipur,jiribam ,2022,3,115824259.87868573,39634
5201,manipur,ukhrul ,2022,3,165404721.91649568,48127
5202,manipur,amenglong ,2022,3,150947198.95233533,48889
5203,manipur,kamjong ,2022,3,34540807.45741892,10597
5204,manipur,handel ,2022,3,139937266.69668734,43042
5205,manipur,bishnupur ,2022,3,397535713.9599227,126573
5206,manipur,enapati ,2022,3,141106697.64180183,46116
5207,manipur,pherzawl ,2022,3,8974350.656289712,3137
5208,manipur,hurachandpur ,2022,3,560754898.7150536,200968
5209,manipur,engnoupal ,2022,3,167247032.01495245,44324
5210,manipur,mphal west ,2022,3,11153142712.787489,4865688
5211,manipur,kangpokpi ,2022,2,360381229.2430087,127346
5212,manipur,noney ,2022,2,84254940.12916884,23197
5213,manipur,mphal east ,2022,2,1017003992.8811903,334382
5214,manipur,houbal ,2022,2,489921006.2514488,179962
5215,manipur,kakching ,2022,2,124881636.16645998,45754
5216,manipur,jiribam ,2022,2,103428721.0901084,32691
5217,manipur,ukhrul ,2022,2,165524493.50724024,48388
5218,manipur,amenglong ,2022,2,158669784.21199045,48779
5219,manipur,kamjong ,2022,2,37728133.785688624,10915
5220,manipur,handel ,2022,2,161255425.28835768,44845
5221,manipur,bishnupur ,2022,2,427663723.98262036,132234
5222,manipur,enapati ,2022,2,137415599.89701584,43777
5223,manipur,pherzawl ,2022,2,8843983.191407474,2855
5224,manipur,hurachandpur ,2022,2,445674066.4756689,130821
5225,manipur,engnoupal ,2022,2,165158485.2610599,41686
5226,manipur,mphal west ,2022,2,11035105413.786879,4858000
5227,manipur,kangpokpi ,2020,4,216458503.28856832,74472
5228,manipur,noney ,2020,4,52819316.83640482,14618
5229,manipur,mphal east ,2020,4,524041651.00012255,179438
5230,manipur,houbal ,2020,4,249311101.38298762,87208
5231,manipur,kakching ,2020,4,96767393.90324815,37180
5232,manipur,jiribam ,2020,4,56276520.99872882,19898
5233,manipur,ukhrul ,2020,4,91688189.17603046,32947
5234,manipur,amenglong ,2020,4,77956516.78360562,27674
5235,manipur,kamjong ,2020,4,21815826.79135724,6676
5236,manipur,handel ,2020,4,90473275.49273106,31540
5237,manipur,bishnupur ,2020,4,267444206.38869548,95869
5238,manipur,enapati ,2020,4,79537295.38666978,27636
5239,manipur,pherzawl ,2020,4,4810299.528864712,2329
5240,manipur,hurachandpur ,2020,4,243354880.54309082,71693
5241,manipur,engnoupal ,2020,4,81989716.00595729,23797
5242,manipur,mphal west ,2020,4,3447479864.9516916,894877
5243,manipur,kangpokpi ,2020,1,81400323.90620552,33643
5244,manipur,noney ,2020,1,23331883.38449249,8941
5245,manipur,mphal east ,2020,1,222479758.42504126,97573
5246,manipur,houbal ,2020,1,92413414.3395817,40558
5247,manipur,kakching ,2020,1,37525920.22436564,16690
5248,manipur,jiribam ,2020,1,20332072.3920429,8704
5249,manipur,ukhrul ,2020,1,30659040.231015503,13355
5250,manipur,amenglong ,2020,1,31491246.17045552,14451
5251,manipur,kamjong ,2020,1,6910208.366847619,2768
5252,manipur,handel ,2020,1,31278977.085135248,13716
5253,manipur,bishnupur ,2020,1,83818557.86725357,40172
5254,manipur,enapati ,2020,1,18344875.736180037,9922
5255,manipur,pherzawl ,2020,1,1624394.409407775,982
5256,manipur,hurachandpur ,2020,1,84566221.4462608,33637
5257,manipur,engnoupal ,2020,1,33219739.526860353,12297
5258,manipur,mphal west ,2020,1,1799193747.3658047,471392
5259,manipur,kangpokpi ,2020,3,141494952.88474357,56646
5260,manipur,noney ,2020,3,42576247.00801732,12955
5261,manipur,mphal east ,2020,3,357420385.46601486,148992
5262,manipur,houbal ,2020,3,178314817.40950677,75667
5263,manipur,kakching ,2020,3,72744605.62932977,33268
5264,manipur,jiribam ,2020,3,44785891.80461171,17173
5265,manipur,ukhrul ,2020,3,63120519.96337035,27857
5266,manipur,amenglong ,2020,3,57102594.74572652,24595
5267,manipur,kamjong ,2020,3,16944663.485157657,5040
5268,manipur,handel ,2020,3,63504521.07112962,25158
5269,manipur,bishnupur ,2020,3,178752852.0332132,82097
5270,manipur,enapati ,2020,3,47618195.960208856,22336
5271,manipur,pherzawl ,2020,3,4920973.997680077,2016
5272,manipur,hurachandpur ,2020,3,179008408.76793516,61160
5273,manipur,engnoupal ,2020,3,50761115.422037035,19244
5274,manipur,mphal west ,2020,3,3116905375.2218285,805964
5275,manipur,kangpokpi ,2020,2,105034881.03695941,48617
5276,manipur,noney ,2020,2,44082720.741025195,14604
5277,manipur,mphal east ,2020,2,269647863.43556607,127255
5278,manipur,houbal ,2020,2,158615301.51328385,66183
5279,manipur,kakching ,2020,2,53791181.45126964,30404
5280,manipur,jiribam ,2020,2,28862256.51424871,13861
5281,manipur,ukhrul ,2020,2,43560417.96634197,24243
5282,manipur,amenglong ,2020,2,47020896.803083815,21294
5283,manipur,kamjong ,2020,2,11168145.844261197,4430
5284,manipur,handel ,2020,2,49008541.100852005,21517
5285,manipur,bishnupur ,2020,2,142299534.95281482,70841
5286,manipur,enapati ,2020,2,27792929.58458709,17187
5287,manipur,pherzawl ,2020,2,4220742.5953207435,1363
5288,manipur,hurachandpur ,2020,2,128936170.25492851,50818
5289,manipur,engnoupal ,2020,2,50033115.318425305,18676
5290,manipur,mphal west ,2020,2,2034861513.6925411,551775
5291,manipur,kangpokpi ,2018,4,42081524.606101125,13325
5292,manipur,noney ,2018,4,7315230.191123211,2598
5293,manipur,mphal east ,2018,4,129176222.41262636,54610
5294,manipur,houbal ,2018,4,52899731.29086943,24817
5295,manipur,kakching ,2018,4,13429124.004544508,6508
5296,manipur,jiribam ,2018,4,13414981.155959103,5444
5297,manipur,ukhrul ,2018,4,15201316.568829268,4538
5298,manipur,amenglong ,2018,4,13057576.00717781,4866
5299,manipur,kamjong ,2018,4,2822478.1128238714,845
5300,manipur,handel ,2018,4,13092276.488481913,4425
5301,manipur,bishnupur ,2018,4,37263259.12396772,19048
5302,manipur,enapati ,2018,4,7569372.186811532,2902
5303,manipur,pherzawl ,2018,4,103445.61904358957,112
5304,manipur,hurachandpur ,2018,4,54503246.75234864,14801
5305,manipur,engnoupal ,2018,4,22155446.62844094,5426
5306,manipur,mphal west ,2018,4,181598328.15686062,71845
5307,manipur,kangpokpi ,2018,1,12129421.383849183,4187
5308,manipur,noney ,2018,1,747261.2810295916,646
5309,manipur,mphal east ,2018,1,26028937.81002756,21960
5310,manipur,houbal ,2018,1,8366772.887529282,8288
5311,manipur,kakching ,2018,1,1924584.2384454876,1622
5312,manipur,jiribam ,2018,1,3564799.4519929583,1305
5313,manipur,ukhrul ,2018,1,1647288.6651835062,1399
5314,manipur,amenglong ,2018,1,1709209.2458958817,1007
5315,manipur,kamjong ,2018,1,236107.7403536682,329
5316,manipur,handel ,2018,1,1376995.1405003848,880
5317,manipur,bishnupur ,2018,1,11341627.667845085,7005
5318,manipur,enapati ,2018,1,577840.1682329748,613
5319,manipur,pherzawl ,2018,1,778.0896294258192,2
5320,manipur,hurachandpur ,2018,1,11708258.721273843,4081
5321,manipur,engnoupal ,2018,1,660028.7721459618,882
5322,manipur,mphal west ,2018,1,46026262.666274294,29863
5323,manipur,kangpokpi ,2018,3,27937402.09243063,9151
5324,manipur,noney ,2018,3,3959453.6371438224,1636
5325,manipur,mphal east ,2018,3,89605715.78431109,60511
5326,manipur,houbal ,2018,3,34092748.23724542,19399
5327,manipur,kakching ,2018,3,9968419.417644013,4590
5328,manipur,jiribam ,2018,3,6601625.253335206,3959
5329,manipur,ukhrul ,2018,3,9802720.723219434,3600
5330,manipur,amenglong ,2018,3,6192820.941522401,2829
5331,manipur,kamjong ,2018,3,673262.7657017015,349
5332,manipur,handel ,2018,3,5588239.711362864,2591
5333,manipur,bishnupur ,2018,3,24368236.711014666,13649
5334,manipur,enapati ,2018,3,2555370.7700600782,1416
5335,manipur,pherzawl ,2018,3,97583.08278583639,48
5336,manipur,hurachandpur ,2018,3,27468832.413289707,8671
5337,manipur,engnoupal ,2018,3,13385091.180977922,3282
5338,manipur,mphal west ,2018,3,121033722.07207742,53577
5339,manipur,kangpokpi ,2018,2,20315625.91653779,6741
5340,manipur,noney ,2018,2,2486030.8565162863,1051
5341,manipur,mphal east ,2018,2,54561898.7454827,42065
5342,manipur,houbal ,2018,2,17968719.216563758,20689
5343,manipur,kakching ,2018,2,6411513.656549769,3879
5344,manipur,jiribam ,2018,2,6467614.407545684,2710
5345,manipur,ukhrul ,2018,2,6394470.819340965,2800
5346,manipur,amenglong ,2018,2,4747280.086110413,1714
5347,manipur,kamjong ,2018,2,446574.11265748634,340
5348,manipur,handel ,2018,2,3525831.9511511945,1619
5349,manipur,bishnupur ,2018,2,19352100.53894212,11338
5350,manipur,enapati ,2018,2,2034357.3575923673,970
5351,manipur,pherzawl ,2018,2,1036.3525697348664,11
5352,manipur,hurachandpur ,2018,2,18055703.27078783,7110
5353,manipur,engnoupal ,2018,2,6077962.2428630125,2080
5354,manipur,mphal west ,2018,2,84363001.78828333,46604
5355,manipur,kangpokpi ,2024,1,633880626.0,250851
5356,manipur,noney ,2024,1,127577332.0,53861
5357,manipur,mphal east ,2024,1,1806285586.0,807970
5358,manipur,houbal ,2024,1,844958083.0,375796
5359,manipur,kakching ,2024,1,189925734.0,80672
5360,manipur,jiribam ,2024,1,289640866.0,133568
5361,manipur,ukhrul ,2024,1,298191818.0,100123
5362,manipur,amenglong ,2024,1,257065130.0,102763
5363,manipur,kamjong ,2024,1,53723042.0,18771
5364,manipur,handel ,2024,1,211336456.0,82884
5365,manipur,bishnupur ,2024,1,741135994.0,309635
5366,manipur,enapati ,2024,1,247581843.0,104452
5367,manipur,pherzawl ,2024,1,14665910.0,5764
5368,manipur,hurachandpur ,2024,1,549371725.0,194606
5369,manipur,engnoupal ,2024,1,252178999.0,90480
5370,manipur,mphal west ,2024,1,2725454179.0,1133368
5371,andaman & nicobar islands,north and middle andaman ,2021,4,156486112.28732437,53115
5372,andaman & nicobar islands,outh andaman ,2021,4,1694794708.0093334,558571
5373,andaman & nicobar islands,nicobars ,2021,4,81329281.0269996,24437
5374,andaman & nicobar islands,north and middle andaman ,2021,1,75027255.27919498,27358
5375,andaman & nicobar islands,outh andaman ,2021,1,669604045.1248703,207092
5376,andaman & nicobar islands,nicobars ,2021,1,39075266.9856904,10302
5377,andaman & nicobar islands,north and middle andaman ,2021,3,118254865.82750683,46592
5378,andaman & nicobar islands,outh andaman ,2021,3,1116789010.6459613,382418
5379,andaman & nicobar islands,nicobars ,2021,3,74980519.3281361,20754
5380,andaman & nicobar islands,north and middle andaman ,2021,2,90233388.79463302,39200
5381,andaman & nicobar islands,outh andaman ,2021,2,760893020.5704944,286907
5382,andaman & nicobar islands,nicobars ,2021,2,48020606.74716837,15307
5383,andaman & nicobar islands,north and middle andaman ,2019,4,13524056.784573946,4716
5384,andaman & nicobar islands,outh andaman ,2019,4,110930312.20611623,27843
5385,andaman & nicobar islands,nicobars ,2019,4,12384161.52668771,2600
5386,andaman & nicobar islands,north and middle andaman ,2019,1,9561708.736298349,3264
5387,andaman & nicobar islands,outh andaman ,2019,1,85501972.38780196,25683
5388,andaman & nicobar islands,nicobars ,2019,1,7236059.549389593,1539
5389,andaman & nicobar islands,north and middle andaman ,2019,3,11481466.283356793,4049
5390,andaman & nicobar islands,outh andaman ,2019,3,91023888.32848613,27421
5391,andaman & nicobar islands,nicobars ,2019,3,11566421.475451011,2300
5392,andaman & nicobar islands,north and middle andaman ,2019,2,8612103.137888122,3371
5393,andaman & nicobar islands,outh andaman ,2019,2,102530955.71341258,28490
5394,andaman & nicobar islands,nicobars ,2019,2,9111650.82436246,1828
5395,andaman & nicobar islands,north and middle andaman ,2023,4,540759631.0,230234
5396,andaman & nicobar islands,outh andaman ,2023,4,5417264997.0,3311962
5397,andaman & nicobar islands,nicobars ,2023,4,311527871.0,153587
5398,andaman & nicobar islands,north and middle andaman ,2023,1,392080332.0,152187
5399,andaman & nicobar islands,outh andaman ,2023,1,3867385426.0,2030078
5400,andaman & nicobar islands,nicobars ,2023,1,202062829.0,94127
5401,andaman & nicobar islands,north and middle andaman ,2023,3,495623030.0,198547
5402,andaman & nicobar islands,outh andaman ,2023,3,4462201588.0,2771397
5403,andaman & nicobar islands,nicobars ,2023,3,253772173.0,128432
5404,andaman & nicobar islands,north and middle andaman ,2023,2,462414675.0,181149
5405,andaman & nicobar islands,outh andaman ,2023,2,4297737197.0,2417058
5406,andaman & nicobar islands,nicobars ,2023,2,230192364.0,109568
5407,andaman & nicobar islands,north and middle andaman ,2022,4,241431284.3558103,93297
5408,andaman & nicobar islands,outh andaman ,2022,4,3600887266.099448,1835592
5409,andaman & nicobar islands,nicobars ,2022,4,142355853.97352526,58646
5410,andaman & nicobar islands,north and middle andaman ,2022,1,161624878.52274162,60059
5411,andaman & nicobar islands,outh andaman ,2022,1,1872991195.902684,705512
5412,andaman & nicobar islands,nicobars ,2022,1,94414127.64974089,29177
5413,andaman & nicobar islands,north and middle andaman ,2022,3,211581970.34202656,79574
5414,andaman & nicobar islands,outh andaman ,2022,3,2967719400.849909,1455255
5415,andaman & nicobar islands,nicobars ,2022,3,131330400.94545083,49550
5416,andaman & nicobar islands,north and middle andaman ,2022,2,195693167.78757268,72573
5417,andaman & nicobar islands,outh andaman ,2022,2,2357326563.362071,954875
5418,andaman & nicobar islands,nicobars ,2022,2,132900618.93062323,43769
5419,andaman & nicobar islands,north and middle andaman ,2020,4,68941322.38839513,29349
5420,andaman & nicobar islands,outh andaman ,2020,4,523122462.88302904,186494
5421,andaman & nicobar islands,nicobars ,2020,4,35218871.04342849,8688
5422,andaman & nicobar islands,north and middle andaman ,2020,1,14697371.617857102,5674
5423,andaman & nicobar islands,outh andaman ,2020,1,134679396.90582755,32713
5424,andaman & nicobar islands,nicobars ,2020,1,12099543.773590054,2911
5425,andaman & nicobar islands,north and middle andaman ,2020,3,33486883.370425556,16747
5426,andaman & nicobar islands,outh andaman ,2020,3,282366109.20523936,95323
5427,andaman & nicobar islands,nicobars ,2020,3,22166453.754695386,5413
5428,andaman & nicobar islands,north and middle andaman ,2020,2,22447714.061058953,10979
5429,andaman & nicobar islands,outh andaman ,2020,2,132855778.74838585,48088
5430,andaman & nicobar islands,nicobars ,2020,2,14341508.60470232,3895
5431,andaman & nicobar islands,north and middle andaman ,2018,4,7955635.917688001,2137
5432,andaman & nicobar islands,outh andaman ,2018,4,75411840.8018554,20136
5433,andaman & nicobar islands,nicobars ,2018,4,7180859.354911782,1485
5434,andaman & nicobar islands,north and middle andaman ,2018,1,931663.0770939873,442
5435,andaman & nicobar islands,outh andaman ,2018,1,12560249.34366581,5688
5436,andaman & nicobar islands,nicobars ,2018,1,1139848.801225994,528
5437,andaman & nicobar islands,north and middle andaman ,2018,3,4901529.518499676,1283
5438,andaman & nicobar islands,outh andaman ,2018,3,44268112.46425246,13511
5439,andaman & nicobar islands,nicobars ,2018,3,6387829.151558982,1471
5440,andaman & nicobar islands,north and middle andaman ,2018,2,1317863.0834906558,825
5441,andaman & nicobar islands,outh andaman ,2018,2,23948235.51634325,9395
5442,andaman & nicobar islands,nicobars ,2018,2,3072436.9081196385,1120
5443,andaman & nicobar islands,north and middle andaman ,2024,1,601756070.0,266400
5444,andaman & nicobar islands,outh andaman ,2024,1,5952049462.0,3751724
5445,andaman & nicobar islands,nicobars ,2024,1,305346303.0,166796
5446,meghalaya,north garo hills ,2021,4,88113799.75521982,38565
5447,meghalaya,outh west khasi hills ,2021,4,47472032.66584644,12151
5448,meghalaya,west garo hills ,2021,4,746098768.1324025,261543
5449,meghalaya,outh garo hills ,2021,4,89662812.04398018,28989
5450,meghalaya,east jaintia hills ,2021,4,371541323.51234245,140522
5451,meghalaya,outh west garo hills ,2021,4,76249072.06112294,35153
5452,meghalaya,east khasi hills ,2021,4,1647841435.7937279,602012
5453,meghalaya,east garo hills ,2021,4,79675265.12123142,37744
5454,meghalaya,bhoi ,2021,4,495239611.12453955,210094
5455,meghalaya,west jaintia hills ,2021,4,98276171.06270258,43460
5456,meghalaya,west khasi hills ,2021,4,108595108.91303807,29960
5457,meghalaya,north garo hills ,2021,1,37908696.16305937,18850
5458,meghalaya,outh west khasi hills ,2021,1,18881726.278145123,6212
5459,meghalaya,west garo hills ,2021,1,370492803.5429464,133362
5460,meghalaya,outh garo hills ,2021,1,44351833.9562286,19054
5461,meghalaya,east jaintia hills ,2021,1,205454314.7964044,70732
5462,meghalaya,outh west garo hills ,2021,1,41861206.69737828,18591
5463,meghalaya,east khasi hills ,2021,1,915771307.2291536,322156
5464,meghalaya,east garo hills ,2021,1,40212217.23708049,18473
5465,meghalaya,bhoi ,2021,1,266571316.12978175,98957
5466,meghalaya,west jaintia hills ,2021,1,53826602.11269104,24312
5467,meghalaya,west khasi hills ,2021,1,60183253.84696514,16947
5468,meghalaya,north garo hills ,2021,3,56346103.9411427,30790
5469,meghalaya,outh west khasi hills ,2021,3,20862237.488949515,8524
5470,meghalaya,west garo hills ,2021,3,550868915.1603698,207635
5471,meghalaya,outh garo hills ,2021,3,50417337.27842516,23378
5472,meghalaya,east jaintia hills ,2021,3,254116660.02417076,103142
5473,meghalaya,outh west garo hills ,2021,3,59140851.35546415,28662
5474,meghalaya,east khasi hills ,2021,3,1267820067.2649465,475308
5475,meghalaya,east garo hills ,2021,3,54695590.9177565,29654
5476,meghalaya,bhoi ,2021,3,337135306.83131677,135524
5477,meghalaya,west jaintia hills ,2021,3,71888903.2617979,37590
5478,meghalaya,west khasi hills ,2021,3,45708478.00363463,17524
5479,meghalaya,north garo hills ,2021,2,37984069.23193223,25028
5480,meghalaya,outh west khasi hills ,2021,2,17922261.886446185,7218
5481,meghalaya,west garo hills ,2021,2,437555569.84538835,174186
5482,meghalaya,outh garo hills ,2021,2,48819031.9572919,21894
5483,meghalaya,east jaintia hills ,2021,2,205906820.910982,87223
5484,meghalaya,outh west garo hills ,2021,2,47526700.8985536,24491
5485,meghalaya,east khasi hills ,2021,2,994348113.9313933,386773
5486,meghalaya,east garo hills ,2021,2,42603145.83447135,24431
5487,meghalaya,bhoi ,2021,2,265892507.53668693,111231
5488,meghalaya,west jaintia hills ,2021,2,53732989.3560653,30529
5489,meghalaya,west khasi hills ,2021,2,41326043.50138934,16590
5490,meghalaya,north garo hills ,2019,4,11018090.113242699,8449
5491,meghalaya,outh west khasi hills ,2019,4,4185672.1333535854,2753
5492,meghalaya,west garo hills ,2019,4,104063298.18537539,51137
5493,meghalaya,outh garo hills ,2019,4,9901296.404344358,7020
5494,meghalaya,east jaintia hills ,2019,4,61615652.49744396,31575
5495,meghalaya,outh west garo hills ,2019,4,11722163.47943544,7301
5496,meghalaya,east khasi hills ,2019,4,413649820.0310262,189936
5497,meghalaya,east garo hills ,2019,4,11523924.1048165,7811
5498,meghalaya,bhoi ,2019,4,90622918.2855494,42953
5499,meghalaya,west jaintia hills ,2019,4,16126169.373071242,11750
5500,meghalaya,west khasi hills ,2019,4,8007467.18256015,5296
5501,meghalaya,north garo hills ,2019,1,4016398.1062618718,3816
5502,meghalaya,outh west khasi hills ,2019,1,2118829.321976449,1267
5503,meghalaya,west garo hills ,2019,1,58548564.16871373,30087
5504,meghalaya,outh garo hills ,2019,1,7486873.33081286,3146
5505,meghalaya,east jaintia hills ,2019,1,46007520.563187,25054
5506,meghalaya,outh west garo hills ,2019,1,4558241.545395774,3819
5507,meghalaya,east khasi hills ,2019,1,201352082.70276013,101662
5508,meghalaya,east garo hills ,2019,1,6495149.290021526,3529
5509,meghalaya,bhoi ,2019,1,55813436.16699861,27304
5510,meghalaya,west jaintia hills ,2019,1,7594602.551824972,5411
5511,meghalaya,west khasi hills ,2019,1,5045464.405482588,3646
5512,meghalaya,north garo hills ,2019,3,7479871.090316384,6329
5513,meghalaya,outh west khasi hills ,2019,3,2418047.871266484,2009
5514,meghalaya,west garo hills ,2019,3,90390851.3262687,45652
5515,meghalaya,outh garo hills ,2019,3,7846736.258536675,4768
5516,meghalaya,east jaintia hills ,2019,3,50090916.58164,28604
5517,meghalaya,outh west garo hills ,2019,3,9676872.049848383,6405
5518,meghalaya,east khasi hills ,2019,3,344129503.4634751,156970
5519,meghalaya,east garo hills ,2019,3,8134689.123280492,5970
5520,meghalaya,bhoi ,2019,3,73979318.03570686,36292
5521,meghalaya,west jaintia hills ,2019,3,11292434.23987686,8947
5522,meghalaya,west khasi hills ,2019,3,6779362.1133165285,4604
5523,meghalaya,north garo hills ,2019,2,4329558.19180281,3804
5524,meghalaya,outh west khasi hills ,2019,2,2679006.93031867,1152
5525,meghalaya,west garo hills ,2019,2,70701852.43602182,32077
5526,meghalaya,outh garo hills ,2019,2,7076537.051932728,3048
5527,meghalaya,east jaintia hills ,2019,2,43624217.35616365,21325
5528,meghalaya,outh west garo hills ,2019,2,6981663.150095232,4563
5529,meghalaya,east khasi hills ,2019,2,274701980.60370815,126665
5530,meghalaya,east garo hills ,2019,2,6785815.738085165,3926
5531,meghalaya,bhoi ,2019,2,61625177.51082603,27488
5532,meghalaya,west jaintia hills ,2019,2,9713762.898637522,5226
5533,meghalaya,west khasi hills ,2019,2,4711717.239687435,3012
5534,meghalaya,north garo hills ,2023,4,339349015.0,184749
5535,meghalaya,outh west khasi hills ,2023,4,139379319.0,46793
5536,meghalaya,west garo hills ,2023,4,4034159325.0,2128194
5537,meghalaya,outh garo hills ,2023,4,307030739.0,144242
5538,meghalaya,east jaintia hills ,2023,4,1891314074.0,866490
5539,meghalaya,outh west garo hills ,2023,4,424184452.0,209090
5540,meghalaya,east khasi hills ,2023,4,3902770749.0,2091395
5541,meghalaya,east garo hills ,2023,4,361438823.0,187702
5542,meghalaya,bhoi ,2023,4,1838712964.0,1138756
5543,meghalaya,west jaintia hills ,2023,4,417636909.0,177331
5544,meghalaya,west khasi hills ,2023,4,217082323.0,93642
5545,meghalaya,north garo hills ,2023,1,198957381.0,97035
5546,meghalaya,outh west khasi hills ,2023,1,123121635.0,34526
5547,meghalaya,west garo hills ,2023,1,2765563809.0,1041221
5548,meghalaya,outh garo hills ,2023,1,276701570.0,95917
5549,meghalaya,east jaintia hills ,2023,1,1371613773.0,515136
5550,meghalaya,outh west garo hills ,2023,1,302145041.0,112416
5551,meghalaya,east khasi hills ,2023,1,2680323809.0,1220563
5552,meghalaya,east garo hills ,2023,1,230703822.0,102374
5553,meghalaya,bhoi ,2023,1,1474982935.0,729560
5554,meghalaya,west jaintia hills ,2023,1,377216408.0,134028
5555,meghalaya,west khasi hills ,2023,1,283510432.0,81929
5556,meghalaya,north garo hills ,2023,3,251411034.0,146236
5557,meghalaya,outh west khasi hills ,2023,3,91883033.0,31181
5558,meghalaya,west garo hills ,2023,3,3040769172.0,1580512
5559,meghalaya,outh garo hills ,2023,3,199100708.0,100839
5560,meghalaya,east jaintia hills ,2023,3,1455319329.0,704743
5561,meghalaya,outh west garo hills ,2023,3,312859682.0,159403
5562,meghalaya,east khasi hills ,2023,3,3637181187.0,1925071
5563,meghalaya,east garo hills ,2023,3,265377046.0,145914
5564,meghalaya,bhoi ,2023,3,1611391648.0,1002988
5565,meghalaya,west jaintia hills ,2023,3,385584331.0,159073
5566,meghalaya,west khasi hills ,2023,3,155755910.0,73882
5567,meghalaya,north garo hills ,2023,2,215038091.0,113361
5568,meghalaya,outh west khasi hills ,2023,2,127026105.0,37376
5569,meghalaya,west garo hills ,2023,2,3093601156.0,1313181
5570,meghalaya,outh garo hills ,2023,2,273407662.0,104600
5571,meghalaya,east jaintia hills ,2023,2,1411515511.0,602439
5572,meghalaya,outh west garo hills ,2023,2,324256480.0,138973
5573,meghalaya,east khasi hills ,2023,2,3308371744.0,1584287
5574,meghalaya,east garo hills ,2023,2,259323245.0,119181
5575,meghalaya,bhoi ,2023,2,1540619034.0,849150
5576,meghalaya,west jaintia hills ,2023,2,363450970.0,143311
5577,meghalaya,west khasi hills ,2023,2,167896488.0,71353
5578,meghalaya,north garo hills ,2022,4,130072498.39208946,59149
5579,meghalaya,outh west khasi hills ,2022,4,61873256.01063821,16773
5580,meghalaya,west garo hills ,2022,4,1565478827.2720146,612945
5581,meghalaya,outh garo hills ,2022,4,134393051.37739396,47478
5582,meghalaya,east jaintia hills ,2022,4,698736182.2686266,252554
5583,meghalaya,outh west garo hills ,2022,4,150334364.85984027,59231
5584,meghalaya,east khasi hills ,2022,4,4886013367.030626,2285868
5585,meghalaya,east garo hills ,2022,4,143293321.8148586,59445
5586,meghalaya,bhoi ,2022,4,855262410.3336376,416100
5587,meghalaya,west jaintia hills ,2022,4,229129661.89603108,81501
5588,meghalaya,west khasi hills ,2022,4,141954215.09290665,41404
5589,meghalaya,north garo hills ,2022,1,87894203.47088854,42030
5590,meghalaya,outh west khasi hills ,2022,1,62450373.141422085,14208
5591,meghalaya,west garo hills ,2022,1,991586557.2279948,325791
5592,meghalaya,outh garo hills ,2022,1,166412749.63292435,43827
5593,meghalaya,east jaintia hills ,2022,1,496156278.43872654,169484
5594,meghalaya,outh west garo hills ,2022,1,98249285.49958462,39644
5595,meghalaya,east khasi hills ,2022,1,1762837936.3129022,653082
5596,meghalaya,east garo hills ,2022,1,97659034.30770612,42878
5597,meghalaya,bhoi ,2022,1,624403404.8028624,257923
5598,meghalaya,west jaintia hills ,2022,1,126597671.42735201,49196
5599,meghalaya,west khasi hills ,2022,1,148090837.06952718,36687
5600,meghalaya,north garo hills ,2022,3,107884419.5564478,48727
5601,meghalaya,outh west khasi hills ,2022,3,47102262.07706757,13340
5602,meghalaya,west garo hills ,2022,3,1283479556.4130952,508052
5603,meghalaya,outh garo hills ,2022,3,88310719.84102407,35206
5604,meghalaya,east jaintia hills ,2022,3,633317484.0750391,241204
5605,meghalaya,outh west garo hills ,2022,3,121831916.0453497,48898
5606,meghalaya,east khasi hills ,2022,3,6137770373.209272,2924522
5607,meghalaya,east garo hills ,2022,3,99390252.25463584,47047
5608,meghalaya,bhoi ,2022,3,825278960.5336027,400075
5609,meghalaya,west jaintia hills ,2022,3,171112837.01348788,62798
5610,meghalaya,west khasi hills ,2022,3,87822016.10251653,29296
5611,meghalaya,north garo hills ,2022,2,92496675.79074751,44965
5612,meghalaya,outh west khasi hills ,2022,2,49978363.076969974,13571
5613,meghalaya,west garo hills ,2022,2,1150602954.6389537,392151
5614,meghalaya,outh garo hills ,2022,2,92292848.0663783,33680
5615,meghalaya,east jaintia hills ,2022,2,502640751.7922024,193196
5616,meghalaya,outh west garo hills ,2022,2,118240788.9357543,43006
5617,meghalaya,east khasi hills ,2022,2,2156500112.108344,853333
5618,meghalaya,east garo hills ,2022,2,106793207.7940663,46150
5619,meghalaya,bhoi ,2022,2,755786725.0698186,337102
5620,meghalaya,west jaintia hills ,2022,2,152394109.72808385,56272
5621,meghalaya,west khasi hills ,2022,2,103764884.88347428,31223
5622,meghalaya,north garo hills ,2020,4,36801863.778283074,22048
5623,meghalaya,outh west khasi hills ,2020,4,18169052.922343686,7330
5624,meghalaya,west garo hills ,2020,4,362364387.96744514,149536
5625,meghalaya,outh garo hills ,2020,4,34586748.626706876,22487
5626,meghalaya,east jaintia hills ,2020,4,162952261.01543325,65059
5627,meghalaya,outh west garo hills ,2020,4,49584665.87626748,24078
5628,meghalaya,east khasi hills ,2020,4,777719090.1611657,298622
5629,meghalaya,east garo hills ,2020,4,41847990.164476685,23262
5630,meghalaya,bhoi ,2020,4,223682008.03015277,90879
5631,meghalaya,west jaintia hills ,2020,4,55102701.174963415,32267
5632,meghalaya,west khasi hills ,2020,4,41431802.48173465,18440
5633,meghalaya,north garo hills ,2020,1,11664668.291425837,9622
5634,meghalaya,outh west khasi hills ,2020,1,5420604.457110439,3516
5635,meghalaya,west garo hills ,2020,1,130098803.74893945,65263
5636,meghalaya,outh garo hills ,2020,1,11902327.507517824,10483
5637,meghalaya,east jaintia hills ,2020,1,76021760.04400355,36855
5638,meghalaya,outh west garo hills ,2020,1,14322530.890240094,10582
5639,meghalaya,east khasi hills ,2020,1,712010339.1765578,280817
5640,meghalaya,east garo hills ,2020,1,15050504.879497694,10003
5641,meghalaya,bhoi ,2020,1,109400759.46669218,51789
5642,meghalaya,west jaintia hills ,2020,1,22057088.945124794,15784
5643,meghalaya,west khasi hills ,2020,1,12185453.500704024,7569
5644,meghalaya,north garo hills ,2020,3,23618250.656932063,17943
5645,meghalaya,outh west khasi hills ,2020,3,8330565.372560624,5942
5646,meghalaya,west garo hills ,2020,3,249575864.65120554,117550
5647,meghalaya,outh garo hills ,2020,3,23368652.17951659,17171
5648,meghalaya,east jaintia hills ,2020,3,99669877.91499355,52534
5649,meghalaya,outh west garo hills ,2020,3,31848167.460986283,19536
5650,meghalaya,east khasi hills ,2020,3,571789473.606595,239307
5651,meghalaya,east garo hills ,2020,3,30405909.1461664,19353
5652,meghalaya,bhoi ,2020,3,138771339.65408337,64590
5653,meghalaya,west jaintia hills ,2020,3,39860361.23642549,28622
5654,meghalaya,west khasi hills ,2020,3,19820539.503571287,15031
5655,meghalaya,north garo hills ,2020,2,16949021.845094834,19393
5656,meghalaya,outh west khasi hills ,2020,2,5344985.9066313775,5952
5657,meghalaya,west garo hills ,2020,2,178844205.7463917,107355
5658,meghalaya,outh garo hills ,2020,2,18498464.712551523,15934
5659,meghalaya,east jaintia hills ,2020,2,79110098.89726548,50077
5660,meghalaya,outh west garo hills ,2020,2,21835410.25373499,20761
5661,meghalaya,east khasi hills ,2020,2,669450297.8938913,294655
5662,meghalaya,east garo hills ,2020,2,19379120.258930385,19865
5663,meghalaya,bhoi ,2020,2,108416383.1511733,60451
5664,meghalaya,west jaintia hills ,2020,2,22356066.44251103,26041
5665,meghalaya,west khasi hills ,2020,2,13551099.230221383,14911
5666,meghalaya,north garo hills ,2018,4,4590211.2600644585,4011
5667,meghalaya,outh west khasi hills ,2018,4,2669874.2649973836,1518
5668,meghalaya,west garo hills ,2018,4,52674487.37349704,29000
5669,meghalaya,outh garo hills ,2018,4,6001319.0968858795,3037
5670,meghalaya,east jaintia hills ,2018,4,37885027.674247645,20614
5671,meghalaya,outh west garo hills ,2018,4,4531236.407859931,3950
5672,meghalaya,east khasi hills ,2018,4,167808906.77955163,70386
5673,meghalaya,east garo hills ,2018,4,5832920.4836901445,2808
5674,meghalaya,bhoi ,2018,4,42066652.872822896,18294
5675,meghalaya,west jaintia hills ,2018,4,7562803.76113517,4693
5676,meghalaya,west khasi hills ,2018,4,5962239.029920495,2821
5677,meghalaya,north garo hills ,2018,1,652554.6654640209,922
5678,meghalaya,outh west khasi hills ,2018,1,489330.8331522482,319
5679,meghalaya,west garo hills ,2018,1,9199200.848858135,7660
5680,meghalaya,outh garo hills ,2018,1,807410.0407250253,705
5681,meghalaya,east jaintia hills ,2018,1,8299361.376028441,4896
5682,meghalaya,outh west garo hills ,2018,1,1015597.2351604333,798
5683,meghalaya,east khasi hills ,2018,1,31807959.175373342,23283
5684,meghalaya,east garo hills ,2018,1,781579.3759249721,749
5685,meghalaya,bhoi ,2018,1,8736566.953918608,6029
5686,meghalaya,west jaintia hills ,2018,1,2812937.948004551,3131
5687,meghalaya,west khasi hills ,2018,1,1647761.3372907462,1079
5688,meghalaya,north garo hills ,2018,3,1976480.2056813869,2271
5689,meghalaya,outh west khasi hills ,2018,3,1016289.6491765348,1032
5690,meghalaya,west garo hills ,2018,3,31488596.43937725,17911
5691,meghalaya,outh garo hills ,2018,3,2467349.2565310476,2110
5692,meghalaya,east jaintia hills ,2018,3,22683448.874125846,11397
5693,meghalaya,outh west garo hills ,2018,3,4294444.447825844,2740
5694,meghalaya,east khasi hills ,2018,3,111173160.26256448,54015
5695,meghalaya,east garo hills ,2018,3,1963470.7809556075,1323
5696,meghalaya,bhoi ,2018,3,26072883.30165547,13023
5697,meghalaya,west jaintia hills ,2018,3,4571330.11958733,3240
5698,meghalaya,west khasi hills ,2018,3,2146208.196912882,1228
5699,meghalaya,north garo hills ,2018,2,1278347.188045342,1403
5700,meghalaya,outh west khasi hills ,2018,2,311487.1929993931,396
5701,meghalaya,west garo hills ,2018,2,19685429.154264543,10651
5702,meghalaya,outh garo hills ,2018,2,1553253.9322072896,1103
5703,meghalaya,east jaintia hills ,2018,2,13059945.843045246,6004
5704,meghalaya,outh west garo hills ,2018,2,1724404.6747075585,1767
5705,meghalaya,east khasi hills ,2018,2,61180700.479729906,33966
5706,meghalaya,east garo hills ,2018,2,1032161.1690227182,832
5707,meghalaya,bhoi ,2018,2,14181827.919832248,8761
5708,meghalaya,west jaintia hills ,2018,2,2312980.3326936862,2232
5709,meghalaya,west khasi hills ,2018,2,684129.9552836155,742
5710,meghalaya,north garo hills ,2024,1,353559646.0,238343
5711,meghalaya,outh west khasi hills ,2024,1,164786307.0,53823
5712,meghalaya,west garo hills ,2024,1,4883521819.0,2767053
5713,meghalaya,outh garo hills ,2024,1,475971711.0,198001
5714,meghalaya,east jaintia hills ,2024,1,2214266060.0,1035599
5715,meghalaya,outh west garo hills ,2024,1,528938201.0,267929
5716,meghalaya,east khasi hills ,2024,1,3754142085.0,2147402
5717,meghalaya,east garo hills ,2024,1,383983768.0,233283
5718,meghalaya,bhoi ,2024,1,2046840314.0,1267759
5719,meghalaya,west jaintia hills ,2024,1,459800946.0,192144
5720,meghalaya,west khasi hills ,2024,1,363493801.0,129926
5721,ladakh,kargil ,2021,4,416648293.67971766,134957
5722,ladakh,leh ladakh ,2021,4,1736886845.1005514,495230
5723,ladakh,kargil ,2021,1,181498257.68860364,58756
5724,ladakh,leh ladakh ,2021,1,801921555.5582755,216659
5725,ladakh,kargil ,2021,3,444521407.39904046,128949
5726,ladakh,leh ladakh ,2021,3,1769463336.535549,462038
5727,ladakh,kargil ,2021,2,284985335.7109177,91914
5728,ladakh,leh ladakh ,2021,2,1142273759.759401,307802
5729,ladakh,kargil ,2019,4,22099751.43707087,5302
5730,ladakh,leh ladakh ,2019,4,302589608.5910406,79404
5731,ladakh,kargil ,2019,1,34328560.502981424,9825
5732,ladakh,leh ladakh ,2019,1,118531360.44614574,36320
5733,ladakh,kargil ,2019,3,47841053.992474176,13855
5734,ladakh,leh ladakh ,2019,3,283288473.2013481,78541
5735,ladakh,kargil ,2019,2,57479644.79749024,15289
5736,ladakh,leh ladakh ,2019,2,201775862.19993445,53483
5737,ladakh,kargil ,2023,4,1231875482.0,705793
5738,ladakh,leh ladakh ,2023,4,5711111463.0,2444425
5739,ladakh,kargil ,2023,1,630698644.0,301776
5740,ladakh,leh ladakh ,2023,1,3218322654.0,1265470
5741,ladakh,kargil ,2023,3,1515768063.0,827753
5742,ladakh,leh ladakh ,2023,3,6734804180.0,2793613
5743,ladakh,kargil ,2023,2,1257128294.0,636520
5744,ladakh,leh ladakh ,2023,2,5933975592.0,2307295
5745,ladakh,kargil ,2022,4,548410667.5396475,233208
5746,ladakh,leh ladakh ,2022,4,2346066905.1393,850164
5747,ladakh,kargil ,2022,1,371130651.77577716,129349
5748,ladakh,leh ladakh ,2022,1,1653910267.0664315,500666
5749,ladakh,kargil ,2022,3,647171126.7724077,244513
5750,ladakh,leh ladakh ,2022,3,2958028223.6015005,946345
5751,ladakh,kargil ,2022,2,644363529.2719021,229338
5752,ladakh,leh ladakh ,2022,2,2898954648.724365,888735
5753,ladakh,kargil ,2020,4,242682676.5979519,79680
5754,ladakh,leh ladakh ,2020,4,869280793.9100087,252454
5755,ladakh,kargil ,2020,1,68749860.73527026,24169
5756,ladakh,leh ladakh ,2020,1,308889816.71047306,92250
5757,ladakh,kargil ,2020,3,183140893.8302123,53708
5758,ladakh,leh ladakh ,2020,3,652346606.227981,174514
5759,ladakh,kargil ,2020,2,125414514.13487196,38403
5760,ladakh,leh ladakh ,2020,2,398378484.5171527,116607
5761,ladakh,kargil ,2018,4,31643842.130934663,8373
5762,ladakh,leh ladakh ,2018,4,103879000.36170289,26838
5763,ladakh,kargil ,2018,1,3430931.079044319,1244
5764,ladakh,leh ladakh ,2018,1,9101926.692070464,4845
5765,ladakh,kargil ,2018,3,20173133.975538384,6149
5766,ladakh,leh ladakh ,2018,3,63917843.16930765,18715
5767,ladakh,kargil ,2018,2,14170742.184864359,4041
5768,ladakh,leh ladakh ,2018,2,33164160.35287711,10969
5769,ladakh,kargil ,2024,1,933633417.0,609643
5770,ladakh,leh ladakh ,2024,1,5151757244.0,2377458
5771,tamil nadu,uchirappalli ,2021,4,10030942198.946257,4814042
5772,tamil nadu,amanathapuram ,2021,4,2780827994.330324,1246669
5773,tamil nadu,krishnagiri ,2021,4,18220873236.79904,10363352
5774,tamil nadu,uddalore ,2021,4,6301578485.45392,3416287
5775,tamil nadu,kancheepuram ,2021,4,17286201190.039677,11777894
5776,tamil nadu,uppur ,2021,4,18701118258.10759,11167439
5777,tamil nadu,harmapuri ,2021,4,8521324061.002514,4084248
5778,tamil nadu,hoothukkudi ,2021,4,4257749141.726399,2046353
5779,tamil nadu,hanjavur ,2021,4,5525021230.471263,2623667
5780,tamil nadu,madurai ,2021,4,13464800515.296556,6309318
5781,tamil nadu,uvannamalai ,2021,4,6154998056.425686,3112963
5782,tamil nadu,alem ,2021,4,22754882844.82726,11783515
5783,tamil nadu,nagapattinam ,2021,4,2671430043.215294,1340753
5784,tamil nadu,upathur ,2021,4,5331962361.389108,2872662
5785,tamil nadu,ariyalur ,2021,4,1566152800.1608644,807477
5786,tamil nadu,hennai ,2021,4,118203166308.69281,76229690
5787,tamil nadu,he nilgiris ,2021,4,2857114042.709935,1558845
5788,tamil nadu,erode ,2021,4,11279232350.572426,6109637
5789,tamil nadu,karur ,2021,4,3172350948.0010557,1566335
5790,tamil nadu,kallakkurichi ,2021,4,4010952254.763807,2028745
5791,tamil nadu,viluppuram ,2021,4,4570490420.456165,2599072
5792,tamil nadu,pudukkottai ,2021,4,3057748358.646205,1443125
5793,tamil nadu,perambalur ,2021,4,1433931161.9791088,725923
5794,tamil nadu,oimbatore ,2021,4,43635817078.197556,27081380
5795,tamil nadu,virudhunagar ,2021,4,5079440715.649944,2263404
5796,tamil nadu,ndigul ,2021,4,7239639952.948546,3475465
5797,tamil nadu,vaganga ,2021,4,3433446160.6470966,1587767
5798,tamil nadu,enkasi ,2021,4,2702877027.9242544,1188367
5799,tamil nadu,hengalpattu ,2021,4,23840432091.35557,17730987
5800,tamil nadu,kanniyakumari ,2021,4,5119949451.254862,2366555
5801,tamil nadu,unelveli ,2021,4,4618519539.499913,2274498
5802,tamil nadu,hiruvallur ,2021,4,31072880036.32846,19146359
5803,tamil nadu,heni ,2021,4,3864287525.995989,1763910
5804,tamil nadu,anipet ,2021,4,4599239984.944193,2380328
5805,tamil nadu,namakkal ,2021,4,6469090317.722906,2959616
5806,tamil nadu,vellore ,2021,4,7912499851.957881,4017284
5807,tamil nadu,hiruvarur ,2021,4,1980984596.362946,892045
5808,tamil nadu,uchirappalli ,2021,1,5757901187.932753,2534430
5809,tamil nadu,amanathapuram ,2021,1,1554931692.7774014,631789
5810,tamil nadu,krishnagiri ,2021,1,9440763059.482832,5202492
5811,tamil nadu,uddalore ,2021,1,3517107575.659477,1707504
5812,tamil nadu,kancheepuram ,2021,1,10815729803.342922,7239244
5813,tamil nadu,uppur ,2021,1,9855808601.269077,4975985
5814,tamil nadu,harmapuri ,2021,1,4467489202.169479,1935044
5815,tamil nadu,hoothukkudi ,2021,1,2295990424.1404276,1024223
5816,tamil nadu,hanjavur ,2021,1,3220591281.6633296,1422654
5817,tamil nadu,madurai ,2021,1,7776155489.0908375,3516926
5818,tamil nadu,uvannamalai ,2021,1,3445029710.066068,1645538
5819,tamil nadu,alem ,2021,1,12397067358.312304,5675889
5820,tamil nadu,nagapattinam ,2021,1,1537599764.657482,689365
5821,tamil nadu,upathur ,2021,1,2765064695.423464,1373386
5822,tamil nadu,ariyalur ,2021,1,827174237.8486408,381503
5823,tamil nadu,hennai ,2021,1,67401706552.93741,39623781
5824,tamil nadu,he nilgiris ,2021,1,1525536741.0368812,765592
5825,tamil nadu,erode ,2021,1,6105816825.193926,3015359
5826,tamil nadu,karur ,2021,1,1632503232.2905831,743870
5827,tamil nadu,kallakkurichi ,2021,1,2227491859.8830943,992263
5828,tamil nadu,viluppuram ,2021,1,2796485186.5226917,1447099
5829,tamil nadu,pudukkottai ,2021,1,1670160006.5136104,717862
5830,tamil nadu,perambalur ,2021,1,795881350.4264938,362847
5831,tamil nadu,oimbatore ,2021,1,22657497371.80345,13630124
5832,tamil nadu,virudhunagar ,2021,1,2480352479.604073,1109562
5833,tamil nadu,ndigul ,2021,1,3733288913.068657,1675353
5834,tamil nadu,vaganga ,2021,1,1871616574.1551266,803444
5835,tamil nadu,enkasi ,2021,1,1368272015.8617854,586227
5836,tamil nadu,hengalpattu ,2021,1,15537387199.626888,11689531
5837,tamil nadu,kanniyakumari ,2021,1,2593569110.9656763,1190574
5838,tamil nadu,unelveli ,2021,1,2464834832.450224,1143931
5839,tamil nadu,hiruvallur ,2021,1,18895161862.27714,11085004
5840,tamil nadu,heni ,2021,1,1963096378.715371,831827
5841,tamil nadu,anipet ,2021,1,2494409737.4287558,1250636
5842,tamil nadu,namakkal ,2021,1,3321591123.8563447,1391436
5843,tamil nadu,vellore ,2021,1,4306538176.971644,2072042
5844,tamil nadu,hiruvarur ,2021,1,1150542258.225264,472338
5845,tamil nadu,uchirappalli ,2021,3,8136231980.2489195,3736365
5846,tamil nadu,amanathapuram ,2021,3,2349967987.7481923,1028742
5847,tamil nadu,krishnagiri ,2021,3,14578072272.708693,8122339
5848,tamil nadu,uddalore ,2021,3,5246388698.49807,2771525
5849,tamil nadu,kancheepuram ,2021,3,14550143056.676136,9646258
5850,tamil nadu,uppur ,2021,3,15282996499.831757,8398025
5851,tamil nadu,harmapuri ,2021,3,6750977106.361298,3165112
5852,tamil nadu,hoothukkudi ,2021,3,3549683754.7758408,1648598
5853,tamil nadu,hanjavur ,2021,3,4642138035.103878,2123436
5854,tamil nadu,madurai ,2021,3,11208939183.589071,5142737
5855,tamil nadu,uvannamalai ,2021,3,5012701130.634172,2496046
5856,tamil nadu,alem ,2021,3,18517560410.078224,8972048
5857,tamil nadu,nagapattinam ,2021,3,2291158512.005002,1080569
5858,tamil nadu,upathur ,2021,3,4279948252.118585,2250740
5859,tamil nadu,ariyalur ,2021,3,1302833298.3803225,658430
5860,tamil nadu,hennai ,2021,3,100463999673.28705,60971210
5861,tamil nadu,he nilgiris ,2021,3,2226960234.278348,1147621
5862,tamil nadu,erode ,2021,3,9015063256.621798,4668549
5863,tamil nadu,karur ,2021,3,2538560234.489727,1215220
5864,tamil nadu,kallakkurichi ,2021,3,3336289610.826971,1635742
5865,tamil nadu,viluppuram ,2021,3,3952931604.1340733,2157103
5866,tamil nadu,pudukkottai ,2021,3,2522917992.224124,1151943
5867,tamil nadu,perambalur ,2021,3,1164081951.2492151,569636
5868,tamil nadu,oimbatore ,2021,3,33773953433.753265,20245762
5869,tamil nadu,virudhunagar ,2021,3,3906229438.3320065,1750490
5870,tamil nadu,ndigul ,2021,3,5791216155.941603,2698900
5871,tamil nadu,vaganga ,2021,3,2864305904.0258627,1290549
5872,tamil nadu,enkasi ,2021,3,2236394720.4405456,974832
5873,tamil nadu,hengalpattu ,2021,3,19685011908.63714,14140388
5874,tamil nadu,kanniyakumari ,2021,3,4143575246.889376,1877533
5875,tamil nadu,unelveli ,2021,3,3848343515.85966,1846166
5876,tamil nadu,hiruvallur ,2021,3,26049988524.55871,15395149
5877,tamil nadu,heni ,2021,3,3070541723.4354496,1367368
5878,tamil nadu,anipet ,2021,3,3748580002.32146,1899157
5879,tamil nadu,namakkal ,2021,3,5151268721.204435,2234405
5880,tamil nadu,vellore ,2021,3,6375710716.318077,3162215
5881,tamil nadu,hiruvarur ,2021,3,1641658306.3405278,716496
5882,tamil nadu,uchirappalli ,2021,2,5989876679.724473,2802791
5883,tamil nadu,amanathapuram ,2021,2,1781472318.7188895,798185
5884,tamil nadu,krishnagiri ,2021,2,10202810394.134584,5709389
5885,tamil nadu,uddalore ,2021,2,3951860482.8076982,2104002
5886,tamil nadu,kancheepuram ,2021,2,10372666957.168972,6712965
5887,tamil nadu,uppur ,2021,2,9379303653.11161,5150795
5888,tamil nadu,harmapuri ,2021,2,4862765621.436455,2359010
5889,tamil nadu,hoothukkudi ,2021,2,2578339769.1596274,1235343
5890,tamil nadu,hanjavur ,2021,2,3416074243.8248944,1640555
5891,tamil nadu,madurai ,2021,2,8300059490.344873,3953976
5892,tamil nadu,uvannamalai ,2021,2,3856475911.7971444,1985072
5893,tamil nadu,alem ,2021,2,13210082950.603289,6557056
5894,tamil nadu,nagapattinam ,2021,2,1603740775.831827,791395
5895,tamil nadu,upathur ,2021,2,3096439056.0077715,1664696
5896,tamil nadu,ariyalur ,2021,2,968590644.6844518,497484
5897,tamil nadu,hennai ,2021,2,74499227803.6517,43737916
5898,tamil nadu,he nilgiris ,2021,2,1566496075.5969553,810947
5899,tamil nadu,erode ,2021,2,6223483781.161043,3273510
5900,tamil nadu,karur ,2021,2,1756585805.1623807,878890
5901,tamil nadu,kallakkurichi ,2021,2,2528572642.064455,1265522
5902,tamil nadu,viluppuram ,2021,2,3055469304.042017,1691100
5903,tamil nadu,pudukkottai ,2021,2,1878724769.0651233,887414
5904,tamil nadu,perambalur ,2021,2,918814447.3710897,435091
5905,tamil nadu,oimbatore ,2021,2,22760967333.98004,13478464
5906,tamil nadu,virudhunagar ,2021,2,2829209746.352104,1328980
5907,tamil nadu,ndigul ,2021,2,4084399404.4486322,1926229
5908,tamil nadu,vaganga ,2021,2,2138901770.5194092,991039
5909,tamil nadu,enkasi ,2021,2,1613264780.7995117,747381
5910,tamil nadu,hengalpattu ,2021,2,14457269251.206604,10075805
5911,tamil nadu,kanniyakumari ,2021,2,3021399531.8626623,1398479
5912,tamil nadu,unelveli ,2021,2,2810892734.1594667,1372707
5913,tamil nadu,hiruvallur ,2021,2,19318347570.29032,10992425
5914,tamil nadu,heni ,2021,2,2256366700.018511,1006998
5915,tamil nadu,anipet ,2021,2,2810335099.931938,1430560
5916,tamil nadu,namakkal ,2021,2,3596658592.319852,1575727
5917,tamil nadu,vellore ,2021,2,4575493116.641008,2319925
5918,tamil nadu,hiruvarur ,2021,2,1215901816.548285,570619
5919,tamil nadu,uchirappalli ,2019,4,2850823022.8616314,1364259
5920,tamil nadu,amanathapuram ,2019,4,466879310.9724102,217020
5921,tamil nadu,krishnagiri ,2019,4,2599923579.484123,1302647
5922,tamil nadu,uddalore ,2019,4,1069462594.6879781,554320
5923,tamil nadu,kancheepuram ,2019,4,4643283492.789846,3134851
5924,tamil nadu,uppur ,2019,4,4339514037.303126,2020118
5925,tamil nadu,harmapuri ,2019,4,1179249689.0943723,545240
5926,tamil nadu,hoothukkudi ,2019,4,673765706.7351946,334748
5927,tamil nadu,hanjavur ,2019,4,1089380865.8971028,634748
5928,tamil nadu,madurai ,2019,4,2775348044.296371,1315576
5929,tamil nadu,uvannamalai ,2019,4,1076989969.0761592,561787
5930,tamil nadu,alem ,2019,4,3897469229.2628374,1754893
5931,tamil nadu,nagapattinam ,2019,4,461426174.73255897,234840
5932,tamil nadu,upathur ,2019,4,757709091.2759188,385208
5933,tamil nadu,ariyalur ,2019,4,270334848.5944755,135252
5934,tamil nadu,hennai ,2019,4,31810645818.308853,16437269
5935,tamil nadu,he nilgiris ,2019,4,537415179.52037,254745
5936,tamil nadu,erode ,2019,4,2315486948.9064226,1092587
5937,tamil nadu,karur ,2019,4,651278224.9980934,303847
5938,tamil nadu,kallakkurichi ,2019,4,615206202.5476354,293430
5939,tamil nadu,viluppuram ,2019,4,911152034.8421421,478192
5940,tamil nadu,pudukkottai ,2019,4,513371629.4764075,250329
5941,tamil nadu,perambalur ,2019,4,262954158.27917016,130104
5942,tamil nadu,oimbatore ,2019,4,11949970482.923735,5937176
5943,tamil nadu,virudhunagar ,2019,4,780408757.3399825,371435
5944,tamil nadu,ndigul ,2019,4,1157558219.820724,570988
5945,tamil nadu,vaganga ,2019,4,681274042.3255894,293949
5946,tamil nadu,enkasi ,2019,4,403713924.4305418,193559
5947,tamil nadu,hengalpattu ,2019,4,9083457170.596087,7809082
5948,tamil nadu,kanniyakumari ,2019,4,795547991.5668749,421655
5949,tamil nadu,unelveli ,2019,4,745395226.0570003,360780
5950,tamil nadu,hiruvallur ,2019,4,7308502938.397885,4441180
5951,tamil nadu,heni ,2019,4,559543041.1831771,256489
5952,tamil nadu,anipet ,2019,4,816050436.4792322,421689
5953,tamil nadu,namakkal ,2019,4,1234659045.0414333,559495
5954,tamil nadu,vellore ,2019,4,1572585255.604042,1053293
5955,tamil nadu,hiruvarur ,2019,4,333129126.8343694,169631
5956,tamil nadu,uchirappalli ,2019,1,1460934059.6618776,739515
5957,tamil nadu,amanathapuram ,2019,1,261212990.57586715,117510
5958,tamil nadu,krishnagiri ,2019,1,1549327562.4754324,848874
5959,tamil nadu,uddalore ,2019,1,699951874.4703772,371882
5960,tamil nadu,kancheepuram ,2019,1,2735468905.1703753,1732340
5961,tamil nadu,uppur ,2019,1,2186722074.262658,1078231
5962,tamil nadu,harmapuri ,2019,1,668652808.0588444,331500
5963,tamil nadu,hoothukkudi ,2019,1,359895560.1460023,180015
5964,tamil nadu,hanjavur ,2019,1,669639245.9756603,405498
5965,tamil nadu,madurai ,2019,1,1386372054.5139372,662080
5966,tamil nadu,uvannamalai ,2019,1,587600686.1729097,335517
5967,tamil nadu,alem ,2019,1,1916555034.6953974,949562
5968,tamil nadu,nagapattinam ,2019,1,244377942.67220742,124400
5969,tamil nadu,upathur ,2019,1,385038982.587596,202883
5970,tamil nadu,ariyalur ,2019,1,152352863.72042736,73816
5971,tamil nadu,hennai ,2019,1,18810971714.51368,11642449
5972,tamil nadu,he nilgiris ,2019,1,309832942.56843877,158492
5973,tamil nadu,erode ,2019,1,1057858607.532634,530256
5974,tamil nadu,karur ,2019,1,377068327.0145311,185137
5975,tamil nadu,kallakkurichi ,2019,1,337609667.69771576,156496
5976,tamil nadu,viluppuram ,2019,1,514030368.828369,286859
5977,tamil nadu,pudukkottai ,2019,1,348619009.32284886,184227
5978,tamil nadu,perambalur ,2019,1,140622320.1727047,67010
5979,tamil nadu,oimbatore ,2019,1,5072064993.630945,2709665
5980,tamil nadu,virudhunagar ,2019,1,434593501.068418,222473
5981,tamil nadu,ndigul ,2019,1,653290732.3983055,296645
5982,tamil nadu,vaganga ,2019,1,364945762.4726825,159965
5983,tamil nadu,enkasi ,2019,1,235423158.3782131,126012
5984,tamil nadu,hengalpattu ,2019,1,4918695631.396448,3285713
5985,tamil nadu,kanniyakumari ,2019,1,403789101.6641393,181053
5986,tamil nadu,unelveli ,2019,1,446437662.9956399,206676
5987,tamil nadu,hiruvallur ,2019,1,3957616692.241628,2305713
5988,tamil nadu,heni ,2019,1,316272934.5833893,141271
5989,tamil nadu,anipet ,2019,1,468967113.39919156,275147
5990,tamil nadu,namakkal ,2019,1,779612379.6185097,381248
5991,tamil nadu,vellore ,2019,1,796074971.7121506,521653
5992,tamil nadu,hiruvarur ,2019,1,195536577.7617722,97262
5993,tamil nadu,uchirappalli ,2019,3,2283457398.7735853,1028271
5994,tamil nadu,amanathapuram ,2019,3,364511483.7921167,164056
5995,tamil nadu,krishnagiri ,2019,3,1897364248.7738578,906439
5996,tamil nadu,uddalore ,2019,3,854430041.4558713,429418
5997,tamil nadu,kancheepuram ,2019,3,3749463855.838708,2374121
5998,tamil nadu,uppur ,2019,3,3459384833.8566313,1583318
5999,tamil nadu,harmapuri ,2019,3,892434523.6141176,404500
6000,tamil nadu,hoothukkudi ,2019,3,514591122.2093332,251434
6001,tamil nadu,hanjavur ,2019,3,862709786.020551,499378
6002,tamil nadu,madurai ,2019,3,2163231649.618825,1004838
6003,tamil nadu,uvannamalai ,2019,3,788782442.4394717,408695
6004,tamil nadu,alem ,2019,3,3089948772.2836018,1348219
6005,tamil nadu,nagapattinam ,2019,3,374062397.54947984,182524
6006,tamil nadu,upathur ,2019,3,551887987.5341959,280191
6007,tamil nadu,ariyalur ,2019,3,210754842.56579608,102318
6008,tamil nadu,hennai ,2019,3,23024193806.41262,11333032
6009,tamil nadu,he nilgiris ,2019,3,366416212.008214,172729
6010,tamil nadu,erode ,2019,3,1809433458.6710446,824050
6011,tamil nadu,karur ,2019,3,527606128.129179,233312
6012,tamil nadu,kallakkurichi ,2019,3,462594169.6759218,214180
6013,tamil nadu,viluppuram ,2019,3,691014122.5419819,347727
6014,tamil nadu,pudukkottai ,2019,3,403435245.85255337,195452
6015,tamil nadu,perambalur ,2019,3,202989238.0194384,97443
6016,tamil nadu,oimbatore ,2019,3,9457627886.22332,4303835
6017,tamil nadu,virudhunagar ,2019,3,603050825.4211078,286960
6018,tamil nadu,ndigul ,2019,3,865233220.4260747,411188
6019,tamil nadu,vaganga ,2019,3,461238657.754354,203568
6020,tamil nadu,enkasi ,2019,3,316677496.8906262,149611
6021,tamil nadu,hengalpattu ,2019,3,7255276540.840912,5765425
6022,tamil nadu,kanniyakumari ,2019,3,576372340.2691851,293582
6023,tamil nadu,unelveli ,2019,3,571521395.652529,266559
6024,tamil nadu,hiruvallur ,2019,3,5790229760.583482,3497534
6025,tamil nadu,heni ,2019,3,415596823.8817531,182650
6026,tamil nadu,anipet ,2019,3,621745958.3633249,319434
6027,tamil nadu,namakkal ,2019,3,1016896335.2618289,436893
6028,tamil nadu,vellore ,2019,3,1201803229.5388474,776654
6029,tamil nadu,hiruvarur ,2019,3,261636404.8962479,130645
6030,tamil nadu,uchirappalli ,2019,2,1748258486.2944925,776306
6031,tamil nadu,amanathapuram ,2019,2,296811295.8616359,123783
6032,tamil nadu,krishnagiri ,2019,2,1504554589.8086202,663016
6033,tamil nadu,uddalore ,2019,2,724326506.6539905,338724
6034,tamil nadu,kancheepuram ,2019,2,2936409443.598878,1656532
6035,tamil nadu,uppur ,2019,2,2631888252.799778,1179119
6036,tamil nadu,harmapuri ,2019,2,750439298.4748436,323447
6037,tamil nadu,hoothukkudi ,2019,2,412772487.6535857,185632
6038,tamil nadu,hanjavur ,2019,2,680121355.5242591,339651
6039,tamil nadu,madurai ,2019,2,1703311128.1845107,741073
6040,tamil nadu,uvannamalai ,2019,2,651936392.503907,321071
6041,tamil nadu,alem ,2019,2,2340941775.7458673,1018100
6042,tamil nadu,nagapattinam ,2019,2,288878413.0761344,134853
6043,tamil nadu,upathur ,2019,2,439049538.038205,206045
6044,tamil nadu,ariyalur ,2019,2,182726352.90462667,78382
6045,tamil nadu,hennai ,2019,2,20366477248.325935,10577435
6046,tamil nadu,he nilgiris ,2019,2,343730237.7547302,137469
6047,tamil nadu,erode ,2019,2,1395266699.3923202,618730
6048,tamil nadu,karur ,2019,2,416267818.15522087,179180
6049,tamil nadu,kallakkurichi ,2019,2,378429511.937363,166891
6050,tamil nadu,viluppuram ,2019,2,576610926.2303933,277403
6051,tamil nadu,pudukkottai ,2019,2,321121330.503316,142843
6052,tamil nadu,perambalur ,2019,2,161197712.56576952,71612
6053,tamil nadu,oimbatore ,2019,2,7063644440.487608,3191687
6054,tamil nadu,virudhunagar ,2019,2,465084869.3948114,214026
6055,tamil nadu,ndigul ,2019,2,696936336.7798494,288758
6056,tamil nadu,vaganga ,2019,2,372992810.1422117,152693
6057,tamil nadu,enkasi ,2019,2,247940691.25120723,110318
6058,tamil nadu,hengalpattu ,2019,2,5655296088.730306,3719692
6059,tamil nadu,kanniyakumari ,2019,2,466208102.0994936,207995
6060,tamil nadu,unelveli ,2019,2,472709052.2940883,198144
6061,tamil nadu,hiruvallur ,2019,2,4674408137.818318,2486358
6062,tamil nadu,heni ,2019,2,356493376.3471781,141459
6063,tamil nadu,anipet ,2019,2,511118431.89607203,252482
6064,tamil nadu,namakkal ,2019,2,809609337.9236962,329353
6065,tamil nadu,vellore ,2019,2,961718767.3510636,527517
6066,tamil nadu,hiruvarur ,2019,2,201988781.25331098,93958
6067,tamil nadu,uchirappalli ,2023,4,23130655906.0,13546386
6068,tamil nadu,amanathapuram ,2023,4,8083975191.0,4196969
6069,tamil nadu,krishnagiri ,2023,4,58128403055.0,38716127
6070,tamil nadu,uddalore ,2023,4,15883322354.0,10061731
6071,tamil nadu,kancheepuram ,2023,4,42324947809.0,35825274
6072,tamil nadu,uppur ,2023,4,40204687126.0,33312329
6073,tamil nadu,harmapuri ,2023,4,28313365775.0,15564980
6074,tamil nadu,hoothukkudi ,2023,4,10944724787.0,6834131
6075,tamil nadu,hanjavur ,2023,4,13817285904.0,7754898
6076,tamil nadu,madurai ,2023,4,30065725377.0,16710432
6077,tamil nadu,uvannamalai ,2023,4,18827186868.0,11492348
6078,tamil nadu,alem ,2023,4,44455006086.0,25568703
6079,tamil nadu,nagapattinam ,2023,4,7311122645.0,4347694
6080,tamil nadu,upathur ,2023,4,17300586537.0,11031298
6081,tamil nadu,ariyalur ,2023,4,4367171700.0,2549994
6082,tamil nadu,hennai ,2023,4,84462859933.0,63203856
6083,tamil nadu,he nilgiris ,2023,4,7116857808.0,4771052
6084,tamil nadu,erode ,2023,4,21465887465.0,13962707
6085,tamil nadu,karur ,2023,4,9003387087.0,5262117
6086,tamil nadu,kallakkurichi ,2023,4,12732566595.0,7645944
6087,tamil nadu,viluppuram ,2023,4,11207312466.0,7398695
6088,tamil nadu,pudukkottai ,2023,4,8939368761.0,4683297
6089,tamil nadu,perambalur ,2023,4,4197994109.0,2474062
6090,tamil nadu,oimbatore ,2023,4,62771942615.0,49610094
6091,tamil nadu,virudhunagar ,2023,4,12454054001.0,7127952
6092,tamil nadu,ndigul ,2023,4,21838011929.0,12332967
6093,tamil nadu,vaganga ,2023,4,9224527364.0,4911741
6094,tamil nadu,enkasi ,2023,4,7786677432.0,4144695
6095,tamil nadu,hengalpattu ,2023,4,66002471552.0,56593183
6096,tamil nadu,kanniyakumari ,2023,4,15240413516.0,8165186
6097,tamil nadu,unelveli ,2023,4,12403415471.0,7655361
6098,tamil nadu,hiruvallur ,2023,4,74196249957.0,55046227
6099,tamil nadu,heni ,2023,4,12110551574.0,6549554
6100,tamil nadu,anipet ,2023,4,11977580131.0,7743655
6101,tamil nadu,namakkal ,2023,4,18022602038.0,10249122
6102,tamil nadu,vellore ,2023,4,21428316822.0,13634855
6103,tamil nadu,hiruvarur ,2023,4,5129449259.0,2801765
6104,tamil nadu,uchirappalli ,2023,1,19312472102.0,10559157
6105,tamil nadu,amanathapuram ,2023,1,6563687794.0,3161959
6106,tamil nadu,krishnagiri ,2023,1,42985634120.0,27060721
6107,tamil nadu,uddalore ,2023,1,13409796716.0,8048998
6108,tamil nadu,kancheepuram ,2023,1,35659195700.0,28434059
6109,tamil nadu,uppur ,2023,1,31612220617.0,23102273
6110,tamil nadu,harmapuri ,2023,1,21758757618.0,11334419
6111,tamil nadu,hoothukkudi ,2023,1,9347641699.0,5314189
6112,tamil nadu,hanjavur ,2023,1,11809807012.0,6039246
6113,tamil nadu,madurai ,2023,1,24763626170.0,12890979
6114,tamil nadu,uvannamalai ,2023,1,14864923318.0,8350359
6115,tamil nadu,alem ,2023,1,35440342871.0,19000542
6116,tamil nadu,nagapattinam ,2023,1,6212126931.0,3351352
6117,tamil nadu,upathur ,2023,1,13214504318.0,8008229
6118,tamil nadu,ariyalur ,2023,1,3657554169.0,1989043
6119,tamil nadu,hennai ,2023,1,74022904169.0,54082635
6120,tamil nadu,he nilgiris ,2023,1,5566369984.0,3531701
6121,tamil nadu,erode ,2023,1,17503707079.0,10413101
6122,tamil nadu,karur ,2023,1,7285246160.0,3961099
6123,tamil nadu,kallakkurichi ,2023,1,10284275550.0,5623808
6124,tamil nadu,viluppuram ,2023,1,9921812743.0,6134683
6125,tamil nadu,pudukkottai ,2023,1,7297092570.0,3606871
6126,tamil nadu,perambalur ,2023,1,3496777331.0,1907989
6127,tamil nadu,oimbatore ,2023,1,51615824209.0,39368101
6128,tamil nadu,virudhunagar ,2023,1,10110700191.0,5424618
6129,tamil nadu,ndigul ,2023,1,16763205017.0,8900167
6130,tamil nadu,vaganga ,2023,1,7704708708.0,3844323
6131,tamil nadu,enkasi ,2023,1,6433449201.0,3086579
6132,tamil nadu,hengalpattu ,2023,1,56466433731.0,47785112
6133,tamil nadu,kanniyakumari ,2023,1,11195409956.0,5769596
6134,tamil nadu,unelveli ,2023,1,9968103967.0,5616592
6135,tamil nadu,hiruvallur ,2023,1,63977916519.0,44534386
6136,tamil nadu,heni ,2023,1,9400279352.0,4720868
6137,tamil nadu,anipet ,2023,1,9898123646.0,5956104
6138,tamil nadu,namakkal ,2023,1,14447202396.0,7634185
6139,tamil nadu,vellore ,2023,1,17120886040.0,10453261
6140,tamil nadu,hiruvarur ,2023,1,4490953844.0,2211083
6141,tamil nadu,uchirappalli ,2023,3,21741422580.0,12203674
6142,tamil nadu,amanathapuram ,2023,3,7603550256.0,3670023
6143,tamil nadu,krishnagiri ,2023,3,52478701123.0,34486164
6144,tamil nadu,uddalore ,2023,3,14964257561.0,8993898
6145,tamil nadu,kancheepuram ,2023,3,41722664352.0,34927894
6146,tamil nadu,uppur ,2023,3,38263190944.0,30246050
6147,tamil nadu,harmapuri ,2023,3,25115860184.0,13381494
6148,tamil nadu,hoothukkudi ,2023,3,10972909100.0,6408846
6149,tamil nadu,hanjavur ,2023,3,13205002322.0,7006160
6150,tamil nadu,madurai ,2023,3,28300320002.0,15229079
6151,tamil nadu,uvannamalai ,2023,3,17271012804.0,10093012
6152,tamil nadu,alem ,2023,3,40740984216.0,22733379
6153,tamil nadu,nagapattinam ,2023,3,7112347600.0,3997287
6154,tamil nadu,upathur ,2023,3,15560586651.0,9593808
6155,tamil nadu,ariyalur ,2023,3,4165786934.0,2234365
6156,tamil nadu,hennai ,2023,3,85198861679.0,64423156
6157,tamil nadu,he nilgiris ,2023,3,6660469419.0,4389794
6158,tamil nadu,erode ,2023,3,20094330371.0,12692404
6159,tamil nadu,karur ,2023,3,8254505815.0,4645330
6160,tamil nadu,kallakkurichi ,2023,3,11725838306.0,6738805
6161,tamil nadu,viluppuram ,2023,3,10726776823.0,6820072
6162,tamil nadu,pudukkottai ,2023,3,8433778209.0,4193425
6163,tamil nadu,perambalur ,2023,3,3902611011.0,2216919
6164,tamil nadu,oimbatore ,2023,3,60549050278.0,46819743
6165,tamil nadu,virudhunagar ,2023,3,11660283716.0,6477489
6166,tamil nadu,ndigul ,2023,3,20100190663.0,10715292
6167,tamil nadu,vaganga ,2023,3,8742909537.0,4384045
6168,tamil nadu,enkasi ,2023,3,7601348511.0,3762715
6169,tamil nadu,hengalpattu ,2023,3,66789071996.0,57523688
6170,tamil nadu,kanniyakumari ,2023,3,13670833040.0,7070401
6171,tamil nadu,unelveli ,2023,3,12111549020.0,7051947
6172,tamil nadu,hiruvallur ,2023,3,73751421782.0,54066131
6173,tamil nadu,heni ,2023,3,11056097531.0,5696912
6174,tamil nadu,anipet ,2023,3,11226066349.0,7030037
6175,tamil nadu,namakkal ,2023,3,16684400956.0,9156806
6176,tamil nadu,vellore ,2023,3,20076925544.0,12442326
6177,tamil nadu,hiruvarur ,2023,3,4869347513.0,2562438
6178,tamil nadu,uchirappalli ,2023,2,20455452746.0,11012446
6179,tamil nadu,amanathapuram ,2023,2,6973064316.0,3290555
6180,tamil nadu,krishnagiri ,2023,2,48954116395.0,30480238
6181,tamil nadu,uddalore ,2023,2,14112465473.0,8354036
6182,tamil nadu,kancheepuram ,2023,2,38377770025.0,30960455
6183,tamil nadu,uppur ,2023,2,34462188247.0,25315335
6184,tamil nadu,harmapuri ,2023,2,23737079024.0,12289754
6185,tamil nadu,hoothukkudi ,2023,2,10292470339.0,5717113
6186,tamil nadu,hanjavur ,2023,2,12463249803.0,6416227
6187,tamil nadu,madurai ,2023,2,26681647309.0,13702781
6188,tamil nadu,uvannamalai ,2023,2,16045360745.0,9108567
6189,tamil nadu,alem ,2023,2,38483559669.0,20677006
6190,tamil nadu,nagapattinam ,2023,2,6613294059.0,3698379
6191,tamil nadu,upathur ,2023,2,14506799484.0,8687983
6192,tamil nadu,ariyalur ,2023,2,3919208327.0,2071096
6193,tamil nadu,hennai ,2023,2,79752773295.0,58067196
6194,tamil nadu,he nilgiris ,2023,2,7445469665.0,4539924
6195,tamil nadu,erode ,2023,2,18665388710.0,11308928
6196,tamil nadu,karur ,2023,2,7781633847.0,4190645
6197,tamil nadu,kallakkurichi ,2023,2,11043179815.0,6125567
6198,tamil nadu,viluppuram ,2023,2,10411166144.0,6461774
6199,tamil nadu,pudukkottai ,2023,2,7738272578.0,3753548
6200,tamil nadu,perambalur ,2023,2,3643141277.0,2004548
6201,tamil nadu,oimbatore ,2023,2,55641017773.0,41794917
6202,tamil nadu,virudhunagar ,2023,2,10711314340.0,5672006
6203,tamil nadu,ndigul ,2023,2,18790973063.0,9690935
6204,tamil nadu,vaganga ,2023,2,8228850727.0,3981044
6205,tamil nadu,enkasi ,2023,2,6929192057.0,3311027
6206,tamil nadu,hengalpattu ,2023,2,61412309875.0,51706890
6207,tamil nadu,kanniyakumari ,2023,2,12612790280.0,6343632
6208,tamil nadu,unelveli ,2023,2,11154710120.0,6188960
6209,tamil nadu,hiruvallur ,2023,2,68546759350.0,48176846
6210,tamil nadu,heni ,2023,2,10278091794.0,5149310
6211,tamil nadu,anipet ,2023,2,10576859341.0,6422899
6212,tamil nadu,namakkal ,2023,2,15437161656.0,8133870
6213,tamil nadu,vellore ,2023,2,18879395197.0,11283787
6214,tamil nadu,hiruvarur ,2023,2,4604374150.0,2339414
6215,tamil nadu,uchirappalli ,2022,4,18674871633.79885,10348183
6216,tamil nadu,amanathapuram ,2022,4,5131912118.760078,2536980
6217,tamil nadu,krishnagiri ,2022,4,27528800881.08297,16419186
6218,tamil nadu,uddalore ,2022,4,9263849009.273396,5504268
6219,tamil nadu,kancheepuram ,2022,4,22979273761.178146,17540782
6220,tamil nadu,uppur ,2022,4,27993817372.884705,20078625
6221,tamil nadu,harmapuri ,2022,4,13284210841.009699,6657535
6222,tamil nadu,hoothukkudi ,2022,4,6774717593.060657,3656395
6223,tamil nadu,hanjavur ,2022,4,7929388570.071096,4047728
6224,tamil nadu,madurai ,2022,4,39075713283.65903,21930141
6225,tamil nadu,uvannamalai ,2022,4,9545432273.854141,5236271
6226,tamil nadu,alem ,2022,4,52189264730.86203,33193962
6227,tamil nadu,nagapattinam ,2022,4,3688142192.789018,1958358
6228,tamil nadu,upathur ,2022,4,8186140455.240453,4764895
6229,tamil nadu,ariyalur ,2022,4,2323435387.037087,1245030
6230,tamil nadu,hennai ,2022,4,52708969517.53118,36087169
6231,tamil nadu,he nilgiris ,2022,4,4520156369.4038925,2829489
6232,tamil nadu,erode ,2022,4,13727797354.99751,8133010
6233,tamil nadu,karur ,2022,4,4869161063.115521,2534064
6234,tamil nadu,kallakkurichi ,2022,4,6197053072.30322,3330128
6235,tamil nadu,viluppuram ,2022,4,6442185710.5079155,3886476
6236,tamil nadu,pudukkottai ,2022,4,4756557513.936826,2351358
6237,tamil nadu,perambalur ,2022,4,2139737159.8272598,1139212
6238,tamil nadu,oimbatore ,2022,4,56926594389.65879,40259816
6239,tamil nadu,virudhunagar ,2022,4,7070008076.062214,3538938
6240,tamil nadu,ndigul ,2022,4,12201984709.758507,6357637
6241,tamil nadu,vaganga ,2022,4,4894047781.374544,2386560
6242,tamil nadu,enkasi ,2022,4,4139835704.6142645,1883458
6243,tamil nadu,hengalpattu ,2022,4,143850411731.03555,109159290
6244,tamil nadu,kanniyakumari ,2022,4,8142588843.674078,3950782
6245,tamil nadu,unelveli ,2022,4,7605241924.228041,4027170
6246,tamil nadu,hiruvallur ,2022,4,41018657465.028946,27335584
6247,tamil nadu,heni ,2022,4,6887377073.070898,3444290
6248,tamil nadu,anipet ,2022,4,6482440332.589865,3737957
6249,tamil nadu,namakkal ,2022,4,12192052206.513931,6710663
6250,tamil nadu,vellore ,2022,4,11677039040.344677,6821759
6251,tamil nadu,hiruvarur ,2022,4,2670800447.3045335,1293487
6252,tamil nadu,uchirappalli ,2022,1,11360010997.109035,5422369
6253,tamil nadu,amanathapuram ,2022,1,3361169634.3715773,1425024
6254,tamil nadu,krishnagiri ,2022,1,20650466208.670742,11729353
6255,tamil nadu,uddalore ,2022,1,7328083169.35031,3854898
6256,tamil nadu,kancheepuram ,2022,1,19642924522.879723,13219354
6257,tamil nadu,uppur ,2022,1,20994558968.024055,12755181
6258,tamil nadu,harmapuri ,2022,1,10116593522.472927,4750920
6259,tamil nadu,hoothukkudi ,2022,1,5004713169.898031,2388242
6260,tamil nadu,hanjavur ,2022,1,6384285130.794783,2942810
6261,tamil nadu,madurai ,2022,1,15309320989.586184,7084562
6262,tamil nadu,uvannamalai ,2022,1,7478979872.636584,3659658
6263,tamil nadu,alem ,2022,1,26325325605.86054,13278693
6264,tamil nadu,nagapattinam ,2022,1,3137077070.316338,1501440
6265,tamil nadu,upathur ,2022,1,6408532952.989394,3403925
6266,tamil nadu,ariyalur ,2022,1,1840235658.86316,898502
6267,tamil nadu,hennai ,2022,1,135444152912.82495,87458453
6268,tamil nadu,he nilgiris ,2022,1,3144464483.74693,1729884
6269,tamil nadu,erode ,2022,1,12788323701.473593,6860000
6270,tamil nadu,karur ,2022,1,3768124397.8555865,1831500
6271,tamil nadu,kallakkurichi ,2022,1,5048000351.991163,2421741
6272,tamil nadu,viluppuram ,2022,1,5372428494.6229515,2943580
6273,tamil nadu,pudukkottai ,2022,1,3677396086.543876,1639483
6274,tamil nadu,perambalur ,2022,1,1744613505.1576376,834022
6275,tamil nadu,oimbatore ,2022,1,51963955887.092926,30679187
6276,tamil nadu,virudhunagar ,2022,1,5676327115.346463,2550440
6277,tamil nadu,ndigul ,2022,1,8412785022.744812,3965199
6278,tamil nadu,vaganga ,2022,1,4101854018.7768383,1828509
6279,tamil nadu,enkasi ,2022,1,3196885065.5183153,1345693
6280,tamil nadu,hengalpattu ,2022,1,27209616572.77708,19802491
6281,tamil nadu,kanniyakumari ,2022,1,5779300862.137162,2597045
6282,tamil nadu,unelveli ,2022,1,5381065070.681534,2585793
6283,tamil nadu,hiruvallur ,2022,1,35412374869.409676,21243322
6284,tamil nadu,heni ,2022,1,4611206982.381892,2063736
6285,tamil nadu,anipet ,2022,1,5529848785.373485,2755460
6286,tamil nadu,namakkal ,2022,1,7554607821.660087,3415879
6287,tamil nadu,vellore ,2022,1,9294845509.816792,4693455
6288,tamil nadu,hiruvarur ,2022,1,2334746608.8726997,1013347
6289,tamil nadu,uchirappalli ,2022,3,16339844623.273811,8564920
6290,tamil nadu,amanathapuram ,2022,3,4657168292.975974,2203852
6291,tamil nadu,krishnagiri ,2022,3,25680854032.527496,14932340
6292,tamil nadu,uddalore ,2022,3,8326894677.322099,4680299
6293,tamil nadu,kancheepuram ,2022,3,22598905113.9707,16476680
6294,tamil nadu,uppur ,2022,3,25599159008.871284,17847117
6295,tamil nadu,harmapuri ,2022,3,12322253266.415527,6110827
6296,tamil nadu,hoothukkudi ,2022,3,5929644411.408558,3019557
6297,tamil nadu,hanjavur ,2022,3,7247067631.582065,3516046
6298,tamil nadu,madurai ,2022,3,34963057317.53805,18854500
6299,tamil nadu,uvannamalai ,2022,3,8676598240.042643,4546341
6300,tamil nadu,alem ,2022,3,50435972371.685875,31403065
6301,tamil nadu,nagapattinam ,2022,3,3606593436.59481,1844678
6302,tamil nadu,upathur ,2022,3,7637805182.874846,4286229
6303,tamil nadu,ariyalur ,2022,3,2096516777.8551369,1057782
6304,tamil nadu,hennai ,2022,3,65344650467.52281,42908667
6305,tamil nadu,he nilgiris ,2022,3,4071937674.8550215,2499125
6306,tamil nadu,erode ,2022,3,15897874506.901472,9576460
6307,tamil nadu,karur ,2022,3,4542659398.617556,2308386
6308,tamil nadu,kallakkurichi ,2022,3,5829974361.302319,3031305
6309,tamil nadu,viluppuram ,2022,3,6179829272.664677,3531557
6310,tamil nadu,pudukkottai ,2022,3,4536703248.458712,2149117
6311,tamil nadu,perambalur ,2022,3,2063752415.6349826,1062776
6312,tamil nadu,oimbatore ,2022,3,63815834929.8924,43610373
6313,tamil nadu,virudhunagar ,2022,3,6768626547.405922,3256212
6314,tamil nadu,ndigul ,2022,3,11010004404.187984,5468519
6315,tamil nadu,vaganga ,2022,3,4655481935.624228,2158718
6316,tamil nadu,enkasi ,2022,3,3976292693.820149,1743856
6317,tamil nadu,hengalpattu ,2022,3,106079722725.66629,78987490
6318,tamil nadu,kanniyakumari ,2022,3,7370866205.985282,3457993
6319,tamil nadu,unelveli ,2022,3,6665454588.874087,3362624
6320,tamil nadu,hiruvallur ,2022,3,40124901027.15738,25690184
6321,tamil nadu,heni ,2022,3,5802007462.408134,2726196
6322,tamil nadu,anipet ,2022,3,6087756257.31634,3307025
6323,tamil nadu,namakkal ,2022,3,10398967389.719395,5427150
6324,tamil nadu,vellore ,2022,3,12004282971.363426,6719587
6325,tamil nadu,hiruvarur ,2022,3,2533305502.950427,1168622
6326,tamil nadu,uchirappalli ,2022,2,12634551299.241276,6270815
6327,tamil nadu,amanathapuram ,2022,2,3744853011.614974,1634901
6328,tamil nadu,krishnagiri ,2022,2,24721054679.65894,13942838
6329,tamil nadu,uddalore ,2022,2,8117134896.240127,4456802
6330,tamil nadu,kancheepuram ,2022,2,22731542491.811836,15868496
6331,tamil nadu,uppur ,2022,2,23838727353.104855,15482000
6332,tamil nadu,harmapuri ,2022,2,11978363491.184544,5738543
6333,tamil nadu,hoothukkudi ,2022,2,5842566259.232948,2904687
6334,tamil nadu,hanjavur ,2022,2,7198941291.2239,3489101
6335,tamil nadu,madurai ,2022,2,17264493941.688946,8320838
6336,tamil nadu,uvannamalai ,2022,2,8492400732.338126,4281517
6337,tamil nadu,alem ,2022,2,30338068694.55334,16106627
6338,tamil nadu,nagapattinam ,2022,2,3563820744.073098,1780491
6339,tamil nadu,upathur ,2022,2,7419909368.9099245,4039898
6340,tamil nadu,ariyalur ,2022,2,2099380930.1451182,1018572
6341,tamil nadu,hennai ,2022,2,154665269695.64178,105344784
6342,tamil nadu,he nilgiris ,2022,2,4192820800.6586566,2334296
6343,tamil nadu,erode ,2022,2,14313011584.19171,8037374
6344,tamil nadu,karur ,2022,2,4285560062.068948,2130679
6345,tamil nadu,kallakkurichi ,2022,2,5639207666.8493,2827472
6346,tamil nadu,viluppuram ,2022,2,5986428096.992262,3359417
6347,tamil nadu,pudukkottai ,2022,2,4133146343.311369,1893795
6348,tamil nadu,perambalur ,2022,2,1942588737.1276388,969247
6349,tamil nadu,oimbatore ,2022,2,59260276493.12476,36695888
6350,tamil nadu,virudhunagar ,2022,2,6563589359.971757,3078392
6351,tamil nadu,ndigul ,2022,2,9862085177.478687,4742064
6352,tamil nadu,vaganga ,2022,2,4572110215.1412115,2113451
6353,tamil nadu,enkasi ,2022,2,3744115676.153031,1627020
6354,tamil nadu,hengalpattu ,2022,2,33118244166.51247,25456618
6355,tamil nadu,kanniyakumari ,2022,2,6825432728.488245,3119680
6356,tamil nadu,unelveli ,2022,2,6293477478.325724,3088831
6357,tamil nadu,hiruvallur ,2022,2,40588215771.8699,25490825
6358,tamil nadu,heni ,2022,2,5292036888.261049,2444576
6359,tamil nadu,anipet ,2022,2,6359870289.317292,3219805
6360,tamil nadu,namakkal ,2022,2,8629035859.175919,4127139
6361,tamil nadu,vellore ,2022,2,11364769190.93938,5911444
6362,tamil nadu,hiruvarur ,2022,2,2517626211.7731895,1158014
6363,tamil nadu,uchirappalli ,2020,4,5291331688.157503,2464746
6364,tamil nadu,amanathapuram ,2020,4,1360009136.1764975,622498
6365,tamil nadu,krishnagiri ,2020,4,9044884706.251484,5011992
6366,tamil nadu,uddalore ,2020,4,3084770467.789626,1633984
6367,tamil nadu,kancheepuram ,2020,4,9795433898.261469,6509711
6368,tamil nadu,uppur ,2020,4,8662796446.594257,4364806
6369,tamil nadu,harmapuri ,2020,4,4029773950.47177,1902446
6370,tamil nadu,hoothukkudi ,2020,4,2096065758.5672612,1025293
6371,tamil nadu,hanjavur ,2020,4,2813748477.8655963,1385065
6372,tamil nadu,madurai ,2020,4,7010358411.213523,3222620
6373,tamil nadu,uvannamalai ,2020,4,3151358781.4440365,1662872
6374,tamil nadu,alem ,2020,4,9865912487.837538,4407759
6375,tamil nadu,nagapattinam ,2020,4,1298601389.6956697,664899
6376,tamil nadu,upathur ,2020,4,2436174292.046173,1301514
6377,tamil nadu,ariyalur ,2020,4,743274399.6431041,387497
6378,tamil nadu,hennai ,2020,4,46230345977.314285,24172148
6379,tamil nadu,he nilgiris ,2020,4,1389804925.0072508,715903
6380,tamil nadu,erode ,2020,4,5126731992.032161,2534766
6381,tamil nadu,karur ,2020,4,1457183761.2301733,721954
6382,tamil nadu,kallakkurichi ,2020,4,1942813252.5128467,959178
6383,tamil nadu,viluppuram ,2020,4,2475210959.1676445,1372880
6384,tamil nadu,pudukkottai ,2020,4,1483819411.301909,724855
6385,tamil nadu,perambalur ,2020,4,715175756.890573,365657
6386,tamil nadu,oimbatore ,2020,4,18723397961.28515,10473572
6387,tamil nadu,virudhunagar ,2020,4,2383190479.025921,1102516
6388,tamil nadu,ndigul ,2020,4,3318607660.087685,1631369
6389,tamil nadu,vaganga ,2020,4,1721864988.6506038,797194
6390,tamil nadu,enkasi ,2020,4,1274667229.591744,609674
6391,tamil nadu,hengalpattu ,2020,4,13669246947.729094,10168033
6392,tamil nadu,kanniyakumari ,2020,4,2382779400.116146,1166505
6393,tamil nadu,unelveli ,2020,4,2260434387.216198,1111193
6394,tamil nadu,hiruvallur ,2020,4,17303936393.2994,10184454
6395,tamil nadu,heni ,2020,4,1801741591.6517766,804224
6396,tamil nadu,anipet ,2020,4,2325606203.7697453,1248949
6397,tamil nadu,namakkal ,2020,4,3027640522.714216,1351038
6398,tamil nadu,vellore ,2020,4,3810475312.8014083,1923419
6399,tamil nadu,hiruvarur ,2020,4,964028095.5818014,472518
6400,tamil nadu,uchirappalli ,2020,1,2346754055.982828,1199094
6401,tamil nadu,amanathapuram ,2020,1,551491648.9763203,268096
6402,tamil nadu,krishnagiri ,2020,1,3381602583.567412,1806032
6403,tamil nadu,uddalore ,2020,1,1217389579.539032,669682
6404,tamil nadu,kancheepuram ,2020,1,5144042351.014135,3618880
6405,tamil nadu,uppur ,2020,1,3829323477.068222,1918620
6406,tamil nadu,harmapuri ,2020,1,1428767862.8124611,710147
6407,tamil nadu,hoothukkudi ,2020,1,812706179.7567607,429017
6408,tamil nadu,hanjavur ,2020,1,1219035469.0939274,741474
6409,tamil nadu,madurai ,2020,1,2667507196.7747316,1334450
6410,tamil nadu,uvannamalai ,2020,1,1285320071.0873718,701438
6411,tamil nadu,alem ,2020,1,3938965855.265399,1816883
6412,tamil nadu,nagapattinam ,2020,1,547649427.1614035,286488
6413,tamil nadu,upathur ,2020,1,918744039.3870187,497274
6414,tamil nadu,ariyalur ,2020,1,313673706.1626035,165086
6415,tamil nadu,hennai ,2020,1,40923609646.495,21747309
6416,tamil nadu,he nilgiris ,2020,1,541866233.1436044,286999
6417,tamil nadu,erode ,2020,1,2216542209.891259,1099499
6418,tamil nadu,karur ,2020,1,575547948.160764,295868
6419,tamil nadu,kallakkurichi ,2020,1,749829658.229165,389050
6420,tamil nadu,viluppuram ,2020,1,1047289608.22813,597802
6421,tamil nadu,pudukkottai ,2020,1,586368876.6260985,311955
6422,tamil nadu,perambalur ,2020,1,268745282.72051567,145161
6423,tamil nadu,oimbatore ,2020,1,11125605562.452183,6238270
6424,tamil nadu,virudhunagar ,2020,1,905206376.5507178,479760
6425,tamil nadu,ndigul ,2020,1,1404557847.0136855,709993
6426,tamil nadu,vaganga ,2020,1,668117971.0738193,325464
6427,tamil nadu,enkasi ,2020,1,464791849.43443143,243203
6428,tamil nadu,hengalpattu ,2020,1,10378205348.593529,8891884
6429,tamil nadu,kanniyakumari ,2020,1,897557961.7598515,496514
6430,tamil nadu,unelveli ,2020,1,862756791.3530397,456558
6431,tamil nadu,hiruvallur ,2020,1,8255497494.992451,5190597
6432,tamil nadu,heni ,2020,1,663250209.0122557,317448
6433,tamil nadu,anipet ,2020,1,954319079.6542504,510180
6434,tamil nadu,namakkal ,2020,1,1275350220.2316668,608364
6435,tamil nadu,vellore ,2020,1,1793602013.1346076,1236004
6436,tamil nadu,hiruvarur ,2020,1,408094487.0434287,212930
6437,tamil nadu,uchirappalli ,2020,3,3502678622.7949715,1609739
6438,tamil nadu,amanathapuram ,2020,3,948111943.4278743,450267
6439,tamil nadu,krishnagiri ,2020,3,4989224721.359926,2701216
6440,tamil nadu,uddalore ,2020,3,2101118231.9752603,1103451
6441,tamil nadu,kancheepuram ,2020,3,5572087481.284177,3333347
6442,tamil nadu,uppur ,2020,3,5542739051.315315,2654998
6443,tamil nadu,harmapuri ,2020,3,2483972861.1500587,1221794
6444,tamil nadu,hoothukkudi ,2020,3,1430208948.909895,720309
6445,tamil nadu,hanjavur ,2020,3,1944980672.5183542,932026
6446,tamil nadu,madurai ,2020,3,4867134340.423642,2157858
6447,tamil nadu,uvannamalai ,2020,3,2109539881.7810178,1117986
6448,tamil nadu,alem ,2020,3,6990924402.004694,3016579
6449,tamil nadu,nagapattinam ,2020,3,905174369.872862,442833
6450,tamil nadu,upathur ,2020,3,1468351781.2540286,767383
6451,tamil nadu,ariyalur ,2020,3,560977093.7598886,290012
6452,tamil nadu,hennai ,2020,3,39868873382.45007,17354210
6453,tamil nadu,he nilgiris ,2020,3,842011481.384361,426914
6454,tamil nadu,erode ,2020,3,3580607368.6476808,1662818
6455,tamil nadu,karur ,2020,3,959688140.4116528,476013
6456,tamil nadu,kallakkurichi ,2020,3,1411184195.1598125,709498
6457,tamil nadu,viluppuram ,2020,3,1650714869.6221972,890428
6458,tamil nadu,pudukkottai ,2020,3,1002875479.7404414,511066
6459,tamil nadu,perambalur ,2020,3,486856551.5866273,248365
6460,tamil nadu,oimbatore ,2020,3,13861133095.484821,6742559
6461,tamil nadu,virudhunagar ,2020,3,1537205704.5032408,755042
6462,tamil nadu,ndigul ,2020,3,2133131071.9329844,1046352
6463,tamil nadu,vaganga ,2020,3,1214796694.780692,560050
6464,tamil nadu,enkasi ,2020,3,877523651.9291975,437580
6465,tamil nadu,hengalpattu ,2020,3,7909757202.294512,5205491
6466,tamil nadu,kanniyakumari ,2020,3,1584289202.7996368,807770
6467,tamil nadu,unelveli ,2020,3,1502249272.994345,735138
6468,tamil nadu,hiruvallur ,2020,3,10295422113.34424,5496010
6469,tamil nadu,heni ,2020,3,1206090412.7910213,536068
6470,tamil nadu,anipet ,2020,3,1435344028.935311,758850
6471,tamil nadu,namakkal ,2020,3,1988968361.8025646,878266
6472,tamil nadu,vellore ,2020,3,2371471268.3532925,1172385
6473,tamil nadu,hiruvarur ,2020,3,703997543.8828171,347154
6474,tamil nadu,uchirappalli ,2020,2,2259353198.2312646,1239752
6475,tamil nadu,amanathapuram ,2020,2,661632822.2122507,403786
6476,tamil nadu,krishnagiri ,2020,2,2926042853.4562645,1815882
6477,tamil nadu,uddalore ,2020,2,1458835726.4592264,929530
6478,tamil nadu,kancheepuram ,2020,2,3393883768.0840974,2203060
6479,tamil nadu,uppur ,2020,2,2911511483.8182716,1672101
6480,tamil nadu,harmapuri ,2020,2,1539558695.6271136,971777
6481,tamil nadu,hoothukkudi ,2020,2,938884780.0900332,585510
6482,tamil nadu,hanjavur ,2020,2,1304374742.2084258,783386
6483,tamil nadu,madurai ,2020,2,2674909377.6650577,1479517
6484,tamil nadu,uvannamalai ,2020,2,1564647529.0364478,1016764
6485,tamil nadu,alem ,2020,2,3860454261.651264,1996687
6486,tamil nadu,nagapattinam ,2020,2,608201139.5141095,390613
6487,tamil nadu,upathur ,2020,2,960294057.5729527,631124
6488,tamil nadu,ariyalur ,2020,2,410063988.60662913,263779
6489,tamil nadu,hennai ,2020,2,29147317644.503105,12611208
6490,tamil nadu,he nilgiris ,2020,2,581703441.9510607,355454
6491,tamil nadu,erode ,2020,2,2119973187.1860313,1139240
6492,tamil nadu,karur ,2020,2,633428413.9921837,382119
6493,tamil nadu,kallakkurichi ,2020,2,980428588.7206059,607847
6494,tamil nadu,viluppuram ,2020,2,1162943132.2356915,766917
6495,tamil nadu,pudukkottai ,2020,2,750888437.2587082,459794
6496,tamil nadu,perambalur ,2020,2,329964998.7805215,198639
6497,tamil nadu,oimbatore ,2020,2,9331489602.73216,4598586
6498,tamil nadu,virudhunagar ,2020,2,1035203731.1760523,638466
6499,tamil nadu,ndigul ,2020,2,1467678448.642478,875201
6500,tamil nadu,vaganga ,2020,2,832938854.3656999,466843
6501,tamil nadu,enkasi ,2020,2,607997551.0017486,393743
6502,tamil nadu,hengalpattu ,2020,2,5672393784.752347,3911793
6503,tamil nadu,kanniyakumari ,2020,2,1002764983.21273,642785
6504,tamil nadu,unelveli ,2020,2,981716780.5785341,595006
6505,tamil nadu,hiruvallur ,2020,2,6511946063.8743,3872452
6506,tamil nadu,heni ,2020,2,841976234.1873717,456942
6507,tamil nadu,anipet ,2020,2,998988164.0633076,609090
6508,tamil nadu,namakkal ,2020,2,1323772060.7081692,686147
6509,tamil nadu,vellore ,2020,2,1535487877.7360196,907130
6510,tamil nadu,hiruvarur ,2020,2,502858490.9367853,311440
6511,tamil nadu,uchirappalli ,2018,4,1117403132.5568237,521026
6512,tamil nadu,amanathapuram ,2018,4,207229163.59488797,90608
6513,tamil nadu,krishnagiri ,2018,4,1260396240.123799,593519
6514,tamil nadu,uddalore ,2018,4,572315407.3945904,294247
6515,tamil nadu,kancheepuram ,2018,4,2100098547.5513415,1161731
6516,tamil nadu,uppur ,2018,4,1780229997.978594,811860
6517,tamil nadu,harmapuri ,2018,4,536806090.4126581,247249
6518,tamil nadu,hoothukkudi ,2018,4,272818734.99014145,141155
6519,tamil nadu,hanjavur ,2018,4,542255739.7365916,278646
6520,tamil nadu,madurai ,2018,4,1067216902.8803706,474612
6521,tamil nadu,uvannamalai ,2018,4,468651175.40105104,242571
6522,tamil nadu,alem ,2018,4,1471377592.2860992,696312
6523,tamil nadu,nagapattinam ,2018,4,186021593.00365686,96224
6524,tamil nadu,upathur ,2018,4,291583053.69241124,143871
6525,tamil nadu,ariyalur ,2018,4,129214698.20491128,62904
6526,tamil nadu,hennai ,2018,4,14632395110.56675,8007699
6527,tamil nadu,he nilgiris ,2018,4,283004973.0986871,134481
6528,tamil nadu,erode ,2018,4,835595470.3091648,386966
6529,tamil nadu,karur ,2018,4,306020888.9052894,146709
6530,tamil nadu,kallakkurichi ,2018,4,268522823.9222555,126126
6531,tamil nadu,viluppuram ,2018,4,408880677.54296046,214391
6532,tamil nadu,pudukkottai ,2018,4,301769878.2607471,138821
6533,tamil nadu,perambalur ,2018,4,104392907.13353652,50639
6534,tamil nadu,oimbatore ,2018,4,3656789906.019909,1902305
6535,tamil nadu,virudhunagar ,2018,4,327805716.231165,157442
6536,tamil nadu,ndigul ,2018,4,559786657.1867274,243534
6537,tamil nadu,vaganga ,2018,4,293589030.5548705,128594
6538,tamil nadu,enkasi ,2018,4,205216635.26106253,106431
6539,tamil nadu,hengalpattu ,2018,4,3371036660.915929,1974233
6540,tamil nadu,kanniyakumari ,2018,4,344942162.4855958,151693
6541,tamil nadu,unelveli ,2018,4,383033218.902779,167911
6542,tamil nadu,hiruvallur ,2018,4,2979682370.963098,1578958
6543,tamil nadu,heni ,2018,4,276985851.74035156,113542
6544,tamil nadu,anipet ,2018,4,354380535.4720969,185758
6545,tamil nadu,namakkal ,2018,4,682145913.4085293,297669
6546,tamil nadu,vellore ,2018,4,577960235.4731153,311703
6547,tamil nadu,hiruvarur ,2018,4,144518281.7328139,75304
6548,tamil nadu,uchirappalli ,2018,1,262528157.21513474,149186
6549,tamil nadu,amanathapuram ,2018,1,45696810.24106984,24581
6550,tamil nadu,krishnagiri ,2018,1,253907426.24551624,153618
6551,tamil nadu,uddalore ,2018,1,139521484.6215473,89956
6552,tamil nadu,kancheepuram ,2018,1,538409899.0029244,308279
6553,tamil nadu,uppur ,2018,1,423271979.6901945,239740
6554,tamil nadu,harmapuri ,2018,1,104176495.50900334,63975
6555,tamil nadu,hoothukkudi ,2018,1,55782894.98005988,37172
6556,tamil nadu,hanjavur ,2018,1,145796314.2349676,88574
6557,tamil nadu,madurai ,2018,1,232151304.34595776,129858
6558,tamil nadu,uvannamalai ,2018,1,91216191.60044219,72372
6559,tamil nadu,alem ,2018,1,375963971.67826045,219916
6560,tamil nadu,nagapattinam ,2018,1,46160213.432165846,25394
6561,tamil nadu,upathur ,2018,1,56805034.731481194,38799
6562,tamil nadu,ariyalur ,2018,1,28339477.987306528,16068
6563,tamil nadu,hennai ,2018,1,4281137762.522443,2656230
6564,tamil nadu,he nilgiris ,2018,1,55552425.89904122,29334
6565,tamil nadu,erode ,2018,1,198072372.78111735,114560
6566,tamil nadu,karur ,2018,1,76141519.7297589,42198
6567,tamil nadu,kallakkurichi ,2018,1,53643331.73237315,32666
6568,tamil nadu,viluppuram ,2018,1,96341148.1997363,59239
6569,tamil nadu,pudukkottai ,2018,1,65083487.93183671,35973
6570,tamil nadu,perambalur ,2018,1,19364164.454744175,13293
6571,tamil nadu,oimbatore ,2018,1,913824434.6276875,533919
6572,tamil nadu,virudhunagar ,2018,1,64399880.89336612,40154
6573,tamil nadu,ndigul ,2018,1,118771377.44963284,65863
6574,tamil nadu,vaganga ,2018,1,63944318.44032206,34130
6575,tamil nadu,enkasi ,2018,1,39439630.85720312,24822
6576,tamil nadu,hengalpattu ,2018,1,1030187164.971631,569483
6577,tamil nadu,kanniyakumari ,2018,1,72304912.26185375,44474
6578,tamil nadu,unelveli ,2018,1,96759984.01749644,50976
6579,tamil nadu,hiruvallur ,2018,1,730210413.6566752,413340
6580,tamil nadu,heni ,2018,1,54074355.481018536,33275
6581,tamil nadu,anipet ,2018,1,68782429.03208953,50346
6582,tamil nadu,namakkal ,2018,1,178022610.2001903,99497
6583,tamil nadu,vellore ,2018,1,153394007.93803328,104902
6584,tamil nadu,hiruvarur ,2018,1,32378308.922213852,20460
6585,tamil nadu,uchirappalli ,2018,3,723073924.7012352,342744
6586,tamil nadu,amanathapuram ,2018,3,131442381.56311962,60779
6587,tamil nadu,krishnagiri ,2018,3,853575950.8987744,421247
6588,tamil nadu,uddalore ,2018,3,378478273.94431186,187987
6589,tamil nadu,kancheepuram ,2018,3,1416878619.3813162,766192
6590,tamil nadu,uppur ,2018,3,1259741718.0399766,583538
6591,tamil nadu,harmapuri ,2018,3,329348880.6186586,147916
6592,tamil nadu,hoothukkudi ,2018,3,169828310.26753742,89821
6593,tamil nadu,hanjavur ,2018,3,420498499.66842806,278585
6594,tamil nadu,madurai ,2018,3,702347696.9219126,322515
6595,tamil nadu,uvannamalai ,2018,3,281481591.55415595,147281
6596,tamil nadu,alem ,2018,3,980781000.3982489,484460
6597,tamil nadu,nagapattinam ,2018,3,130013330.05042389,62869
6598,tamil nadu,upathur ,2018,3,169304781.62115565,81720
6599,tamil nadu,ariyalur ,2018,3,96680828.6822369,38743
6600,tamil nadu,hennai ,2018,3,10122319547.137985,5887343
6601,tamil nadu,he nilgiris ,2018,3,182889097.67500186,103580
6602,tamil nadu,erode ,2018,3,545919227.8032167,266272
6603,tamil nadu,karur ,2018,3,215593652.68871722,96467
6604,tamil nadu,kallakkurichi ,2018,3,159528291.06900036,74082
6605,tamil nadu,viluppuram ,2018,3,258888256.93736243,131381
6606,tamil nadu,pudukkottai ,2018,3,194004461.88954094,88258
6607,tamil nadu,perambalur ,2018,3,63352508.73676075,30141
6608,tamil nadu,oimbatore ,2018,3,2559173878.2111635,1469560
6609,tamil nadu,virudhunagar ,2018,3,204113703.48230138,93460
6610,tamil nadu,ndigul ,2018,3,369315588.0269084,169183
6611,tamil nadu,vaganga ,2018,3,201469521.91582698,83843
6612,tamil nadu,enkasi ,2018,3,137939888.59062338,79752
6613,tamil nadu,hengalpattu ,2018,3,2362109205.940035,1337462
6614,tamil nadu,kanniyakumari ,2018,3,207727734.9880998,98676
6615,tamil nadu,unelveli ,2018,3,265496869.79783598,129280
6616,tamil nadu,hiruvallur ,2018,3,1926378414.6646476,957503
6617,tamil nadu,heni ,2018,3,164986424.99007934,74842
6618,tamil nadu,anipet ,2018,3,201826720.65354246,104100
6619,tamil nadu,namakkal ,2018,3,464581650.0613854,226575
6620,tamil nadu,vellore ,2018,3,386936905.8516408,209932
6621,tamil nadu,hiruvarur ,2018,3,92064901.75965646,45989
6622,tamil nadu,uchirappalli ,2018,2,507249777.35516965,245903
6623,tamil nadu,amanathapuram ,2018,2,95315460.36915746,41164
6624,tamil nadu,krishnagiri ,2018,2,518922355.15062875,240421
6625,tamil nadu,uddalore ,2018,2,254106751.89937544,135570
6626,tamil nadu,kancheepuram ,2018,2,926687779.5176952,460276
6627,tamil nadu,uppur ,2018,2,829169121.0692806,391330
6628,tamil nadu,harmapuri ,2018,2,198033255.21591768,98177
6629,tamil nadu,hoothukkudi ,2018,2,110287284.95387965,59562
6630,tamil nadu,hanjavur ,2018,2,260046384.13307607,124870
6631,tamil nadu,madurai ,2018,2,460415565.2125236,213788
6632,tamil nadu,uvannamalai ,2018,2,171723407.40219554,103318
6633,tamil nadu,alem ,2018,2,709542959.1656411,333175
6634,tamil nadu,nagapattinam ,2018,2,86466039.58831242,41103
6635,tamil nadu,upathur ,2018,2,115249602.29332027,58068
6636,tamil nadu,ariyalur ,2018,2,55081294.94754556,26224
6637,tamil nadu,hennai ,2018,2,7305357440.752291,3719593
6638,tamil nadu,he nilgiris ,2018,2,110994324.5565857,55793
6639,tamil nadu,erode ,2018,2,367928461.655128,175257
6640,tamil nadu,karur ,2018,2,137504455.94265643,66337
6641,tamil nadu,kallakkurichi ,2018,2,103911012.30379987,52388
6642,tamil nadu,viluppuram ,2018,2,170473508.6967556,90084
6643,tamil nadu,pudukkottai ,2018,2,120759489.75059341,58403
6644,tamil nadu,perambalur ,2018,2,37294395.57430517,20977
6645,tamil nadu,oimbatore ,2018,2,1722112067.157432,871802
6646,tamil nadu,virudhunagar ,2018,2,129048297.69581088,65145
6647,tamil nadu,ndigul ,2018,2,243396384.034788,115319
6648,tamil nadu,vaganga ,2018,2,121656962.22527634,55874
6649,tamil nadu,enkasi ,2018,2,87372014.16415915,44391
6650,tamil nadu,hengalpattu ,2018,2,1681243536.8538094,829689
6651,tamil nadu,kanniyakumari ,2018,2,140282942.11909088,72489
6652,tamil nadu,unelveli ,2018,2,174732671.09402937,78667
6653,tamil nadu,hiruvallur ,2018,2,1281039198.6235366,615860
6654,tamil nadu,heni ,2018,2,112377995.92241687,51064
6655,tamil nadu,anipet ,2018,2,136204501.10028955,71093
6656,tamil nadu,namakkal ,2018,2,321879409.9592361,145248
6657,tamil nadu,vellore ,2018,2,264336044.71696758,130871
6658,tamil nadu,hiruvarur ,2018,2,57642123.094607845,32835
6659,tamil nadu,uchirappalli ,2024,1,23716041524.0,14278556
6660,tamil nadu,amanathapuram ,2024,1,8591728211.0,4518193
6661,tamil nadu,krishnagiri ,2024,1,61415392428.0,42695248
6662,tamil nadu,uddalore ,2024,1,16876011437.0,10764557
6663,tamil nadu,kancheepuram ,2024,1,44400961508.0,38497430
6664,tamil nadu,uppur ,2024,1,42134355819.0,36955831
6665,tamil nadu,harmapuri ,2024,1,31492929049.0,17857287
6666,tamil nadu,hoothukkudi ,2024,1,11723950330.0,7514515
6667,tamil nadu,hanjavur ,2024,1,14554478613.0,8245372
6668,tamil nadu,madurai ,2024,1,30974869226.0,17834154
6669,tamil nadu,uvannamalai ,2024,1,19953702825.0,12435111
6670,tamil nadu,alem ,2024,1,46990936545.0,27703215
6671,tamil nadu,nagapattinam ,2024,1,7799907638.0,4639442
6672,tamil nadu,upathur ,2024,1,18634929706.0,12357042
6673,tamil nadu,ariyalur ,2024,1,4664522239.0,2809349
6674,tamil nadu,hennai ,2024,1,86437941385.0,67130965
6675,tamil nadu,he nilgiris ,2024,1,6738423454.0,4609568
6676,tamil nadu,erode ,2024,1,22025247558.0,15009886
6677,tamil nadu,karur ,2024,1,9454652190.0,5686148
6678,tamil nadu,kallakkurichi ,2024,1,14256574453.0,8605524
6679,tamil nadu,viluppuram ,2024,1,11860971846.0,7824816
6680,tamil nadu,pudukkottai ,2024,1,9486889594.0,5110066
6681,tamil nadu,perambalur ,2024,1,4634690995.0,2738023
6682,tamil nadu,oimbatore ,2024,1,63108899538.0,51806989
6683,tamil nadu,virudhunagar ,2024,1,12535619113.0,7747240
6684,tamil nadu,ndigul ,2024,1,22741790454.0,13213698
6685,tamil nadu,vaganga ,2024,1,9910772114.0,5363789
6686,tamil nadu,enkasi ,2024,1,8125305102.0,4414733
6687,tamil nadu,hengalpattu ,2024,1,69247029303.0,60815742
6688,tamil nadu,kanniyakumari ,2024,1,15426767691.0,8527560
6689,tamil nadu,unelveli ,2024,1,13224686874.0,8399886
6690,tamil nadu,hiruvallur ,2024,1,77683542938.0,59336655
6691,tamil nadu,heni ,2024,1,12997063512.0,7258870
6692,tamil nadu,anipet ,2024,1,12665259558.0,8376160
6693,tamil nadu,namakkal ,2024,1,19025024942.0,11020159
6694,tamil nadu,vellore ,2024,1,22787151927.0,15184049
6695,tamil nadu,hiruvarur ,2024,1,5562089423.0,3041369
6696,tripura,unakoti ,2021,4,289484907.9042663,130201
6697,tripura,khowai ,2021,4,254808204.6481812,111589
6698,tripura,epahijala ,2021,4,570421104.1824098,233920
6699,tripura,north tripura ,2021,4,590088928.3209249,255959
6700,tripura,halai ,2021,4,448039146.77420795,194907
6701,tripura,outh tripura ,2021,4,560735150.0701383,219422
6702,tripura,gomati ,2021,4,454492828.75278926,200196
6703,tripura,west tripura ,2021,4,2328859193.6465282,1174499
6704,tripura,unakoti ,2021,1,161256237.6246628,68925
6705,tripura,khowai ,2021,1,160906168.90000182,71155
6706,tripura,epahijala ,2021,1,365525453.40613097,141426
6707,tripura,north tripura ,2021,1,318074681.762841,143060
6708,tripura,halai ,2021,1,274079611.2937597,116945
6709,tripura,outh tripura ,2021,1,357643996.07881093,150265
6710,tripura,gomati ,2021,1,295815100.00755715,127271
6711,tripura,west tripura ,2021,1,1402040320.719656,692376
6712,tripura,unakoti ,2021,3,228625158.42425585,105296
6713,tripura,khowai ,2021,3,181900029.39183187,89061
6714,tripura,epahijala ,2021,3,447581559.15148854,195392
6715,tripura,north tripura ,2021,3,454116633.31926054,210698
6716,tripura,halai ,2021,3,368906160.1985531,167446
6717,tripura,outh tripura ,2021,3,414556972.4847057,186827
6718,tripura,gomati ,2021,3,372982272.5022316,166441
6719,tripura,west tripura ,2021,3,1895464982.709153,960039
6720,tripura,unakoti ,2021,2,174170768.10130727,88092
6721,tripura,khowai ,2021,2,164265842.95334023,81845
6722,tripura,epahijala ,2021,2,361358159.019094,166437
6723,tripura,north tripura ,2021,2,351155989.2912202,176067
6724,tripura,halai ,2021,2,278586073.4183272,138998
6725,tripura,outh tripura ,2021,2,365935947.9664031,171713
6726,tripura,gomati ,2021,2,309610328.7995062,148554
6727,tripura,west tripura ,2021,2,1463071251.4870775,772723
6728,tripura,unakoti ,2019,4,54063293.815416425,35536
6729,tripura,khowai ,2019,4,55953879.30109074,35979
6730,tripura,epahijala ,2019,4,126608014.74795961,73165
6731,tripura,north tripura ,2019,4,90362263.29445888,61226
6732,tripura,halai ,2019,4,79988122.4279602,52188
6733,tripura,outh tripura ,2019,4,115116709.40717971,76273
6734,tripura,gomati ,2019,4,107373443.70576558,72919
6735,tripura,west tripura ,2019,4,585934433.558359,394538
6736,tripura,unakoti ,2019,1,28789584.83707358,24562
6737,tripura,khowai ,2019,1,41097809.268162064,36291
6738,tripura,epahijala ,2019,1,79750942.69844744,65545
6739,tripura,north tripura ,2019,1,53359801.416677624,35513
6740,tripura,halai ,2019,1,57107027.86254052,33295
6741,tripura,outh tripura ,2019,1,78239589.10235174,64445
6742,tripura,gomati ,2019,1,62247963.56023826,51994
6743,tripura,west tripura ,2019,1,356302222.87033004,269281
6744,tripura,unakoti ,2019,3,37601399.539157376,24817
6745,tripura,khowai ,2019,3,48267493.19735643,31061
6746,tripura,epahijala ,2019,3,100769508.41196786,64021
6747,tripura,north tripura ,2019,3,71077675.08774427,49503
6748,tripura,halai ,2019,3,71345910.41205536,44468
6749,tripura,outh tripura ,2019,3,99290824.56459549,66682
6750,tripura,gomati ,2019,3,87365263.29836246,60249
6751,tripura,west tripura ,2019,3,501659348.30598545,370916
6752,tripura,unakoti ,2019,2,29942709.57518096,20264
6753,tripura,khowai ,2019,2,39594573.11367641,27357
6754,tripura,epahijala ,2019,2,91802336.89096056,51675
6755,tripura,north tripura ,2019,2,57253647.84893566,34750
6756,tripura,halai ,2019,2,57168085.150431305,35446
6757,tripura,outh tripura ,2019,2,93657802.46878463,58687
6758,tripura,gomati ,2019,2,72233524.18215181,44671
6759,tripura,west tripura ,2019,2,400168803.61725503,259708
6760,tripura,unakoti ,2023,4,970872239.0,586144
6761,tripura,khowai ,2023,4,804707070.0,441339
6762,tripura,epahijala ,2023,4,1725949129.0,849428
6763,tripura,north tripura ,2023,4,2282730510.0,1337292
6764,tripura,halai ,2023,4,1346449561.0,788225
6765,tripura,outh tripura ,2023,4,1599545837.0,851971
6766,tripura,gomati ,2023,4,1320512014.0,763260
6767,tripura,west tripura ,2023,4,6769130434.0,4523251
6768,tripura,unakoti ,2023,1,792057910.0,402005
6769,tripura,khowai ,2023,1,713428034.0,338828
6770,tripura,epahijala ,2023,1,1338075480.0,638722
6771,tripura,north tripura ,2023,1,1687332816.0,871256
6772,tripura,halai ,2023,1,1126256596.0,562193
6773,tripura,outh tripura ,2023,1,1375920795.0,608810
6774,tripura,gomati ,2023,1,1128168622.0,562299
6775,tripura,west tripura ,2023,1,5127042638.0,3134574
6776,tripura,unakoti ,2023,3,920858022.0,520535
6777,tripura,khowai ,2023,3,741671406.0,387244
6778,tripura,epahijala ,2023,3,1544915373.0,785302
6779,tripura,north tripura ,2023,3,2000473161.0,1152369
6780,tripura,halai ,2023,3,1252927674.0,710839
6781,tripura,outh tripura ,2023,3,1411825655.0,733436
6782,tripura,gomati ,2023,3,1217033650.0,679723
6783,tripura,west tripura ,2023,3,6159518389.0,4139314
6784,tripura,unakoti ,2023,2,831227345.0,461521
6785,tripura,khowai ,2023,2,676909626.0,352685
6786,tripura,epahijala ,2023,2,1434920521.0,701484
6787,tripura,north tripura ,2023,2,1775463127.0,999059
6788,tripura,halai ,2023,2,1115111944.0,619543
6789,tripura,outh tripura ,2023,2,1363923736.0,670283
6790,tripura,gomati ,2023,2,1121816314.0,620180
6791,tripura,west tripura ,2023,2,5599757469.0,3504788
6792,tripura,unakoti ,2022,4,653255260.7593155,292384
6793,tripura,khowai ,2022,4,374619180.93378747,172992
6794,tripura,epahijala ,2022,4,784953776.7829857,352709
6795,tripura,north tripura ,2022,4,940748505.5593312,460914
6796,tripura,halai ,2022,4,592125895.8754389,289984
6797,tripura,outh tripura ,2022,4,743429832.5489745,318517
6798,tripura,gomati ,2022,4,606245959.1360532,303790
6799,tripura,west tripura ,2022,4,5757593406.558215,3006900
6800,tripura,unakoti ,2022,1,349475550.5366119,148265
6801,tripura,khowai ,2022,1,289652618.573128,124989
6802,tripura,epahijala ,2022,1,636388326.2869308,257586
6803,tripura,north tripura ,2022,1,699778044.1822658,310764
6804,tripura,halai ,2022,1,501758621.1580514,216216
6805,tripura,outh tripura ,2022,1,632737978.7888881,242720
6806,tripura,gomati ,2022,1,517368490.15875137,230019
6807,tripura,west tripura ,2022,1,2620170134.665219,1340631
6808,tripura,unakoti ,2022,3,406385690.1014518,179593
6809,tripura,khowai ,2022,3,363263351.2108836,164425
6810,tripura,epahijala ,2022,3,818757042.968861,358452
6811,tripura,north tripura ,2022,3,829909312.3103282,400198
6812,tripura,halai ,2022,3,618208457.2771137,287101
6813,tripura,outh tripura ,2022,3,682522212.5858632,286379
6814,tripura,gomati ,2022,3,612183432.8798862,294377
6815,tripura,west tripura ,2022,3,4317123305.576752,2286054
6816,tripura,unakoti ,2022,2,380245834.42516845,168534
6817,tripura,khowai ,2022,2,314663693.9199481,147470
6818,tripura,epahijala ,2022,2,703075146.3196069,301211
6819,tripura,north tripura ,2022,2,745615506.6452613,347933
6820,tripura,halai ,2022,2,545900041.1491123,258585
6821,tripura,outh tripura ,2022,2,649809730.8825212,270412
6822,tripura,gomati ,2022,2,581885804.1766024,269581
6823,tripura,west tripura ,2022,2,2957075284.517075,1654938
6824,tripura,unakoti ,2020,4,156226431.56807107,77102
6825,tripura,khowai ,2020,4,156613600.32324535,83899
6826,tripura,epahijala ,2020,4,336834539.2035086,165182
6827,tripura,north tripura ,2020,4,307732518.799576,164023
6828,tripura,halai ,2020,4,266253033.05323905,137188
6829,tripura,outh tripura ,2020,4,347232002.6283551,182583
6830,tripura,gomati ,2020,4,291692706.480306,149404
6831,tripura,west tripura ,2020,4,1319546164.1650112,692509
6832,tripura,unakoti ,2020,1,65629411.24942416,37292
6833,tripura,khowai ,2020,1,73376986.42934099,43027
6834,tripura,epahijala ,2020,1,153302286.84263223,82186
6835,tripura,north tripura ,2020,1,109976480.50529519,71460
6836,tripura,halai ,2020,1,99410788.98253483,61425
6837,tripura,outh tripura ,2020,1,155003031.67681992,89869
6838,tripura,gomati ,2020,1,136218979.95952815,77355
6839,tripura,west tripura ,2020,1,795860840.742927,461888
6840,tripura,unakoti ,2020,3,118957916.52995977,63441
6841,tripura,khowai ,2020,3,129761070.16067821,72823
6842,tripura,epahijala ,2020,3,269350118.6330105,144693
6843,tripura,north tripura ,2020,3,207965073.7559021,126884
6844,tripura,halai ,2020,3,192403601.42055285,114616
6845,tripura,outh tripura ,2020,3,270869695.8170734,151881
6846,tripura,gomati ,2020,3,214785928.09740338,121329
6847,tripura,west tripura ,2020,3,937726111.8013046,522218
6848,tripura,unakoti ,2020,2,78087527.62381232,51385
6849,tripura,khowai ,2020,2,87108349.82516634,57871
6850,tripura,epahijala ,2020,2,189445992.22517106,113723
6851,tripura,north tripura ,2020,2,142793248.50751278,101129
6852,tripura,halai ,2020,2,139760407.46690515,91473
6853,tripura,outh tripura ,2020,2,209028177.93741143,120386
6854,tripura,gomati ,2020,2,143272330.02195236,94532
6855,tripura,west tripura ,2020,2,779679849.9780351,422021
6856,tripura,unakoti ,2018,4,18120450.88253949,22714
6857,tripura,khowai ,2018,4,33718919.53354463,26880
6858,tripura,epahijala ,2018,4,62851730.0512325,53688
6859,tripura,north tripura ,2018,4,44032488.77566351,34385
6860,tripura,halai ,2018,4,46429185.35186546,28775
6861,tripura,outh tripura ,2018,4,66095950.12312652,49820
6862,tripura,gomati ,2018,4,48523976.18040443,38970
6863,tripura,west tripura ,2018,4,305112898.56606925,192827
6864,tripura,unakoti ,2018,1,4349605.99414449,5068
6865,tripura,khowai ,2018,1,7242490.357963288,8838
6866,tripura,epahijala ,2018,1,13224752.635975957,14107
6867,tripura,north tripura ,2018,1,10869174.626601541,9915
6868,tripura,halai ,2018,1,8812172.047209244,9195
6869,tripura,outh tripura ,2018,1,13785118.334229637,18338
6870,tripura,gomati ,2018,1,11277259.25510255,12229
6871,tripura,west tripura ,2018,1,68418341.27939591,70467
6872,tripura,unakoti ,2018,3,19643274.575087894,29360
6873,tripura,khowai ,2018,3,21548759.427429266,14941
6874,tripura,epahijala ,2018,3,39779005.11547229,33646
6875,tripura,north tripura ,2018,3,30157424.752639703,25747
6876,tripura,halai ,2018,3,31331691.36689817,22350
6877,tripura,outh tripura ,2018,3,45613113.08085984,49250
6878,tripura,gomati ,2018,3,36259157.953162886,34380
6879,tripura,west tripura ,2018,3,229530961.76904225,168029
6880,tripura,unakoti ,2018,2,6923396.262354778,9198
6881,tripura,khowai ,2018,2,12338889.10193297,11440
6882,tripura,epahijala ,2018,2,23613654.490828905,18815
6883,tripura,north tripura ,2018,2,16015790.907680929,13859
6884,tripura,halai ,2018,2,15283111.134383248,14563
6885,tripura,outh tripura ,2018,2,18977158.301921178,22366
6886,tripura,gomati ,2018,2,15955619.883351957,16000
6887,tripura,west tripura ,2018,2,127784098.633682,108318
6888,tripura,unakoti ,2024,1,1005266570.0,650681
6889,tripura,khowai ,2024,1,856112935.0,497234
6890,tripura,epahijala ,2024,1,1802373844.0,923724
6891,tripura,north tripura ,2024,1,2525020903.0,1501227
6892,tripura,halai ,2024,1,1437233660.0,863498
6893,tripura,outh tripura ,2024,1,1813638983.0,971876
6894,tripura,gomati ,2024,1,1406810961.0,823583
6895,tripura,west tripura ,2024,1,6905731518.0,4810816
6896,kerala,hiruvananthapuram ,2021,4,10882144450.411564,6802679
6897,kerala,kasaragod ,2021,4,3359697890.1197686,1952678
6898,kerala,malappuram ,2021,4,12215744694.721281,8689226
6899,kerala,pathanamthitta ,2021,4,2933380203.6844797,1682712
6900,kerala,wayanad ,2021,4,3471143216.2120275,2239644
6901,kerala,alappuzha ,2021,4,5086522403.521093,3177335
6902,kerala,kozhikode ,2021,4,12437421004.466854,8306264
6903,kerala,kollam ,2021,4,7277474405.384279,4107417
6904,kerala,hrissur ,2021,4,10748756930.39449,6471411
6905,kerala,palakkad ,2021,4,6473706354.941971,3813936
6906,kerala,kannur ,2021,4,6945109953.226887,4171542
6907,kerala,kottayam ,2021,4,5843770525.961052,3504049
6908,kerala,ernakulam ,2021,4,32778937436.49068,25306923
6909,kerala,ukki ,2021,4,2888327473.827167,1597925
6910,kerala,hiruvananthapuram ,2021,1,6358411606.613165,3878020
6911,kerala,kasaragod ,2021,1,1740402213.782773,916836
6912,kerala,malappuram ,2021,1,6618671647.034931,4147591
6913,kerala,pathanamthitta ,2021,1,1542488748.5219617,860555
6914,kerala,wayanad ,2021,1,1807265259.0969577,991978
6915,kerala,alappuzha ,2021,1,2825682876.840207,1681817
6916,kerala,kozhikode ,2021,1,6990433691.332143,4287518
6917,kerala,kollam ,2021,1,3821625432.235867,2127176
6918,kerala,hrissur ,2021,1,6417811869.89982,3475629
6919,kerala,palakkad ,2021,1,3654239469.743036,1892633
6920,kerala,kannur ,2021,1,3708267084.5413337,2044936
6921,kerala,kottayam ,2021,1,3236942550.743904,1808155
6922,kerala,ernakulam ,2021,1,18947291978.111584,13390058
6923,kerala,ukki ,2021,1,1591435733.397046,813440
6924,kerala,hiruvananthapuram ,2021,3,9208113081.714626,5427449
6925,kerala,kasaragod ,2021,3,2655059896.771513,1491783
6926,kerala,malappuram ,2021,3,10228243297.037325,6691321
6927,kerala,pathanamthitta ,2021,3,2343169622.665164,1284731
6928,kerala,wayanad ,2021,3,2703543869.06237,1598807
6929,kerala,alappuzha ,2021,3,4227398745.144793,2505822
6930,kerala,kozhikode ,2021,3,10352351671.467161,6483184
6931,kerala,kollam ,2021,3,6085539500.552663,3321904
6932,kerala,hrissur ,2021,3,9074305921.546797,5059971
6933,kerala,palakkad ,2021,3,5273353074.481866,2841134
6934,kerala,kannur ,2021,3,5705948607.452806,3200023
6935,kerala,kottayam ,2021,3,4787914328.519009,2719376
6936,kerala,ernakulam ,2021,3,26757448740.357033,19207421
6937,kerala,ukki ,2021,3,2283771416.356572,1195340
6938,kerala,hiruvananthapuram ,2021,2,6743334746.137385,4154572
6939,kerala,kasaragod ,2021,2,2009156405.2288404,1144742
6940,kerala,malappuram ,2021,2,7117221910.053398,4693842
6941,kerala,pathanamthitta ,2021,2,1781057248.381074,1063832
6942,kerala,wayanad ,2021,2,1909814954.3066154,1156091
6943,kerala,alappuzha ,2021,2,3048000026.8000603,1921008
6944,kerala,kozhikode ,2021,2,7499008472.489387,4726028
6945,kerala,kollam ,2021,2,4330614971.237995,2534369
6946,kerala,hrissur ,2021,2,6752401585.982383,3881737
6947,kerala,palakkad ,2021,2,3954891660.837982,2232317
6948,kerala,kannur ,2021,2,4226966852.6657553,2477621
6949,kerala,kottayam ,2021,2,3543155910.9216585,2131122
6950,kerala,ernakulam ,2021,2,19704497753.319965,14177054
6951,kerala,ukki ,2021,2,1606683937.7940414,896698
6952,kerala,hiruvananthapuram ,2019,4,2665386104.807865,1653618
6953,kerala,kasaragod ,2019,4,416731460.5097851,241911
6954,kerala,malappuram ,2019,4,1440292240.0345955,888327
6955,kerala,pathanamthitta ,2019,4,415571876.488405,242926
6956,kerala,wayanad ,2019,4,420741703.5266599,238665
6957,kerala,alappuzha ,2019,4,859960789.4064288,581762
6958,kerala,kozhikode ,2019,4,1646744139.547135,1048192
6959,kerala,kollam ,2019,4,942036912.2773268,625681
6960,kerala,hrissur ,2019,4,2093913336.262066,1136317
6961,kerala,palakkad ,2019,4,1069460193.0190685,607193
6962,kerala,kannur ,2019,4,1017939385.5907226,616688
6963,kerala,kottayam ,2019,4,1132028895.1782436,621352
6964,kerala,ernakulam ,2019,4,6519567750.700622,3714876
6965,kerala,ukki ,2019,4,510951850.4557996,281129
6966,kerala,hiruvananthapuram ,2019,1,1242525637.5853531,736407
6967,kerala,kasaragod ,2019,1,225830406.45484847,139502
6968,kerala,malappuram ,2019,1,892807636.0664957,695313
6969,kerala,pathanamthitta ,2019,1,215762682.84896186,123465
6970,kerala,wayanad ,2019,1,207649993.7055291,109869
6971,kerala,alappuzha ,2019,1,388624847.98847747,252186
6972,kerala,kozhikode ,2019,1,1018056389.0463977,705959
6973,kerala,kollam ,2019,1,424402104.36782134,267030
6974,kerala,hrissur ,2019,1,940781808.7837638,583045
6975,kerala,palakkad ,2019,1,618358114.4295684,390957
6976,kerala,kannur ,2019,1,493947068.763232,309217
6977,kerala,kottayam ,2019,1,558480707.3401135,348566
6978,kerala,ernakulam ,2019,1,2766048426.726511,1657527
6979,kerala,ukki ,2019,1,241755310.74257103,149996
6980,kerala,hiruvananthapuram ,2019,3,2114421209.945346,1210326
6981,kerala,kasaragod ,2019,3,308649475.87950885,181343
6982,kerala,malappuram ,2019,3,1122314397.733013,669092
6983,kerala,pathanamthitta ,2019,3,288808708.7904181,171939
6984,kerala,wayanad ,2019,3,316938080.32937783,176001
6985,kerala,alappuzha ,2019,3,649647317.8447716,412404
6986,kerala,kozhikode ,2019,3,1229904356.4614897,791143
6987,kerala,kollam ,2019,3,713019785.4366323,434861
6988,kerala,hrissur ,2019,3,1653044268.9504738,913742
6989,kerala,palakkad ,2019,3,831397770.4387538,468478
6990,kerala,kannur ,2019,3,801246829.2133518,467512
6991,kerala,kottayam ,2019,3,868646787.5281066,455029
6992,kerala,ernakulam ,2019,3,5157574846.841607,2730518
6993,kerala,ukki ,2019,3,374195886.67161965,203708
6994,kerala,hiruvananthapuram ,2019,2,1608596589.681378,897152
6995,kerala,kasaragod ,2019,2,245117661.38155967,132477
6996,kerala,malappuram ,2019,2,950964374.0589197,575048
6997,kerala,pathanamthitta ,2019,2,231047652.4079249,121246
6998,kerala,wayanad ,2019,2,246051815.22228175,117101
6999,kerala,alappuzha ,2019,2,473109181.59596735,282582
7000,kerala,kozhikode ,2019,2,968227341.5065465,540752
7001,kerala,kollam ,2019,2,508491310.8754553,285888
7002,kerala,hrissur ,2019,2,1369632612.6536586,768852
7003,kerala,palakkad ,2019,2,674063610.1443211,358416
7004,kerala,kannur ,2019,2,624420173.4544072,350753
7005,kerala,kottayam ,2019,2,682101020.9961852,373169
7006,kerala,ernakulam ,2019,2,4150046405.233533,2327469
7007,kerala,ukki ,2019,2,299501811.97341865,152921
7008,kerala,hiruvananthapuram ,2023,4,23933572611.0,19316004
7009,kerala,kasaragod ,2023,4,8648838865.0,6350992
7010,kerala,malappuram ,2023,4,22474464502.0,18960936
7011,kerala,pathanamthitta ,2023,4,6402582567.0,4522225
7012,kerala,wayanad ,2023,4,8219155329.0,6305239
7013,kerala,alappuzha ,2023,4,11778023076.0,8822498
7014,kerala,kozhikode ,2023,4,24296060817.0,20504589
7015,kerala,kollam ,2023,4,15002316553.0,10773692
7016,kerala,hrissur ,2023,4,15550151220.0,11972689
7017,kerala,palakkad ,2023,4,13846379777.0,10060701
7018,kerala,kannur ,2023,4,16549576658.0,12846603
7019,kerala,kottayam ,2023,4,10919608733.0,8168997
7020,kerala,ernakulam ,2023,4,39986849494.0,36070124
7021,kerala,ukki ,2023,4,7377741263.0,5167804
7022,kerala,hiruvananthapuram ,2023,1,20405950025.0,15777495
7023,kerala,kasaragod ,2023,1,7561422786.0,5032924
7024,kerala,malappuram ,2023,1,19984929247.0,15994699
7025,kerala,pathanamthitta ,2023,1,5061220260.0,3359879
7026,kerala,wayanad ,2023,1,7147747721.0,5237998
7027,kerala,alappuzha ,2023,1,9925279750.0,7029352
7028,kerala,kozhikode ,2023,1,21740839808.0,17609474
7029,kerala,kollam ,2023,1,12995036174.0,8766861
7030,kerala,hrissur ,2023,1,13503012488.0,9811793
7031,kerala,palakkad ,2023,1,12458676100.0,8521427
7032,kerala,kannur ,2023,1,14112565339.0,10009053
7033,kerala,kottayam ,2023,1,9176107601.0,6448095
7034,kerala,ernakulam ,2023,1,33704884058.0,30034347
7035,kerala,ukki ,2023,1,5859418320.0,3988168
7036,kerala,hiruvananthapuram ,2023,3,23843948938.0,18643081
7037,kerala,kasaragod ,2023,3,8338421422.0,5899641
7038,kerala,malappuram ,2023,3,22374245863.0,18229082
7039,kerala,pathanamthitta ,2023,3,5615288690.0,3966432
7040,kerala,wayanad ,2023,3,8061560520.0,6008357
7041,kerala,alappuzha ,2023,3,11603306093.0,8349948
7042,kerala,kozhikode ,2023,3,23944480834.0,19394854
7043,kerala,kollam ,2023,3,15287453319.0,10425657
7044,kerala,hrissur ,2023,3,15378229549.0,11419815
7045,kerala,palakkad ,2023,3,13856311160.0,9656725
7046,kerala,kannur ,2023,3,16097825668.0,11874120
7047,kerala,kottayam ,2023,3,10327573152.0,7598688
7048,kerala,ernakulam ,2023,3,38869325990.0,34558327
7049,kerala,ukki ,2023,3,6734642131.0,4633924
7050,kerala,hiruvananthapuram ,2023,2,21968674795.0,16834507
7051,kerala,kasaragod ,2023,2,8103400236.0,5421249
7052,kerala,malappuram ,2023,2,20942444241.0,16442153
7053,kerala,pathanamthitta ,2023,2,5219658676.0,3555022
7054,kerala,wayanad ,2023,2,8091617292.0,5751930
7055,kerala,alappuzha ,2023,2,10929530290.0,7694391
7056,kerala,kozhikode ,2023,2,23125966041.0,18231277
7057,kerala,kollam ,2023,2,13897112666.0,9464997
7058,kerala,hrissur ,2023,2,14454609093.0,10462551
7059,kerala,palakkad ,2023,2,13287372163.0,8994974
7060,kerala,kannur ,2023,2,15253685629.0,10783259
7061,kerala,kottayam ,2023,2,9740957685.0,6878572
7062,kerala,ernakulam ,2023,2,36160448548.0,31266275
7063,kerala,ukki ,2023,2,6621193630.0,4389460
7064,kerala,hiruvananthapuram ,2022,4,16386992625.195726,12176949
7065,kerala,kasaragod ,2022,4,4974165652.614264,3262433
7066,kerala,malappuram ,2022,4,16133583076.643559,12667960
7067,kerala,pathanamthitta ,2022,4,4082745437.8617306,2676852
7068,kerala,wayanad ,2022,4,5018793988.96143,3654113
7069,kerala,alappuzha ,2022,4,8414450111.973735,6094707
7070,kerala,kozhikode ,2022,4,14187898844.87042,11205522
7071,kerala,kollam ,2022,4,10513248742.581398,7022669
7072,kerala,hrissur ,2022,4,16539944197.055008,12802574
7073,kerala,palakkad ,2022,4,9566627508.647114,6558445
7074,kerala,kannur ,2022,4,9291348716.042475,6407573
7075,kerala,kottayam ,2022,4,9198738854.992409,6551967
7076,kerala,ernakulam ,2022,4,44933855503.73201,39069167
7077,kerala,ukki ,2022,4,4317415338.538482,2809537
7078,kerala,hiruvananthapuram ,2022,1,12106537679.278353,7747326
7079,kerala,kasaragod ,2022,1,3923072928.3004293,2282517
7080,kerala,malappuram ,2022,1,13968886082.9426,10270093
7081,kerala,pathanamthitta ,2022,1,3361963455.2387085,1963871
7082,kerala,wayanad ,2022,1,4017486262.8773155,2620413
7083,kerala,alappuzha ,2022,1,5795828219.423043,3687088
7084,kerala,kozhikode ,2022,1,13732159882.740732,9526680
7085,kerala,kollam ,2022,1,8628660586.960697,4851496
7086,kerala,hrissur ,2022,1,12265599938.768522,7612460
7087,kerala,palakkad ,2022,1,7445457072.739984,4504996
7088,kerala,kannur ,2022,1,7882293599.26064,4837076
7089,kerala,kottayam ,2022,1,6642441538.163085,4029330
7090,kerala,ernakulam ,2022,1,36915318572.07093,29451475
7091,kerala,ukki ,2022,1,3303236645.929193,1896144
7092,kerala,hiruvananthapuram ,2022,3,16637313650.762661,11886964
7093,kerala,kasaragod ,2022,3,4420477438.966047,2816269
7094,kerala,malappuram ,2022,3,15435401577.943787,11727280
7095,kerala,pathanamthitta ,2022,3,3615273641.3223248,2373258
7096,kerala,wayanad ,2022,3,4610462828.361015,3269014
7097,kerala,alappuzha ,2022,3,7973274496.748119,5705022
7098,kerala,kozhikode ,2022,3,13830874892.026697,10298519
7099,kerala,kollam ,2022,3,10992059341.720558,7100622
7100,kerala,hrissur ,2022,3,12908229884.950268,9037575
7101,kerala,palakkad ,2022,3,9220755480.574833,6174837
7102,kerala,kannur ,2022,3,8674487770.19761,5631041
7103,kerala,kottayam ,2022,3,8495120284.447548,5918541
7104,kerala,ernakulam ,2022,3,41683362156.463394,35009862
7105,kerala,ukki ,2022,3,3763325870.944789,2414100
7106,kerala,hiruvananthapuram ,2022,2,13552082447.365555,8942858
7107,kerala,kasaragod ,2022,2,4383382390.002622,2578012
7108,kerala,malappuram ,2022,2,15235042406.963661,11218062
7109,kerala,pathanamthitta ,2022,2,3519862948.5512266,2074509
7110,kerala,wayanad ,2022,2,4493999118.462679,2984234
7111,kerala,alappuzha ,2022,2,6503782725.4786625,4151240
7112,kerala,kozhikode ,2022,2,15005755668.418482,10478852
7113,kerala,kollam ,2022,2,10109273068.99764,5799455
7114,kerala,hrissur ,2022,2,13850991972.685724,8767715
7115,kerala,palakkad ,2022,2,8233196635.528812,4998295
7116,kerala,kannur ,2022,2,8864093942.922422,5415196
7117,kerala,kottayam ,2022,2,7095672952.24407,4440370
7118,kerala,ernakulam ,2022,2,40076176147.54245,32257485
7119,kerala,ukki ,2022,2,3773017123.960714,2259039
7120,kerala,hiruvananthapuram ,2020,4,5574649734.488936,3376010
7121,kerala,kasaragod ,2020,4,1587677250.122615,890448
7122,kerala,malappuram ,2020,4,5198015036.320328,2988328
7123,kerala,pathanamthitta ,2020,4,1316217608.809388,749642
7124,kerala,wayanad ,2020,4,1531199014.3045726,901483
7125,kerala,alappuzha ,2020,4,2495781952.453473,1562242
7126,kerala,kozhikode ,2020,4,5728144598.801697,3436777
7127,kerala,kollam ,2020,4,3346551214.3340144,1917078
7128,kerala,hrissur ,2020,4,5026840469.302741,2628494
7129,kerala,palakkad ,2020,4,3102276857.5431166,1675633
7130,kerala,kannur ,2020,4,3368866047.27071,1966681
7131,kerala,kottayam ,2020,4,2688432124.592808,1486474
7132,kerala,ernakulam ,2020,4,14375193240.807178,8950159
7133,kerala,ukki ,2020,4,1415411497.8597498,758738
7134,kerala,hiruvananthapuram ,2020,1,3050411160.545363,1957687
7135,kerala,kasaragod ,2020,1,507073803.3718973,301169
7136,kerala,malappuram ,2020,1,1707013551.1569433,1032834
7137,kerala,pathanamthitta ,2020,1,438745625.6228532,271212
7138,kerala,wayanad ,2020,1,493187938.7452661,289132
7139,kerala,alappuzha ,2020,1,939182379.108365,655979
7140,kerala,kozhikode ,2020,1,2563142658.862935,1568774
7141,kerala,kollam ,2020,1,1132631398.2083387,773621
7142,kerala,hrissur ,2020,1,2546348594.755377,1370029
7143,kerala,palakkad ,2020,1,1196433777.4224691,715756
7144,kerala,kannur ,2020,1,1073577708.9427073,703334
7145,kerala,kottayam ,2020,1,1330711260.7580514,752571
7146,kerala,ernakulam ,2020,1,8938376106.912516,5025201
7147,kerala,ukki ,2020,1,534248866.5212162,316223
7148,kerala,hiruvananthapuram ,2020,3,3493171877.8317666,2081035
7149,kerala,kasaragod ,2020,3,1166012173.6974864,596614
7150,kerala,malappuram ,2020,3,3664780939.093948,1898768
7151,kerala,pathanamthitta ,2020,3,845216797.9095387,489737
7152,kerala,wayanad ,2020,3,887306330.3024907,513419
7153,kerala,alappuzha ,2020,3,1556781058.1512263,1034921
7154,kerala,kozhikode ,2020,3,3948266707.535822,2170142
7155,kerala,kollam ,2020,3,2289595646.9909644,1338722
7156,kerala,hrissur ,2020,3,3785405397.493615,1849073
7157,kerala,palakkad ,2020,3,2004283358.564612,1116331
7158,kerala,kannur ,2020,3,2162452906.343422,1278504
7159,kerala,kottayam ,2020,3,1888052939.6003127,1001447
7160,kerala,ernakulam ,2020,3,11683184896.523336,5931363
7161,kerala,ukki ,2020,3,789639621.9157053,458604
7162,kerala,hiruvananthapuram ,2020,2,2599631080.622644,1742767
7163,kerala,kasaragod ,2020,2,591069175.8807278,446953
7164,kerala,malappuram ,2020,2,1803201659.9709346,1257378
7165,kerala,pathanamthitta ,2020,2,451078696.19252056,341421
7166,kerala,wayanad ,2020,2,519782233.3701738,382374
7167,kerala,alappuzha ,2020,2,942056560.3210676,755556
7168,kerala,kozhikode ,2020,2,2243504596.608429,1566564
7169,kerala,kollam ,2020,2,1193885128.37001,893973
7170,kerala,hrissur ,2020,2,2341058567.0443115,1351787
7171,kerala,palakkad ,2020,2,1291966407.5463247,893115
7172,kerala,kannur ,2020,2,1189750957.3159876,998243
7173,kerala,kottayam ,2020,2,1204970922.4053957,761782
7174,kerala,ernakulam ,2020,2,9056027224.418602,4530511
7175,kerala,ukki ,2020,2,466095268.53298694,365543
7176,kerala,hiruvananthapuram ,2018,4,937541020.9487805,475377
7177,kerala,kasaragod ,2018,4,178991682.4763731,99369
7178,kerala,malappuram ,2018,4,712275700.16859,445963
7179,kerala,pathanamthitta ,2018,4,188812344.16017604,99883
7180,kerala,wayanad ,2018,4,162973755.87261727,82834
7181,kerala,alappuzha ,2018,4,307021229.6677927,180730
7182,kerala,kozhikode ,2018,4,852029000.8762002,492826
7183,kerala,kollam ,2018,4,339663300.07618785,201274
7184,kerala,hrissur ,2018,4,669618693.0635449,369941
7185,kerala,palakkad ,2018,4,493228367.318028,278099
7186,kerala,kannur ,2018,4,387384391.7983955,221021
7187,kerala,kottayam ,2018,4,436012749.52668107,244161
7188,kerala,ernakulam ,2018,4,1886966258.0311787,1012043
7189,kerala,ukki ,2018,4,194842742.82781494,107133
7190,kerala,hiruvananthapuram ,2018,1,275202215.5887567,172079
7191,kerala,kasaragod ,2018,1,46522871.82306546,37597
7192,kerala,malappuram ,2018,1,256416524.03733116,239508
7193,kerala,pathanamthitta ,2018,1,44871379.63442598,35435
7194,kerala,wayanad ,2018,1,42622425.25359705,32702
7195,kerala,alappuzha ,2018,1,95014765.5124121,74941
7196,kerala,kozhikode ,2018,1,264216575.61410832,206971
7197,kerala,kollam ,2018,1,93495184.4858401,76713
7198,kerala,hrissur ,2018,1,200502461.32188034,148871
7199,kerala,palakkad ,2018,1,155278345.54067275,119324
7200,kerala,kannur ,2018,1,112128543.0761299,92260
7201,kerala,kottayam ,2018,1,132788590.21251318,102446
7202,kerala,ernakulam ,2018,1,630357709.4293847,390006
7203,kerala,ukki ,2018,1,53257161.57039655,42527
7204,kerala,hiruvananthapuram ,2018,3,663088952.7638565,341861
7205,kerala,kasaragod ,2018,3,121876096.15716684,69573
7206,kerala,malappuram ,2018,3,521343702.7156196,323771
7207,kerala,pathanamthitta ,2018,3,108400526.62835038,66341
7208,kerala,wayanad ,2018,3,96212039.37300894,52579
7209,kerala,alappuzha ,2018,3,208917711.71637464,129138
7210,kerala,kozhikode ,2018,3,602562108.7285004,374581
7211,kerala,kollam ,2018,3,237302294.1078105,154891
7212,kerala,hrissur ,2018,3,447258554.15207183,265041
7213,kerala,palakkad ,2018,3,329702201.45452887,201468
7214,kerala,kannur ,2018,3,256107072.92292744,161613
7215,kerala,kottayam ,2018,3,294011177.4497337,185591
7216,kerala,ernakulam ,2018,3,1317858232.2431176,731827
7217,kerala,ukki ,2018,3,118384553.46241829,76073
7218,kerala,hiruvananthapuram ,2018,2,447463532.2875792,241695
7219,kerala,kasaragod ,2018,2,79264188.98089561,50723
7220,kerala,malappuram ,2018,2,394434596.38289905,268993
7221,kerala,pathanamthitta ,2018,2,75627575.41254863,50523
7222,kerala,wayanad ,2018,2,75694975.62729506,43621
7223,kerala,alappuzha ,2018,2,157158524.65667993,101141
7224,kerala,kozhikode ,2018,2,432276266.4294082,262368
7225,kerala,kollam ,2018,2,158093455.3837409,107011
7226,kerala,hrissur ,2018,2,323326151.5548469,194698
7227,kerala,palakkad ,2018,2,247495543.9461293,148865
7228,kerala,kannur ,2018,2,190249058.5368228,123543
7229,kerala,kottayam ,2018,2,219583423.4232789,132766
7230,kerala,ernakulam ,2018,2,992297917.6619761,521535
7231,kerala,ukki ,2018,2,93958133.15853149,60683
7232,kerala,hiruvananthapuram ,2024,1,23994396911.0,19564302
7233,kerala,kasaragod ,2024,1,8852077946.0,6447794
7234,kerala,malappuram ,2024,1,22831974850.0,18991293
7235,kerala,pathanamthitta ,2024,1,6346028918.0,4601346
7236,kerala,wayanad ,2024,1,7919674631.0,5932205
7237,kerala,alappuzha ,2024,1,11917993156.0,9049439
7238,kerala,kozhikode ,2024,1,24689413055.0,20525616
7239,kerala,kollam ,2024,1,15368934035.0,11198940
7240,kerala,hrissur ,2024,1,15782799143.0,12155776
7241,kerala,palakkad ,2024,1,13976888497.0,10184200
7242,kerala,kannur ,2024,1,16955028166.0,13131416
7243,kerala,kottayam ,2024,1,11069456219.0,8352880
7244,kerala,ernakulam ,2024,1,40265764333.0,36302206
7245,kerala,ukki ,2024,1,7107544878.0,5026553
7246,uttar pradesh,amethi ,2021,4,4384578231.652984,1985307
7247,uttar pradesh,harthnagar ,2021,4,6845435151.145912,2497885
7248,uttar pradesh,auraiya ,2021,4,3459745163.7092886,1617537
7249,uttar pradesh,ambhal ,2021,4,4439827282.306233,1665452
7250,uttar pradesh,kanpur nagar ,2021,4,24968225095.50705,13055831
7251,uttar pradesh,aligarh ,2021,4,15072461376.02834,7765317
7252,uttar pradesh,mahoba ,2021,4,1799125208.2790942,792543
7253,uttar pradesh,lucknow ,2021,4,115688821642.09215,67415795
7254,uttar pradesh,ant kabeer nagar ,2021,4,4460054199.734021,1634173
7255,uttar pradesh,hathras ,2021,4,4284086960.9278436,2019707
7256,uttar pradesh,budaun ,2021,4,4522179090.315058,1923046
7257,uttar pradesh,moradabad ,2021,4,11208349342.771992,4700453
7258,uttar pradesh,kushinagar ,2021,4,11909986083.031399,5159159
7259,uttar pradesh,baghpat ,2021,4,5329822893.212368,2632493
7260,uttar pradesh,hahjahanpur ,2021,4,4265217406.0511923,1892839
7261,uttar pradesh,muzaffarnagar ,2021,4,9379680721.031658,4506330
7262,uttar pradesh,ambedkar nagar ,2021,4,4920282720.407322,2226303
7263,uttar pradesh,bahraich ,2021,4,4028403896.6021347,1563319
7264,uttar pradesh,jalaun ,2021,4,4328596082.28044,1969102
7265,uttar pradesh,ampur ,2021,4,5087106404.625124,2074148
7266,uttar pradesh,ballia ,2021,4,9286346980.632427,4228159
7267,uttar pradesh,hravasti ,2021,4,1033220696.7718502,395856
7268,uttar pradesh,kasganj ,2021,4,2575818040.7462597,1164954
7269,uttar pradesh,varanasi ,2021,4,22020915567.44571,11458477
7270,uttar pradesh,gautam buddha nagar ,2021,4,66955029270.37129,52546170
7271,uttar pradesh,basti ,2021,4,7254083309.309664,2856072
7272,uttar pradesh,hamli ,2021,4,4081648961.836449,1845084
7273,uttar pradesh,maharajganj ,2021,4,6321410297.799974,2529576
7274,uttar pradesh,etawah ,2021,4,4788547205.2284155,2339410
7275,uttar pradesh,etah ,2021,4,3919757077.704958,1758883
7276,uttar pradesh,banda ,2021,4,2424182245.9565415,1070761
7277,uttar pradesh,bijnor ,2021,4,8561630798.766277,3811347
7278,uttar pradesh,hardoi ,2021,4,4333443603.022738,1958800
7279,uttar pradesh,balrampur ,2021,4,3721070413.6542153,1288662
7280,uttar pradesh,amroha ,2021,4,5975143579.456725,2492004
7281,uttar pradesh,pilibhit ,2021,4,2906462851.4934115,1274358
7282,uttar pradesh,mainpuri ,2021,4,4520682557.791234,2113665
7283,uttar pradesh,kanpur dehat ,2021,4,3708949649.1614385,1603771
7284,uttar pradesh,jaunpur ,2021,4,11624361312.504543,5100705
7285,uttar pradesh,kaushambi ,2021,4,2274136947.776567,913002
7286,uttar pradesh,hapur ,2021,4,6518053156.719271,3614646
7287,uttar pradesh,hamirpur ,2021,4,2264813632.9454894,934114
7288,uttar pradesh,meerut ,2021,4,28699663710.751427,15531638
7289,uttar pradesh,mathura ,2021,4,13919276418.614656,7115905
7290,uttar pradesh,hitrakoot ,2021,4,1729167230.4903157,680496
7291,uttar pradesh,lalitpur ,2021,4,3122246520.8050327,1651783
7292,uttar pradesh,mau ,2021,4,5011302381.434206,2252199
7293,uttar pradesh,mirzapur ,2021,4,5182409009.996834,2252737
7294,uttar pradesh,bulandshahr ,2021,4,11425961876.66816,5912378
7295,uttar pradesh,gonda ,2021,4,6834303399.345653,2483643
7296,uttar pradesh,jhansi ,2021,4,10951192259.83568,5241111
7297,uttar pradesh,handauli ,2021,4,5185531900.205638,2333510
7298,uttar pradesh,bhadohi ,2021,4,3190127960.96692,1653029
7299,uttar pradesh,pratapgarh ,2021,4,7064867179.599064,3109613
7300,uttar pradesh,aharanpur ,2021,4,14666207704.973816,7697919
7301,uttar pradesh,bara banki ,2021,4,4765211805.556288,2320329
7302,uttar pradesh,bareilly ,2021,4,13349355936.953947,6168436
7303,uttar pradesh,apur ,2021,4,4010789883.0243816,1876779
7304,uttar pradesh,ultanpur ,2021,4,5421042080.0420265,2492622
7305,uttar pradesh,agra ,2021,4,22888020081.302628,11675242
7306,uttar pradesh,fatehpur ,2021,4,3677127535.5511727,1575457
7307,uttar pradesh,ae bareli ,2021,4,4494202664.729757,2087230
7308,uttar pradesh,firozabad ,2021,4,7102293543.132497,3427750
7309,uttar pradesh,kheri ,2021,4,4251644291.327563,2015929
7310,uttar pradesh,gorakhpur ,2021,4,21591200217.753147,9958532
7311,uttar pradesh,unnao ,2021,4,4233983853.8290195,1981561
7312,uttar pradesh,prayagraj ,2021,4,25298767096.605217,14418013
7313,uttar pradesh,onbhadra ,2021,4,6361732322.361273,3061254
7314,uttar pradesh,ghazipur ,2021,4,10069941265.693384,4383062
7315,uttar pradesh,farrukhabad ,2021,4,3924149923.437484,1858142
7316,uttar pradesh,kannauj ,2021,4,3178556902.2628765,1546012
7317,uttar pradesh,azamgarh ,2021,4,10898639073.356598,4761451
7318,uttar pradesh,ayodhya ,2021,4,7829010655.6649685,3623487
7319,uttar pradesh,eoria ,2021,4,10239489450.019588,4669892
7320,uttar pradesh,ghaziabad ,2021,4,45871860827.12578,27945576
7321,uttar pradesh,amethi ,2021,1,2019421035.5440125,877998
7322,uttar pradesh,harthnagar ,2021,1,3465239203.2077265,1151889
7323,uttar pradesh,auraiya ,2021,1,1728417436.1610992,769110
7324,uttar pradesh,ambhal ,2021,1,2096832820.641212,713188
7325,uttar pradesh,kanpur nagar ,2021,1,13274223178.294434,6948497
7326,uttar pradesh,aligarh ,2021,1,7418381922.136725,3639658
7327,uttar pradesh,mahoba ,2021,1,797978338.2421438,330542
7328,uttar pradesh,lucknow ,2021,1,66268662302.66503,35616880
7329,uttar pradesh,ant kabeer nagar ,2021,1,2292341220.026307,785067
7330,uttar pradesh,hathras ,2021,1,2007237611.7384071,904106
7331,uttar pradesh,budaun ,2021,1,2064814361.1100338,860365
7332,uttar pradesh,moradabad ,2021,1,5315834859.740384,2141475
7333,uttar pradesh,kushinagar ,2021,1,6154525833.709658,2430660
7334,uttar pradesh,baghpat ,2021,1,2815148600.9318047,1269717
7335,uttar pradesh,hahjahanpur ,2021,1,2093378695.195166,942125
7336,uttar pradesh,muzaffarnagar ,2021,1,4554139218.27136,2056338
7337,uttar pradesh,ambedkar nagar ,2021,1,2270163374.1693525,973066
7338,uttar pradesh,bahraich ,2021,1,1975803618.5803046,753675
7339,uttar pradesh,jalaun ,2021,1,1971780173.5989068,838073
7340,uttar pradesh,ampur ,2021,1,2233156797.522419,860337
7341,uttar pradesh,ballia ,2021,1,4179409523.6494207,1812583
7342,uttar pradesh,hravasti ,2021,1,539637266.7573034,192450
7343,uttar pradesh,kasganj ,2021,1,1147686148.9570708,494513
7344,uttar pradesh,varanasi ,2021,1,10950765766.981533,5807048
7345,uttar pradesh,gautam buddha nagar ,2021,1,37748670525.23869,31352951
7346,uttar pradesh,basti ,2021,1,3736440480.9011135,1317427
7347,uttar pradesh,hamli ,2021,1,1983208486.1633,813526
7348,uttar pradesh,maharajganj ,2021,1,3416557865.3637247,1226115
7349,uttar pradesh,etawah ,2021,1,2208046405.87211,1056534
7350,uttar pradesh,etah ,2021,1,1763562812.774366,752911
7351,uttar pradesh,banda ,2021,1,1080201354.898141,478856
7352,uttar pradesh,bijnor ,2021,1,4258199699.7379847,1776010
7353,uttar pradesh,hardoi ,2021,1,2045360766.5230374,928482
7354,uttar pradesh,balrampur ,2021,1,1872826651.5785859,585060
7355,uttar pradesh,amroha ,2021,1,2714682985.8695583,1070707
7356,uttar pradesh,pilibhit ,2021,1,1485572502.494791,690076
7357,uttar pradesh,mainpuri ,2021,1,2088080638.93582,879113
7358,uttar pradesh,kanpur dehat ,2021,1,1844894490.7341883,786955
7359,uttar pradesh,jaunpur ,2021,1,5134456266.426699,2218994
7360,uttar pradesh,kaushambi ,2021,1,1039916138.5923938,427365
7361,uttar pradesh,hapur ,2021,1,3374025881.7737064,1787385
7362,uttar pradesh,hamirpur ,2021,1,1082453707.9599018,448033
7363,uttar pradesh,meerut ,2021,1,13712809242.556309,6883062
7364,uttar pradesh,mathura ,2021,1,6630958776.858941,3300059
7365,uttar pradesh,hitrakoot ,2021,1,774496740.379127,305595
7366,uttar pradesh,lalitpur ,2021,1,1451266508.7796412,715812
7367,uttar pradesh,mau ,2021,1,2070273659.6743588,885573
7368,uttar pradesh,mirzapur ,2021,1,2624527845.0115094,1069333
7369,uttar pradesh,bulandshahr ,2021,1,5734398738.267788,2844618
7370,uttar pradesh,gonda ,2021,1,3632237997.5365334,1238540
7371,uttar pradesh,jhansi ,2021,1,5548819990.074663,2604380
7372,uttar pradesh,handauli ,2021,1,2447762420.872851,1072974
7373,uttar pradesh,bhadohi ,2021,1,1518741542.0093746,740300
7374,uttar pradesh,pratapgarh ,2021,1,3070050051.9793787,1348590
7375,uttar pradesh,aharanpur ,2021,1,7147730126.368415,3177302
7376,uttar pradesh,bara banki ,2021,1,2239233917.573295,1080613
7377,uttar pradesh,bareilly ,2021,1,6487088451.990205,3013200
7378,uttar pradesh,apur ,2021,1,2091781556.8922815,983750
7379,uttar pradesh,ultanpur ,2021,1,2443671436.5467286,1072868
7380,uttar pradesh,agra ,2021,1,11198658827.144236,5773733
7381,uttar pradesh,fatehpur ,2021,1,1636407066.7822635,707603
7382,uttar pradesh,ae bareli ,2021,1,2124119307.8524141,955313
7383,uttar pradesh,firozabad ,2021,1,3283806271.1736436,1522752
7384,uttar pradesh,kheri ,2021,1,2220238733.580754,1095771
7385,uttar pradesh,gorakhpur ,2021,1,10959348578.905521,4804502
7386,uttar pradesh,unnao ,2021,1,2012532903.0940554,948502
7387,uttar pradesh,prayagraj ,2021,1,14358916730.34151,7886986
7388,uttar pradesh,onbhadra ,2021,1,3198874050.985406,1364012
7389,uttar pradesh,ghazipur ,2021,1,4421012962.406708,1811693
7390,uttar pradesh,farrukhabad ,2021,1,1865618375.0222893,860342
7391,uttar pradesh,kannauj ,2021,1,1477658098.5551538,666139
7392,uttar pradesh,azamgarh ,2021,1,4355952038.127698,1797181
7393,uttar pradesh,ayodhya ,2021,1,3705175547.987315,1655673
7394,uttar pradesh,eoria ,2021,1,4966425528.395669,2146841
7395,uttar pradesh,ghaziabad ,2021,1,26364856584.17089,16400075
7396,uttar pradesh,amethi ,2021,3,2991984023.689389,1432987
7397,uttar pradesh,harthnagar ,2021,3,4989701189.671114,1900350
7398,uttar pradesh,auraiya ,2021,3,2460106089.7241025,1209709
7399,uttar pradesh,ambhal ,2021,3,3000087397.731041,1165060
7400,uttar pradesh,kanpur nagar ,2021,3,18370977249.144783,9924366
7401,uttar pradesh,aligarh ,2021,3,10758162334.818874,5783351
7402,uttar pradesh,mahoba ,2021,3,1262535755.5065136,564382
7403,uttar pradesh,lucknow ,2021,3,85371248453.0547,51055467
7404,uttar pradesh,ant kabeer nagar ,2021,3,3163489104.6852465,1226316
7405,uttar pradesh,hathras ,2021,3,2920923912.334259,1456794
7406,uttar pradesh,budaun ,2021,3,3206852300.2315803,1402499
7407,uttar pradesh,moradabad ,2021,3,7982151458.620956,3495607
7408,uttar pradesh,kushinagar ,2021,3,8548717443.881108,3903790
7409,uttar pradesh,baghpat ,2021,3,3826283487.8090906,1963566
7410,uttar pradesh,hahjahanpur ,2021,3,3026469076.5476294,1457389
7411,uttar pradesh,muzaffarnagar ,2021,3,6682303228.9075775,3372515
7412,uttar pradesh,ambedkar nagar ,2021,3,3330526102.000403,1612004
7413,uttar pradesh,bahraich ,2021,3,2887355868.941761,1170925
7414,uttar pradesh,jalaun ,2021,3,2851822961.4357185,1371815
7415,uttar pradesh,ampur ,2021,3,3480796654.6542735,1509589
7416,uttar pradesh,ballia ,2021,3,6087347240.820578,2997745
7417,uttar pradesh,hravasti ,2021,3,759478872.0943506,292406
7418,uttar pradesh,kasganj ,2021,3,1854359208.3120344,845076
7419,uttar pradesh,varanasi ,2021,3,15613135907.98264,8732870
7420,uttar pradesh,gautam buddha nagar ,2021,3,51051292560.45668,41878965
7421,uttar pradesh,basti ,2021,3,5102064272.016851,2117401
7422,uttar pradesh,hamli ,2021,3,2889487477.4450927,1350652
7423,uttar pradesh,maharajganj ,2021,3,4542182232.795922,1907623
7424,uttar pradesh,etawah ,2021,3,3348945079.64544,1751198
7425,uttar pradesh,etah ,2021,3,2680422999.7192135,1250567
7426,uttar pradesh,banda ,2021,3,1604369269.2575104,750234
7427,uttar pradesh,bijnor ,2021,3,6119371062.273776,2853274
7428,uttar pradesh,hardoi ,2021,3,3062964608.074445,1462511
7429,uttar pradesh,balrampur ,2021,3,2733277548.259368,949686
7430,uttar pradesh,amroha ,2021,3,4430878704.473913,1863489
7431,uttar pradesh,pilibhit ,2021,3,2137216869.3571062,1028868
7432,uttar pradesh,mainpuri ,2021,3,3093054279.774779,1504210
7433,uttar pradesh,kanpur dehat ,2021,3,2529651987.6514144,1201280
7434,uttar pradesh,jaunpur ,2021,3,7707232035.015044,3642913
7435,uttar pradesh,kaushambi ,2021,3,1504791825.833373,666332
7436,uttar pradesh,hapur ,2021,3,4830713291.818355,2779827
7437,uttar pradesh,hamirpur ,2021,3,1544614824.782372,679825
7438,uttar pradesh,meerut ,2021,3,20511958929.648064,11446543
7439,uttar pradesh,mathura ,2021,3,9975087226.515333,5366708
7440,uttar pradesh,hitrakoot ,2021,3,1162752066.8833752,486937
7441,uttar pradesh,lalitpur ,2021,3,2289732280.6600027,1183461
7442,uttar pradesh,mau ,2021,3,3270513458.8492217,1558413
7443,uttar pradesh,mirzapur ,2021,3,3688336993.5353336,1660285
7444,uttar pradesh,bulandshahr ,2021,3,8207997591.971817,4485740
7445,uttar pradesh,gonda ,2021,3,4861820824.77202,1802378
7446,uttar pradesh,jhansi ,2021,3,8069296333.674433,3964812
7447,uttar pradesh,handauli ,2021,3,3567450236.4588757,1717344
7448,uttar pradesh,bhadohi ,2021,3,2188636993.2789073,1208545
7449,uttar pradesh,pratapgarh ,2021,3,4610555980.163965,2218744
7450,uttar pradesh,aharanpur ,2021,3,10603863030.796862,5425174
7451,uttar pradesh,bara banki ,2021,3,3313670067.428597,1717669
7452,uttar pradesh,bareilly ,2021,3,9684505908.039417,4732687
7453,uttar pradesh,apur ,2021,3,2926171515.696319,1443988
7454,uttar pradesh,ultanpur ,2021,3,3539291600.850237,1759364
7455,uttar pradesh,agra ,2021,3,16295735776.09449,8882859
7456,uttar pradesh,fatehpur ,2021,3,2421811564.9004846,1137279
7457,uttar pradesh,ae bareli ,2021,3,3226659341.059825,1560143
7458,uttar pradesh,firozabad ,2021,3,4941421309.180454,2482333
7459,uttar pradesh,kheri ,2021,3,3168218255.3459015,1683983
7460,uttar pradesh,gorakhpur ,2021,3,15458247189.130363,7464913
7461,uttar pradesh,unnao ,2021,3,2955790506.1806517,1494326
7462,uttar pradesh,prayagraj ,2021,3,18012924107.458786,10478343
7463,uttar pradesh,onbhadra ,2021,3,4572921231.745972,2272254
7464,uttar pradesh,ghazipur ,2021,3,6693077487.048706,3099833
7465,uttar pradesh,farrukhabad ,2021,3,2856384921.110854,1396354
7466,uttar pradesh,kannauj ,2021,3,2274773428.6584773,1119778
7467,uttar pradesh,azamgarh ,2021,3,7232527336.987109,3399046
7468,uttar pradesh,ayodhya ,2021,3,5326681608.835176,2599534
7469,uttar pradesh,eoria ,2021,3,7079084977.6063795,3449405
7470,uttar pradesh,ghaziabad ,2021,3,35753594948.1124,22358776
7471,uttar pradesh,amethi ,2021,2,2832735535.699919,1291021
7472,uttar pradesh,harthnagar ,2021,2,5238148009.774738,1771043
7473,uttar pradesh,auraiya ,2021,2,2271182442.584289,1059958
7474,uttar pradesh,ambhal ,2021,2,2603854883.488303,950489
7475,uttar pradesh,kanpur nagar ,2021,2,14935346898.476763,7585841
7476,uttar pradesh,aligarh ,2021,2,9169523754.569006,4566809
7477,uttar pradesh,mahoba ,2021,2,1122285761.4014444,475867
7478,uttar pradesh,lucknow ,2021,2,78447443137.55058,41241215
7479,uttar pradesh,ant kabeer nagar ,2021,2,3117195181.2863383,1131079
7480,uttar pradesh,hathras ,2021,2,2575616559.22519,1233619
7481,uttar pradesh,budaun ,2021,2,2835775507.3737907,1191301
7482,uttar pradesh,moradabad ,2021,2,6178755186.138968,2635770
7483,uttar pradesh,kushinagar ,2021,2,8429294860.665513,3460610
7484,uttar pradesh,baghpat ,2021,2,3316713347.549141,1615699
7485,uttar pradesh,hahjahanpur ,2021,2,2649333007.452417,1219746
7486,uttar pradesh,muzaffarnagar ,2021,2,5313834601.551631,2598478
7487,uttar pradesh,ambedkar nagar ,2021,2,3153326970.8847313,1395101
7488,uttar pradesh,bahraich ,2021,2,2471432397.367072,979428
7489,uttar pradesh,jalaun ,2021,2,2794963213.0666,1201881
7490,uttar pradesh,ampur ,2021,2,2785287278.351359,1178718
7491,uttar pradesh,ballia ,2021,2,6275453286.234028,2697371
7492,uttar pradesh,hravasti ,2021,2,691032815.48845,256597
7493,uttar pradesh,kasganj ,2021,2,1665220089.7129016,733957
7494,uttar pradesh,varanasi ,2021,2,12596441736.919134,6220925
7495,uttar pradesh,gautam buddha nagar ,2021,2,37072547539.88541,29169349
7496,uttar pradesh,basti ,2021,2,5115399590.735217,1918966
7497,uttar pradesh,hamli ,2021,2,2401068641.5154448,1072971
7498,uttar pradesh,maharajganj ,2021,2,4527845152.121864,1721504
7499,uttar pradesh,etawah ,2021,2,2954500857.3923235,1408727
7500,uttar pradesh,etah ,2021,2,2358179714.1144834,1059378
7501,uttar pradesh,banda ,2021,2,1534671516.5143259,666585
7502,uttar pradesh,bijnor ,2021,2,5226002636.104571,2371176
7503,uttar pradesh,hardoi ,2021,2,2807238923.688106,1291751
7504,uttar pradesh,balrampur ,2021,2,2832035100.1036997,876332
7505,uttar pradesh,amroha ,2021,2,3484451693.262973,1436225
7506,uttar pradesh,pilibhit ,2021,2,1858665233.3495812,862297
7507,uttar pradesh,mainpuri ,2021,2,2847133297.0488615,1262286
7508,uttar pradesh,kanpur dehat ,2021,2,2345874310.797373,1063446
7509,uttar pradesh,jaunpur ,2021,2,8346542710.10446,3527787
7510,uttar pradesh,kaushambi ,2021,2,1363345221.3968203,599546
7511,uttar pradesh,hapur ,2021,2,3877150518.068894,2140953
7512,uttar pradesh,hamirpur ,2021,2,1561116989.4334397,625781
7513,uttar pradesh,meerut ,2021,2,16511763499.94571,8599202
7514,uttar pradesh,mathura ,2021,2,7820282307.556807,3781704
7515,uttar pradesh,hitrakoot ,2021,2,1035222412.1931376,419599
7516,uttar pradesh,lalitpur ,2021,2,1901077448.3590508,896705
7517,uttar pradesh,mau ,2021,2,3198341071.4874997,1368848
7518,uttar pradesh,mirzapur ,2021,2,3465894982.295676,1444919
7519,uttar pradesh,bulandshahr ,2021,2,7163334352.956653,3724506
7520,uttar pradesh,gonda ,2021,2,4916193446.703891,1653720
7521,uttar pradesh,jhansi ,2021,2,6619698982.316277,2982163
7522,uttar pradesh,handauli ,2021,2,3271412184.8261037,1443308
7523,uttar pradesh,bhadohi ,2021,2,2282034124.9199343,1129475
7524,uttar pradesh,pratapgarh ,2021,2,4688141698.3797865,2122304
7525,uttar pradesh,aharanpur ,2021,2,8397866311.390787,3974722
7526,uttar pradesh,bara banki ,2021,2,2653152866.6854076,1320689
7527,uttar pradesh,bareilly ,2021,2,7772801500.166232,3642839
7528,uttar pradesh,apur ,2021,2,2551042837.414283,1217768
7529,uttar pradesh,ultanpur ,2021,2,3446743838.535882,1560506
7530,uttar pradesh,agra ,2021,2,12895519153.397434,6542679
7531,uttar pradesh,fatehpur ,2021,2,2222238216.5209403,1010271
7532,uttar pradesh,ae bareli ,2021,2,2743834773.460474,1273154
7533,uttar pradesh,firozabad ,2021,2,4210273416.3512893,1991790
7534,uttar pradesh,kheri ,2021,2,2724984051.025152,1324392
7535,uttar pradesh,gorakhpur ,2021,2,13762240584.653461,5995988
7536,uttar pradesh,unnao ,2021,2,2629057684.7849646,1265296
7537,uttar pradesh,prayagraj ,2021,2,15903938690.16954,8039353
7538,uttar pradesh,onbhadra ,2021,2,3894345602.3443336,1762236
7539,uttar pradesh,ghazipur ,2021,2,6649631899.684622,2732309
7540,uttar pradesh,farrukhabad ,2021,2,2422980479.74343,1169320
7541,uttar pradesh,kannauj ,2021,2,1960303336.2982435,922056
7542,uttar pradesh,azamgarh ,2021,2,6746447550.13839,2801633
7543,uttar pradesh,ayodhya ,2021,2,4668997701.533086,2136111
7544,uttar pradesh,eoria ,2021,2,7292191608.433685,3134141
7545,uttar pradesh,ghaziabad ,2021,2,27766534443.259594,16797842
7546,uttar pradesh,amethi ,2019,4,683646970.1812466,385496
7547,uttar pradesh,harthnagar ,2019,4,1106226161.274441,404440
7548,uttar pradesh,auraiya ,2019,4,549636189.7449863,296077
7549,uttar pradesh,ambhal ,2019,4,483387045.50147307,224755
7550,uttar pradesh,kanpur nagar ,2019,4,6283713197.57716,3438636
7551,uttar pradesh,aligarh ,2019,4,2034279415.2708366,1161353
7552,uttar pradesh,mahoba ,2019,4,244474408.08630717,137733
7553,uttar pradesh,lucknow ,2019,4,30191564282.331238,14205324
7554,uttar pradesh,ant kabeer nagar ,2019,4,749871481.5486368,304918
7555,uttar pradesh,hathras ,2019,4,584110065.0207132,314326
7556,uttar pradesh,budaun ,2019,4,533875756.7647765,298062
7557,uttar pradesh,moradabad ,2019,4,1469709142.4561715,686463
7558,uttar pradesh,kushinagar ,2019,4,2182627277.826824,992091
7559,uttar pradesh,baghpat ,2019,4,848871037.413548,431728
7560,uttar pradesh,hahjahanpur ,2019,4,668190077.1501824,379896
7561,uttar pradesh,muzaffarnagar ,2019,4,1229126610.3300664,619496
7562,uttar pradesh,ambedkar nagar ,2019,4,779836279.3967726,499240
7563,uttar pradesh,bahraich ,2019,4,644249415.539638,341814
7564,uttar pradesh,jalaun ,2019,4,586293724.4664252,334493
7565,uttar pradesh,ampur ,2019,4,631324138.7649697,324874
7566,uttar pradesh,ballia ,2019,4,1427288854.0797868,727597
7567,uttar pradesh,hravasti ,2019,4,164110483.56702596,78564
7568,uttar pradesh,kasganj ,2019,4,331913103.5134749,180784
7569,uttar pradesh,varanasi ,2019,4,5004637433.780641,4217796
7570,uttar pradesh,gautam buddha nagar ,2019,4,17701548866.812836,16003102
7571,uttar pradesh,basti ,2019,4,1224897525.9800131,530218
7572,uttar pradesh,hamli ,2019,4,564166990.4436123,265095
7573,uttar pradesh,maharajganj ,2019,4,1179282302.0661354,527206
7574,uttar pradesh,etawah ,2019,4,635011988.0541148,388969
7575,uttar pradesh,etah ,2019,4,517291347.68406165,250439
7576,uttar pradesh,banda ,2019,4,371197107.74283075,228010
7577,uttar pradesh,bijnor ,2019,4,1154559917.6424184,602847
7578,uttar pradesh,hardoi ,2019,4,595858258.2137665,372586
7579,uttar pradesh,balrampur ,2019,4,574617451.683623,221392
7580,uttar pradesh,amroha ,2019,4,685979996.2329844,327146
7581,uttar pradesh,pilibhit ,2019,4,450680196.8884482,296345
7582,uttar pradesh,mainpuri ,2019,4,543268880.1196997,297692
7583,uttar pradesh,kanpur dehat ,2019,4,556156087.6627556,275199
7584,uttar pradesh,jaunpur ,2019,4,1995246393.8580596,1023077
7585,uttar pradesh,kaushambi ,2019,4,306394890.34353673,160586
7586,uttar pradesh,hapur ,2019,4,1017699184.2391319,565080
7587,uttar pradesh,hamirpur ,2019,4,322746376.94687164,194650
7588,uttar pradesh,meerut ,2019,4,3435708382.415326,1820166
7589,uttar pradesh,mathura ,2019,4,2108793175.9608073,1095818
7590,uttar pradesh,hitrakoot ,2019,4,237569148.26362717,129557
7591,uttar pradesh,lalitpur ,2019,4,415147911.20848274,249170
7592,uttar pradesh,mau ,2019,4,763508021.0427756,445877
7593,uttar pradesh,mirzapur ,2019,4,865550749.7664909,494142
7594,uttar pradesh,bulandshahr ,2019,4,1612998002.6328402,865523
7595,uttar pradesh,gonda ,2019,4,1216112969.3951266,502501
7596,uttar pradesh,jhansi ,2019,4,1815504488.3189025,995155
7597,uttar pradesh,handauli ,2019,4,775048803.765221,535326
7598,uttar pradesh,bhadohi ,2019,4,559967190.8394852,335341
7599,uttar pradesh,pratapgarh ,2019,4,992265221.5221021,530239
7600,uttar pradesh,aharanpur ,2019,4,1861376501.3353348,1147871
7601,uttar pradesh,bara banki ,2019,4,764562635.4137859,480765
7602,uttar pradesh,bareilly ,2019,4,2179671438.615908,1342436
7603,uttar pradesh,apur ,2019,4,691802381.6676625,717451
7604,uttar pradesh,ultanpur ,2019,4,914129745.1753559,517126
7605,uttar pradesh,agra ,2019,4,3485238496.7261944,1992945
7606,uttar pradesh,fatehpur ,2019,4,535822800.9610729,293982
7607,uttar pradesh,ae bareli ,2019,4,762711366.4525826,417255
7608,uttar pradesh,firozabad ,2019,4,882939644.183182,495365
7609,uttar pradesh,kheri ,2019,4,793591341.0311613,649222
7610,uttar pradesh,gorakhpur ,2019,4,3445111045.80023,1669194
7611,uttar pradesh,unnao ,2019,4,685146302.8682197,424210
7612,uttar pradesh,prayagraj ,2019,4,5161631925.304864,3400115
7613,uttar pradesh,onbhadra ,2019,4,1090356998.0280867,561074
7614,uttar pradesh,ghazipur ,2019,4,1574528809.9949389,785311
7615,uttar pradesh,farrukhabad ,2019,4,556807628.3387713,320743
7616,uttar pradesh,kannauj ,2019,4,420520775.36550784,258519
7617,uttar pradesh,azamgarh ,2019,4,1661165144.9364865,809005
7618,uttar pradesh,ayodhya ,2019,4,1151855830.497024,629884
7619,uttar pradesh,eoria ,2019,4,1703101937.4689212,862616
7620,uttar pradesh,ghaziabad ,2019,4,10609113377.795418,7615506
7621,uttar pradesh,amethi ,2019,1,421547862.21643007,326845
7622,uttar pradesh,harthnagar ,2019,1,671054381.4997554,302351
7623,uttar pradesh,auraiya ,2019,1,294870219.1369581,207711
7624,uttar pradesh,ambhal ,2019,1,306890452.214322,167634
7625,uttar pradesh,kanpur nagar ,2019,1,2882041800.6601443,2045370
7626,uttar pradesh,aligarh ,2019,1,1034079162.0896344,616388
7627,uttar pradesh,mahoba ,2019,1,143934422.22559807,104306
7628,uttar pradesh,lucknow ,2019,1,10007890617.082235,6724967
7629,uttar pradesh,ant kabeer nagar ,2019,1,462726217.58538276,239347
7630,uttar pradesh,hathras ,2019,1,273821973.13173586,174304
7631,uttar pradesh,budaun ,2019,1,313629446.05128956,231747
7632,uttar pradesh,moradabad ,2019,1,905856097.7504036,454392
7633,uttar pradesh,kushinagar ,2019,1,1473390210.6098776,1000902
7634,uttar pradesh,baghpat ,2019,1,454044345.6599624,249381
7635,uttar pradesh,hahjahanpur ,2019,1,406695935.7601104,337264
7636,uttar pradesh,muzaffarnagar ,2019,1,786587840.046669,431271
7637,uttar pradesh,ambedkar nagar ,2019,1,515880244.4764167,465210
7638,uttar pradesh,bahraich ,2019,1,407089053.6966136,248172
7639,uttar pradesh,jalaun ,2019,1,330609423.26976085,252004
7640,uttar pradesh,ampur ,2019,1,401776328.21130365,321906
7641,uttar pradesh,ballia ,2019,1,973228100.1421771,659104
7642,uttar pradesh,hravasti ,2019,1,100068299.13101007,70553
7643,uttar pradesh,kasganj ,2019,1,167843222.54848066,123238
7644,uttar pradesh,varanasi ,2019,1,2681050295.126403,2290282
7645,uttar pradesh,gautam buddha nagar ,2019,1,10286434896.546099,10750094
7646,uttar pradesh,basti ,2019,1,772444094.9342802,419396
7647,uttar pradesh,hamli ,2019,1,331584594.9941297,160929
7648,uttar pradesh,maharajganj ,2019,1,735422361.1177148,465056
7649,uttar pradesh,etawah ,2019,1,358358492.18644714,259857
7650,uttar pradesh,etah ,2019,1,241505950.47302642,141351
7651,uttar pradesh,banda ,2019,1,232838601.5668059,203200
7652,uttar pradesh,bijnor ,2019,1,719664027.4644611,445813
7653,uttar pradesh,hardoi ,2019,1,390884434.75340426,290787
7654,uttar pradesh,balrampur ,2019,1,301914168.12572217,131087
7655,uttar pradesh,amroha ,2019,1,416822133.8550206,236538
7656,uttar pradesh,pilibhit ,2019,1,308217258.4205318,351018
7657,uttar pradesh,mainpuri ,2019,1,281450804.75064,195238
7658,uttar pradesh,kanpur dehat ,2019,1,271700353.33018994,179306
7659,uttar pradesh,jaunpur ,2019,1,1184712382.0874712,840405
7660,uttar pradesh,kaushambi ,2019,1,163354770.4238072,110359
7661,uttar pradesh,hapur ,2019,1,587354810.1770575,398797
7662,uttar pradesh,hamirpur ,2019,1,181681066.41100046,155579
7663,uttar pradesh,meerut ,2019,1,1863635814.4861012,1120213
7664,uttar pradesh,mathura ,2019,1,1014279623.4310343,594162
7665,uttar pradesh,hitrakoot ,2019,1,143373050.38522738,97299
7666,uttar pradesh,lalitpur ,2019,1,253074203.76345152,253422
7667,uttar pradesh,mau ,2019,1,465619289.25446576,353323
7668,uttar pradesh,mirzapur ,2019,1,514406789.9841273,420967
7669,uttar pradesh,bulandshahr ,2019,1,895119004.8359941,543452
7670,uttar pradesh,gonda ,2019,1,727849032.2573541,351503
7671,uttar pradesh,jhansi ,2019,1,1067602094.8140204,714029
7672,uttar pradesh,handauli ,2019,1,499557403.3362822,415199
7673,uttar pradesh,bhadohi ,2019,1,372400427.5067629,320769
7674,uttar pradesh,pratapgarh ,2019,1,572695934.4218535,397166
7675,uttar pradesh,aharanpur ,2019,1,1000734203.096807,656076
7676,uttar pradesh,bara banki ,2019,1,450678161.5987823,364428
7677,uttar pradesh,bareilly ,2019,1,1325492844.7851303,1150731
7678,uttar pradesh,apur ,2019,1,457965021.4121072,473527
7679,uttar pradesh,ultanpur ,2019,1,610606915.5462227,499375
7680,uttar pradesh,agra ,2019,1,1798577433.7026842,1055850
7681,uttar pradesh,fatehpur ,2019,1,316452146.79670477,226784
7682,uttar pradesh,ae bareli ,2019,1,443410196.1237717,312361
7683,uttar pradesh,firozabad ,2019,1,461030301.08055127,265828
7684,uttar pradesh,kheri ,2019,1,548415887.9106755,615443
7685,uttar pradesh,gorakhpur ,2019,1,2149018597.784897,1266510
7686,uttar pradesh,unnao ,2019,1,377760951.7721302,266970
7687,uttar pradesh,prayagraj ,2019,1,3328073518.103963,2524007
7688,uttar pradesh,onbhadra ,2019,1,724325762.6327823,512752
7689,uttar pradesh,ghazipur ,2019,1,957958166.4289242,739327
7690,uttar pradesh,farrukhabad ,2019,1,298981837.0585528,197121
7691,uttar pradesh,kannauj ,2019,1,263647855.21869558,203044
7692,uttar pradesh,azamgarh ,2019,1,1026685594.7636292,695137
7693,uttar pradesh,ayodhya ,2019,1,733819037.5827813,580371
7694,uttar pradesh,eoria ,2019,1,1046211029.9793364,753335
7695,uttar pradesh,ghaziabad ,2019,1,5631770850.217073,4604564
7696,uttar pradesh,amethi ,2019,3,457961949.52611804,274229
7697,uttar pradesh,harthnagar ,2019,3,822517503.3363535,320825
7698,uttar pradesh,auraiya ,2019,3,374218862.8394393,208407
7699,uttar pradesh,ambhal ,2019,3,360822673.86408234,173100
7700,uttar pradesh,kanpur nagar ,2019,3,5151875480.314058,3032525
7701,uttar pradesh,aligarh ,2019,3,1512844915.5855925,963300
7702,uttar pradesh,mahoba ,2019,3,167837750.89316642,95118
7703,uttar pradesh,lucknow ,2019,3,24465158674.661304,11708246
7704,uttar pradesh,ant kabeer nagar ,2019,3,570593147.8701537,239631
7705,uttar pradesh,hathras ,2019,3,378558205.78767884,225830
7706,uttar pradesh,budaun ,2019,3,385248376.4059906,217390
7707,uttar pradesh,moradabad ,2019,3,1093980088.221823,513828
7708,uttar pradesh,kushinagar ,2019,3,1556135072.2857654,730646
7709,uttar pradesh,baghpat ,2019,3,587767966.4803164,309849
7710,uttar pradesh,hahjahanpur ,2019,3,488337410.633788,304259
7711,uttar pradesh,muzaffarnagar ,2019,3,954690286.8280857,525482
7712,uttar pradesh,ambedkar nagar ,2019,3,547859948.7740917,360610
7713,uttar pradesh,bahraich ,2019,3,493719209.30518043,240440
7714,uttar pradesh,jalaun ,2019,3,412494066.11994874,239290
7715,uttar pradesh,ampur ,2019,3,456757637.63550186,250113
7716,uttar pradesh,ballia ,2019,3,968560613.0861282,518281
7717,uttar pradesh,hravasti ,2019,3,129370284.58139008,61489
7718,uttar pradesh,kasganj ,2019,3,235440734.30770737,146757
7719,uttar pradesh,varanasi ,2019,3,3772442225.290722,2441735
7720,uttar pradesh,gautam buddha nagar ,2019,3,14118512957.85155,13014875
7721,uttar pradesh,basti ,2019,3,868207697.9016688,391016
7722,uttar pradesh,hamli ,2019,3,421501852.8137667,203262
7723,uttar pradesh,maharajganj ,2019,3,875745254.4863498,448750
7724,uttar pradesh,etawah ,2019,3,453498410.9431795,264749
7725,uttar pradesh,etah ,2019,3,347473162.39204526,186724
7726,uttar pradesh,banda ,2019,3,256980642.8669443,156394
7727,uttar pradesh,bijnor ,2019,3,901149609.6450592,465326
7728,uttar pradesh,hardoi ,2019,3,435214416.9028206,290466
7729,uttar pradesh,balrampur ,2019,3,416338758.89187086,169421
7730,uttar pradesh,amroha ,2019,3,523523675.31063884,240249
7731,uttar pradesh,pilibhit ,2019,3,334286741.4373876,226742
7732,uttar pradesh,mainpuri ,2019,3,380174278.0983307,237130
7733,uttar pradesh,kanpur dehat ,2019,3,360771147.71278274,195248
7734,uttar pradesh,jaunpur ,2019,3,1333195631.6065032,757706
7735,uttar pradesh,kaushambi ,2019,3,197365010.48765758,123627
7736,uttar pradesh,hapur ,2019,3,711823379.7560599,426387
7737,uttar pradesh,hamirpur ,2019,3,232540669.92897475,141816
7738,uttar pradesh,meerut ,2019,3,2615800654.5366073,1429176
7739,uttar pradesh,mathura ,2019,3,1539891481.5430467,860755
7740,uttar pradesh,hitrakoot ,2019,3,170002948.8446023,92093
7741,uttar pradesh,lalitpur ,2019,3,320830007.8896627,200629
7742,uttar pradesh,mau ,2019,3,508132593.4963125,289175
7743,uttar pradesh,mirzapur ,2019,3,604811367.0486603,370018
7744,uttar pradesh,bulandshahr ,2019,3,1181078745.5521696,661182
7745,uttar pradesh,gonda ,2019,3,882626251.478508,395791
7746,uttar pradesh,jhansi ,2019,3,1431255309.32276,811098
7747,uttar pradesh,handauli ,2019,3,552232588.7462204,335261
7748,uttar pradesh,bhadohi ,2019,3,384878660.8586165,254395
7749,uttar pradesh,pratapgarh ,2019,3,643587970.4904829,377704
7750,uttar pradesh,aharanpur ,2019,3,1432305061.8914812,872438
7751,uttar pradesh,bara banki ,2019,3,565012757.3761901,393903
7752,uttar pradesh,bareilly ,2019,3,1630271295.8342814,1164660
7753,uttar pradesh,apur ,2019,3,584813456.8124702,536281
7754,uttar pradesh,ultanpur ,2019,3,624816515.2277038,368309
7755,uttar pradesh,agra ,2019,3,2589010631.0242796,1678565
7756,uttar pradesh,fatehpur ,2019,3,362244820.75375307,217086
7757,uttar pradesh,ae bareli ,2019,3,534436240.9415308,302109
7758,uttar pradesh,firozabad ,2019,3,634458695.8221478,440487
7759,uttar pradesh,kheri ,2019,3,600146322.8212832,477249
7760,uttar pradesh,gorakhpur ,2019,3,2600290226.3257475,1301866
7761,uttar pradesh,unnao ,2019,3,503877920.0297375,356473
7762,uttar pradesh,prayagraj ,2019,3,4091292783.6421504,2766837
7763,uttar pradesh,onbhadra ,2019,3,829425996.8621877,419238
7764,uttar pradesh,ghazipur ,2019,3,1046180128.5320454,582438
7765,uttar pradesh,farrukhabad ,2019,3,416393130.76567614,254048
7766,uttar pradesh,kannauj ,2019,3,322378590.14869845,202155
7767,uttar pradesh,azamgarh ,2019,3,1166995387.2236562,614200
7768,uttar pradesh,ayodhya ,2019,3,840285142.6835718,460000
7769,uttar pradesh,eoria ,2019,3,1159986105.432581,630682
7770,uttar pradesh,ghaziabad ,2019,3,8384891301.42561,6466390
7771,uttar pradesh,amethi ,2019,2,451554167.6923269,266904
7772,uttar pradesh,harthnagar ,2019,2,894965280.8870137,310255
7773,uttar pradesh,auraiya ,2019,2,355103136.4210352,187035
7774,uttar pradesh,ambhal ,2019,2,332684806.1640546,140505
7775,uttar pradesh,kanpur nagar ,2019,2,4421750497.07041,2572884
7776,uttar pradesh,aligarh ,2019,2,1206838766.035463,636744
7777,uttar pradesh,mahoba ,2019,2,176742462.52018404,88311
7778,uttar pradesh,lucknow ,2019,2,22426462674.94428,12624404
7779,uttar pradesh,ant kabeer nagar ,2019,2,592340368.2448161,235516
7780,uttar pradesh,hathras ,2019,2,315837612.6668841,165078
7781,uttar pradesh,budaun ,2019,2,352038721.46108484,192308
7782,uttar pradesh,moradabad ,2019,2,957026959.7072669,408045
7783,uttar pradesh,kushinagar ,2019,2,1682457442.3442822,791535
7784,uttar pradesh,baghpat ,2019,2,500645573.63814473,230331
7785,uttar pradesh,hahjahanpur ,2019,2,445041438.19809544,263493
7786,uttar pradesh,muzaffarnagar ,2019,2,826260658.1173649,376962
7787,uttar pradesh,ambedkar nagar ,2019,2,581590905.8951519,368546
7788,uttar pradesh,bahraich ,2019,2,479908955.7090823,219659
7789,uttar pradesh,jalaun ,2019,2,402494738.83459663,211738
7790,uttar pradesh,ampur ,2019,2,422959618.6737788,228551
7791,uttar pradesh,ballia ,2019,2,1035719450.4146695,547294
7792,uttar pradesh,hravasti ,2019,2,113684795.79887383,59054
7793,uttar pradesh,kasganj ,2019,2,193472365.375418,111076
7794,uttar pradesh,varanasi ,2019,2,3382380917.5993013,2098693
7795,uttar pradesh,gautam buddha nagar ,2019,2,10716810453.722048,9667218
7796,uttar pradesh,basti ,2019,2,927574165.0597105,389946
7797,uttar pradesh,hamli ,2019,2,364131458.5697053,155157
7798,uttar pradesh,maharajganj ,2019,2,876340120.0847826,478890
7799,uttar pradesh,etawah ,2019,2,403035193.20454574,215576
7800,uttar pradesh,etah ,2019,2,280149577.1676371,138846
7801,uttar pradesh,banda ,2019,2,254375614.87611157,157420
7802,uttar pradesh,bijnor ,2019,2,784443552.2939653,379866
7803,uttar pradesh,hardoi ,2019,2,411747383.496356,259447
7804,uttar pradesh,balrampur ,2019,2,439935664.9954252,146778
7805,uttar pradesh,amroha ,2019,2,455744026.94157046,206435
7806,uttar pradesh,pilibhit ,2019,2,310108647.3499657,236078
7807,uttar pradesh,mainpuri ,2019,2,323456005.6560243,197750
7808,uttar pradesh,kanpur dehat ,2019,2,319748875.88976467,165783
7809,uttar pradesh,jaunpur ,2019,2,1547948139.9351149,786691
7810,uttar pradesh,kaushambi ,2019,2,181710683.35481194,97533
7811,uttar pradesh,hapur ,2019,2,596535269.5005661,330314
7812,uttar pradesh,hamirpur ,2019,2,239592146.05533352,130925
7813,uttar pradesh,meerut ,2019,2,2212165528.988115,1123899
7814,uttar pradesh,mathura ,2019,2,1213007841.9239175,610141
7815,uttar pradesh,hitrakoot ,2019,2,159972561.27380335,83083
7816,uttar pradesh,lalitpur ,2019,2,299432267.8582648,185877
7817,uttar pradesh,mau ,2019,2,541874420.758134,308586
7818,uttar pradesh,mirzapur ,2019,2,595094512.5136702,338746
7819,uttar pradesh,bulandshahr ,2019,2,1017739201.5246234,498918
7820,uttar pradesh,gonda ,2019,2,922942819.2342424,335254
7821,uttar pradesh,jhansi ,2019,2,1234386137.5550594,628279
7822,uttar pradesh,handauli ,2019,2,538498073.4868242,331329
7823,uttar pradesh,bhadohi ,2019,2,411685597.86702055,250504
7824,uttar pradesh,pratapgarh ,2019,2,673178075.8116037,362782
7825,uttar pradesh,aharanpur ,2019,2,1197548161.8863935,609666
7826,uttar pradesh,bara banki ,2019,2,502225831.0034278,318729
7827,uttar pradesh,bareilly ,2019,2,1444372593.85735,893059
7828,uttar pradesh,apur ,2019,2,513060347.75399524,363567
7829,uttar pradesh,ultanpur ,2019,2,668113450.638437,381974
7830,uttar pradesh,agra ,2019,2,2048417269.886173,1094456
7831,uttar pradesh,fatehpur ,2019,2,356762072.1709555,188877
7832,uttar pradesh,ae bareli ,2019,2,476603525.16169524,273258
7833,uttar pradesh,firozabad ,2019,2,530230873.49751854,279459
7834,uttar pradesh,kheri ,2019,2,569150953.1782918,416412
7835,uttar pradesh,gorakhpur ,2019,2,2516446619.5934477,1168931
7836,uttar pradesh,unnao ,2019,2,436025008.4026351,260465
7837,uttar pradesh,prayagraj ,2019,2,3610973840.451373,2300600
7838,uttar pradesh,onbhadra ,2019,2,758680516.998383,383509
7839,uttar pradesh,ghazipur ,2019,2,1140075904.2154357,616075
7840,uttar pradesh,farrukhabad ,2019,2,349337598.8037064,188426
7841,uttar pradesh,kannauj ,2019,2,280784087.0344801,205350
7842,uttar pradesh,azamgarh ,2019,2,1270821808.341103,643099
7843,uttar pradesh,ayodhya ,2019,2,791220563.4340049,443014
7844,uttar pradesh,eoria ,2019,2,1284414150.0011582,642443
7845,uttar pradesh,ghaziabad ,2019,2,6368927863.001434,4679159
7846,uttar pradesh,amethi ,2023,4,15771178705.0,9696880
7847,uttar pradesh,harthnagar ,2023,4,22514436041.0,13077059
7848,uttar pradesh,auraiya ,2023,4,12836841890.0,8132187
7849,uttar pradesh,ambhal ,2023,4,21189163904.0,12186917
7850,uttar pradesh,kanpur nagar ,2023,4,63027281450.0,40739887
7851,uttar pradesh,aligarh ,2023,4,50560955573.0,34908018
7852,uttar pradesh,mahoba ,2023,4,7464755157.0,5153363
7853,uttar pradesh,lucknow ,2023,4,116432620092.0,94286078
7854,uttar pradesh,ant kabeer nagar ,2023,4,14282806448.0,7908428
7855,uttar pradesh,hathras ,2023,4,16568240906.0,10806028
7856,uttar pradesh,budaun ,2023,4,19774378337.0,12153228
7857,uttar pradesh,moradabad ,2023,4,43244485670.0,25427576
7858,uttar pradesh,kushinagar ,2023,4,39511251976.0,24836644
7859,uttar pradesh,baghpat ,2023,4,18514024558.0,12414463
7860,uttar pradesh,hahjahanpur ,2023,4,17975894063.0,10472991
7861,uttar pradesh,muzaffarnagar ,2023,4,37726739415.0,24571235
7862,uttar pradesh,ambedkar nagar ,2023,4,17413003948.0,10948053
7863,uttar pradesh,bahraich ,2023,4,16306416557.0,9700133
7864,uttar pradesh,jalaun ,2023,4,17235016349.0,10854240
7865,uttar pradesh,ampur ,2023,4,23584089509.0,13278999
7866,uttar pradesh,ballia ,2023,4,31934876924.0,20688105
7867,uttar pradesh,hravasti ,2023,4,3426405218.0,2084142
7868,uttar pradesh,kasganj ,2023,4,10507819738.0,6970110
7869,uttar pradesh,varanasi ,2023,4,61044459325.0,41191261
7870,uttar pradesh,gautam buddha nagar ,2023,4,180306500632.0,192419424
7871,uttar pradesh,basti ,2023,4,23458570437.0,13984275
7872,uttar pradesh,hamli ,2023,4,18158601136.0,11998267
7873,uttar pradesh,maharajganj ,2023,4,20539065105.0,12669842
7874,uttar pradesh,etawah ,2023,4,17852700582.0,11558956
7875,uttar pradesh,etah ,2023,4,15470618986.0,10226321
7876,uttar pradesh,banda ,2023,4,9384721916.0,5808516
7877,uttar pradesh,bijnor ,2023,4,32636931617.0,19613780
7878,uttar pradesh,hardoi ,2023,4,17360012414.0,10301438
7879,uttar pradesh,balrampur ,2023,4,11263677464.0,7132498
7880,uttar pradesh,amroha ,2023,4,24895677439.0,15101323
7881,uttar pradesh,pilibhit ,2023,4,12881923897.0,7830821
7882,uttar pradesh,mainpuri ,2023,4,18240760527.0,12272809
7883,uttar pradesh,kanpur dehat ,2023,4,14021024806.0,7980255
7884,uttar pradesh,jaunpur ,2023,4,35394101352.0,22374909
7885,uttar pradesh,kaushambi ,2023,4,8259669056.0,4514683
7886,uttar pradesh,hapur ,2023,4,23322548391.0,16521483
7887,uttar pradesh,hamirpur ,2023,4,8981183053.0,5565830
7888,uttar pradesh,meerut ,2023,4,61931474558.0,39690199
7889,uttar pradesh,mathura ,2023,4,52304594604.0,36556146
7890,uttar pradesh,hitrakoot ,2023,4,6243577459.0,3719150
7891,uttar pradesh,lalitpur ,2023,4,10861672246.0,8321383
7892,uttar pradesh,mau ,2023,4,18051271948.0,12417948
7893,uttar pradesh,mirzapur ,2023,4,17522089461.0,10566225
7894,uttar pradesh,bulandshahr ,2023,4,43028193777.0,30419198
7895,uttar pradesh,gonda ,2023,4,22791849037.0,13427355
7896,uttar pradesh,jhansi ,2023,4,36520281325.0,23181649
7897,uttar pradesh,handauli ,2023,4,17789244404.0,11521681
7898,uttar pradesh,bhadohi ,2023,4,9028359640.0,6344717
7899,uttar pradesh,pratapgarh ,2023,4,21950773948.0,14239019
7900,uttar pradesh,aharanpur ,2023,4,52345972335.0,33061307
7901,uttar pradesh,bara banki ,2023,4,18110232551.0,12159311
7902,uttar pradesh,bareilly ,2023,4,51363264728.0,31014139
7903,uttar pradesh,apur ,2023,4,16830232878.0,10629781
7904,uttar pradesh,ultanpur ,2023,4,17699097404.0,11521236
7905,uttar pradesh,agra ,2023,4,73637151813.0,47863910
7906,uttar pradesh,fatehpur ,2023,4,13262586384.0,7377256
7907,uttar pradesh,ae bareli ,2023,4,14811424845.0,9092299
7908,uttar pradesh,firozabad ,2023,4,26864128768.0,17591181
7909,uttar pradesh,kheri ,2023,4,18776847381.0,12848818
7910,uttar pradesh,gorakhpur ,2023,4,56620739017.0,35512032
7911,uttar pradesh,unnao ,2023,4,14830557684.0,8738927
7912,uttar pradesh,prayagraj ,2023,4,66103195627.0,52219466
7913,uttar pradesh,onbhadra ,2023,4,21329005444.0,14696438
7914,uttar pradesh,ghazipur ,2023,4,32313115880.0,20814351
7915,uttar pradesh,farrukhabad ,2023,4,15192017305.0,10361848
7916,uttar pradesh,kannauj ,2023,4,13013838319.0,8742307
7917,uttar pradesh,azamgarh ,2023,4,37905479186.0,24396854
7918,uttar pradesh,ayodhya ,2023,4,24734208644.0,15676563
7919,uttar pradesh,eoria ,2023,4,32552511648.0,21990611
7920,uttar pradesh,ghaziabad ,2023,4,129846740841.0,99630622
7921,uttar pradesh,amethi ,2023,1,11343790511.0,5961498
7922,uttar pradesh,harthnagar ,2023,1,16316077462.0,7752834
7923,uttar pradesh,auraiya ,2023,1,8923706058.0,4984284
7924,uttar pradesh,ambhal ,2023,1,14916420762.0,7158441
7925,uttar pradesh,kanpur nagar ,2023,1,47822572131.0,28577522
7926,uttar pradesh,aligarh ,2023,1,34962351202.0,21244175
7927,uttar pradesh,mahoba ,2023,1,5209877748.0,3118365
7928,uttar pradesh,lucknow ,2023,1,87840979618.0,65525552
7929,uttar pradesh,ant kabeer nagar ,2023,1,10245272882.0,4838926
7930,uttar pradesh,hathras ,2023,1,11567764058.0,6558864
7931,uttar pradesh,budaun ,2023,1,13516992144.0,7286602
7932,uttar pradesh,moradabad ,2023,1,30387362849.0,15233399
7933,uttar pradesh,kushinagar ,2023,1,28670939423.0,15096918
7934,uttar pradesh,baghpat ,2023,1,13265456447.0,7914960
7935,uttar pradesh,hahjahanpur ,2023,1,12391540415.0,6433538
7936,uttar pradesh,muzaffarnagar ,2023,1,26612542553.0,15311397
7937,uttar pradesh,ambedkar nagar ,2023,1,12783312352.0,6851200
7938,uttar pradesh,bahraich ,2023,1,11814495968.0,5970955
7939,uttar pradesh,jalaun ,2023,1,11933842616.0,6537936
7940,uttar pradesh,ampur ,2023,1,16285039729.0,7934592
7941,uttar pradesh,ballia ,2023,1,22646779756.0,12616857
7942,uttar pradesh,hravasti ,2023,1,2696317287.0,1383857
7943,uttar pradesh,kasganj ,2023,1,7186060231.0,4005527
7944,uttar pradesh,varanasi ,2023,1,45388936309.0,27637995
7945,uttar pradesh,gautam buddha nagar ,2023,1,135979906082.0,130607154
7946,uttar pradesh,basti ,2023,1,17847024048.0,8664930
7947,uttar pradesh,hamli ,2023,1,12148896739.0,7177159
7948,uttar pradesh,maharajganj ,2023,1,15313343482.0,7636380
7949,uttar pradesh,etawah ,2023,1,12873525303.0,7430069
7950,uttar pradesh,etah ,2023,1,10756828948.0,6208231
7951,uttar pradesh,banda ,2023,1,6359652496.0,3443145
7952,uttar pradesh,bijnor ,2023,1,22807885387.0,11960010
7953,uttar pradesh,hardoi ,2023,1,12500189718.0,6421343
7954,uttar pradesh,balrampur ,2023,1,8577884331.0,4166268
7955,uttar pradesh,amroha ,2023,1,17541720701.0,9090711
7956,uttar pradesh,pilibhit ,2023,1,9049813654.0,4812320
7957,uttar pradesh,mainpuri ,2023,1,12931357517.0,7361027
7958,uttar pradesh,kanpur dehat ,2023,1,9922108975.0,5012235
7959,uttar pradesh,jaunpur ,2023,1,25971299175.0,14343164
7960,uttar pradesh,kaushambi ,2023,1,5755470923.0,2787802
7961,uttar pradesh,hapur ,2023,1,16612157281.0,10585117
7962,uttar pradesh,hamirpur ,2023,1,5996022154.0,3276584
7963,uttar pradesh,meerut ,2023,1,44514485441.0,25600912
7964,uttar pradesh,mathura ,2023,1,35663288960.0,22349552
7965,uttar pradesh,hitrakoot ,2023,1,4650580538.0,2255473
7966,uttar pradesh,lalitpur ,2023,1,7822838386.0,5472705
7967,uttar pradesh,mau ,2023,1,12560931984.0,7370574
7968,uttar pradesh,mirzapur ,2023,1,13777718359.0,6972475
7969,uttar pradesh,bulandshahr ,2023,1,30404462514.0,19039754
7970,uttar pradesh,gonda ,2023,1,17414864253.0,8382178
7971,uttar pradesh,jhansi ,2023,1,26828965660.0,15316806
7972,uttar pradesh,handauli ,2023,1,13814185157.0,7205125
7973,uttar pradesh,bhadohi ,2023,1,6970878997.0,4201417
7974,uttar pradesh,pratapgarh ,2023,1,15812489869.0,8675145
7975,uttar pradesh,aharanpur ,2023,1,36646785826.0,20759554
7976,uttar pradesh,bara banki ,2023,1,13133827247.0,7642536
7977,uttar pradesh,bareilly ,2023,1,35888691460.0,19380259
7978,uttar pradesh,apur ,2023,1,12062192982.0,6562289
7979,uttar pradesh,ultanpur ,2023,1,13066867474.0,7173044
7980,uttar pradesh,agra ,2023,1,52433820121.0,30391351
7981,uttar pradesh,fatehpur ,2023,1,9408587373.0,4720461
7982,uttar pradesh,ae bareli ,2023,1,10808328170.0,5874136
7983,uttar pradesh,firozabad ,2023,1,19087904212.0,10785539
7984,uttar pradesh,kheri ,2023,1,12827142787.0,7427060
7985,uttar pradesh,gorakhpur ,2023,1,41547143859.0,22422173
7986,uttar pradesh,unnao ,2023,1,10919545680.0,5685592
7987,uttar pradesh,prayagraj ,2023,1,49998377066.0,35080059
7988,uttar pradesh,onbhadra ,2023,1,15812948826.0,9247084
7989,uttar pradesh,ghazipur ,2023,1,23414010895.0,12794626
7990,uttar pradesh,farrukhabad ,2023,1,10868289280.0,6465058
7991,uttar pradesh,kannauj ,2023,1,9239538762.0,5501989
7992,uttar pradesh,azamgarh ,2023,1,26641884888.0,14685133
7993,uttar pradesh,ayodhya ,2023,1,17947276402.0,9751943
7994,uttar pradesh,eoria ,2023,1,23235721984.0,13509460
7995,uttar pradesh,ghaziabad ,2023,1,98038172535.0,66936417
7996,uttar pradesh,amethi ,2023,3,12354227313.0,8086389
7997,uttar pradesh,harthnagar ,2023,3,18258814977.0,10592954
7998,uttar pradesh,auraiya ,2023,3,10066874399.0,6803136
7999,uttar pradesh,ambhal ,2023,3,16268294603.0,9937139
8000,uttar pradesh,kanpur nagar ,2023,3,54129176816.0,36784059
8001,uttar pradesh,aligarh ,2023,3,40704039818.0,29395928
8002,uttar pradesh,mahoba ,2023,3,6088081451.0,4406461
8003,uttar pradesh,lucknow ,2023,3,103457346131.0,86168998
8004,uttar pradesh,ant kabeer nagar ,2023,3,11245497213.0,6408932
8005,uttar pradesh,hathras ,2023,3,13121618036.0,8977779
8006,uttar pradesh,budaun ,2023,3,15235680616.0,9951565
8007,uttar pradesh,moradabad ,2023,3,34383288998.0,21321425
8008,uttar pradesh,kushinagar ,2023,3,31790497192.0,19784076
8009,uttar pradesh,baghpat ,2023,3,15082757846.0,10742055
8010,uttar pradesh,hahjahanpur ,2023,3,13970176561.0,8699201
8011,uttar pradesh,muzaffarnagar ,2023,3,30529799419.0,21317017
8012,uttar pradesh,ambedkar nagar ,2023,3,13613045742.0,9024789
8013,uttar pradesh,bahraich ,2023,3,13217560846.0,8180066
8014,uttar pradesh,jalaun ,2023,3,13188119146.0,8963743
8015,uttar pradesh,ampur ,2023,3,18303690000.0,11152828
8016,uttar pradesh,ballia ,2023,3,23791412548.0,15885877
8017,uttar pradesh,hravasti ,2023,3,2943014582.0,1824248
8018,uttar pradesh,kasganj ,2023,3,8460320614.0,5748778
8019,uttar pradesh,varanasi ,2023,3,51945207590.0,36947014
8020,uttar pradesh,gautam buddha nagar ,2023,3,164910883457.0,180450033
8021,uttar pradesh,basti ,2023,3,19267039880.0,11493498
8022,uttar pradesh,hamli ,2023,3,14679972571.0,10302589
8023,uttar pradesh,maharajganj ,2023,3,16826012173.0,10030096
8024,uttar pradesh,etawah ,2023,3,14083851630.0,9939074
8025,uttar pradesh,etah ,2023,3,12229499717.0,8526631
8026,uttar pradesh,banda ,2023,3,7199362028.0,4638722
8027,uttar pradesh,bijnor ,2023,3,26023457716.0,16802206
8028,uttar pradesh,hardoi ,2023,3,13952325039.0,8667477
8029,uttar pradesh,balrampur ,2023,3,9287122470.0,5760587
8030,uttar pradesh,amroha ,2023,3,20580345805.0,12938726
8031,uttar pradesh,pilibhit ,2023,3,10037923869.0,6520266
8032,uttar pradesh,mainpuri ,2023,3,14417359777.0,10246159
8033,uttar pradesh,kanpur dehat ,2023,3,10836524103.0,6742968
8034,uttar pradesh,jaunpur ,2023,3,27990952075.0,18433249
8035,uttar pradesh,kaushambi ,2023,3,6366323066.0,3737674
8036,uttar pradesh,hapur ,2023,3,19056774302.0,14169402
8037,uttar pradesh,hamirpur ,2023,3,6856798867.0,4622930
8038,uttar pradesh,meerut ,2023,3,51158129419.0,34303179
8039,uttar pradesh,mathura ,2023,3,44180537058.0,32732371
8040,uttar pradesh,hitrakoot ,2023,3,5017518961.0,3058212
8041,uttar pradesh,lalitpur ,2023,3,9279179645.0,7400717
8042,uttar pradesh,mau ,2023,3,13946388160.0,9869512
8043,uttar pradesh,mirzapur ,2023,3,14303665550.0,8888658
8044,uttar pradesh,bulandshahr ,2023,3,34386865423.0,25680664
8045,uttar pradesh,gonda ,2023,3,18517549508.0,10988368
8046,uttar pradesh,jhansi ,2023,3,31185894811.0,20578258
8047,uttar pradesh,handauli ,2023,3,14623721038.0,9441266
8048,uttar pradesh,bhadohi ,2023,3,7186397201.0,5225031
8049,uttar pradesh,pratapgarh ,2023,3,17228978176.0,11571041
8050,uttar pradesh,aharanpur ,2023,3,42732921955.0,28540072
8051,uttar pradesh,bara banki ,2023,3,14607328158.0,10365090
8052,uttar pradesh,bareilly ,2023,3,40649328734.0,26498343
8053,uttar pradesh,apur ,2023,3,13440833829.0,9029994
8054,uttar pradesh,ultanpur ,2023,3,13912934464.0,9552073
8055,uttar pradesh,agra ,2023,3,60724548821.0,41540299
8056,uttar pradesh,fatehpur ,2023,3,10239500989.0,6101698
8057,uttar pradesh,ae bareli ,2023,3,11962135292.0,7785296
8058,uttar pradesh,firozabad ,2023,3,21560336582.0,14667159
8059,uttar pradesh,kheri ,2023,3,14455601868.0,10504969
8060,uttar pradesh,gorakhpur ,2023,3,47279353029.0,29832994
8061,uttar pradesh,unnao ,2023,3,12163858512.0,7482192
8062,uttar pradesh,prayagraj ,2023,3,55169169118.0,46007458
8063,uttar pradesh,onbhadra ,2023,3,17480506028.0,12398278
8064,uttar pradesh,ghazipur ,2023,3,24837821793.0,16655655
8065,uttar pradesh,farrukhabad ,2023,3,12215467151.0,8560707
8066,uttar pradesh,kannauj ,2023,3,10431106882.0,7343939
8067,uttar pradesh,azamgarh ,2023,3,29866087733.0,19843097
8068,uttar pradesh,ayodhya ,2023,3,19998634564.0,13231808
8069,uttar pradesh,eoria ,2023,3,25569137356.0,17506850
8070,uttar pradesh,ghaziabad ,2023,3,114685853196.0,90310474
8071,uttar pradesh,amethi ,2023,2,12826816498.0,7435760
8072,uttar pradesh,harthnagar ,2023,2,20769557669.0,10401429
8073,uttar pradesh,auraiya ,2023,2,9963269893.0,6051986
8074,uttar pradesh,ambhal ,2023,2,15948872847.0,8572592
8075,uttar pradesh,kanpur nagar ,2023,2,52168272566.0,33104317
8076,uttar pradesh,aligarh ,2023,2,38972342149.0,25463709
8077,uttar pradesh,mahoba ,2023,2,6128049892.0,3927869
8078,uttar pradesh,lucknow ,2023,2,96742551859.0,75332865
8079,uttar pradesh,ant kabeer nagar ,2023,2,12461224425.0,6394228
8080,uttar pradesh,hathras ,2023,2,12687217716.0,7894988
8081,uttar pradesh,budaun ,2023,2,15113486593.0,8691555
8082,uttar pradesh,moradabad ,2023,2,32713760318.0,18668550
8083,uttar pradesh,kushinagar ,2023,2,33522874126.0,18918372
8084,uttar pradesh,baghpat ,2023,2,14263840923.0,9453650
8085,uttar pradesh,hahjahanpur ,2023,2,13637851228.0,7579569
8086,uttar pradesh,muzaffarnagar ,2023,2,29265040709.0,18555273
8087,uttar pradesh,ambedkar nagar ,2023,2,14340886915.0,8461522
8088,uttar pradesh,bahraich ,2023,2,13292602002.0,7146721
8089,uttar pradesh,jalaun ,2023,2,13970779719.0,8154743
8090,uttar pradesh,ampur ,2023,2,18063527486.0,9904470
8091,uttar pradesh,ballia ,2023,2,26239312075.0,15575269
8092,uttar pradesh,hravasti ,2023,2,3062025436.0,1647097
8093,uttar pradesh,kasganj ,2023,2,8147954465.0,4976741
8094,uttar pradesh,varanasi ,2023,2,51653036301.0,32929066
8095,uttar pradesh,gautam buddha nagar ,2023,2,150948217823.0,157681545
8096,uttar pradesh,basti ,2023,2,21058554490.0,11149140
8097,uttar pradesh,hamli ,2023,2,13554235262.0,8662459
8098,uttar pradesh,maharajganj ,2023,2,17619945215.0,9712982
8099,uttar pradesh,etawah ,2023,2,13909403405.0,8731680
8100,uttar pradesh,etah ,2023,2,11581042360.0,7390577
8101,uttar pradesh,banda ,2023,2,7586285145.0,4252345
8102,uttar pradesh,bijnor ,2023,2,25254129609.0,14646315
8103,uttar pradesh,hardoi ,2023,2,13972422475.0,7774133
8104,uttar pradesh,balrampur ,2023,2,10663240209.0,5583633
8105,uttar pradesh,amroha ,2023,2,19222004163.0,11164432
8106,uttar pradesh,pilibhit ,2023,2,9663111550.0,5695025
8107,uttar pradesh,mainpuri ,2023,2,13857701893.0,8959589
8108,uttar pradesh,kanpur dehat ,2023,2,10963762111.0,6113430
8109,uttar pradesh,jaunpur ,2023,2,32568692540.0,18693715
8110,uttar pradesh,kaushambi ,2023,2,6445881904.0,3352828
8111,uttar pradesh,hapur ,2023,2,18230077976.0,12629748
8112,uttar pradesh,hamirpur ,2023,2,7288530293.0,4225264
8113,uttar pradesh,meerut ,2023,2,48422446534.0,30318321
8114,uttar pradesh,mathura ,2023,2,40577938266.0,27350787
8115,uttar pradesh,hitrakoot ,2023,2,5205567631.0,2746335
8116,uttar pradesh,lalitpur ,2023,2,8963882100.0,6148725
8117,uttar pradesh,mau ,2023,2,15173658857.0,9476259
8118,uttar pradesh,mirzapur ,2023,2,15284693867.0,8321491
8119,uttar pradesh,bulandshahr ,2023,2,33193569663.0,22808130
8120,uttar pradesh,gonda ,2023,2,19916293579.0,10344167
8121,uttar pradesh,jhansi ,2023,2,30191331143.0,17879788
8122,uttar pradesh,handauli ,2023,2,15704965541.0,8811577
8123,uttar pradesh,bhadohi ,2023,2,8487381163.0,5392116
8124,uttar pradesh,pratapgarh ,2023,2,18787033594.0,11129842
8125,uttar pradesh,aharanpur ,2023,2,39798953640.0,24432197
8126,uttar pradesh,bara banki ,2023,2,14437701723.0,9190723
8127,uttar pradesh,bareilly ,2023,2,38831901761.0,23101650
8128,uttar pradesh,apur ,2023,2,13173196424.0,7735557
8129,uttar pradesh,ultanpur ,2023,2,14911350509.0,8940483
8130,uttar pradesh,agra ,2023,2,57518188065.0,36064514
8131,uttar pradesh,fatehpur ,2023,2,10468378567.0,5645493
8132,uttar pradesh,ae bareli ,2023,2,11873833557.0,7100125
8133,uttar pradesh,firozabad ,2023,2,20477051175.0,12711048
8134,uttar pradesh,kheri ,2023,2,13916550662.0,8765604
8135,uttar pradesh,gorakhpur ,2023,2,48397427638.0,28202448
8136,uttar pradesh,unnao ,2023,2,12499964402.0,7011801
8137,uttar pradesh,prayagraj ,2023,2,55619365184.0,41130090
8138,uttar pradesh,onbhadra ,2023,2,17530119599.0,10986654
8139,uttar pradesh,ghazipur ,2023,2,27636261422.0,16183257
8140,uttar pradesh,farrukhabad ,2023,2,11730347441.0,7662018
8141,uttar pradesh,kannauj ,2023,2,9963833385.0,6662317
8142,uttar pradesh,azamgarh ,2023,2,32903540424.0,19068174
8143,uttar pradesh,ayodhya ,2023,2,19559796919.0,11764115
8144,uttar pradesh,eoria ,2023,2,28160223820.0,17389365
8145,uttar pradesh,ghaziabad ,2023,2,106962936038.0,79274230
8146,uttar pradesh,amethi ,2022,4,6819192567.061985,3444475
8147,uttar pradesh,harthnagar ,2022,4,10202424989.071264,4727562
8148,uttar pradesh,auraiya ,2022,4,5450274349.752433,2918077
8149,uttar pradesh,ambhal ,2022,4,12362565334.28276,6544942
8150,uttar pradesh,kanpur nagar ,2022,4,57423578589.05291,34663083
8151,uttar pradesh,aligarh ,2022,4,30529612967.374783,18387697
8152,uttar pradesh,mahoba ,2022,4,3050135201.033023,1766307
8153,uttar pradesh,lucknow ,2022,4,214139000063.1341,142292419
8154,uttar pradesh,ant kabeer nagar ,2022,4,6462196606.472846,2882143
8155,uttar pradesh,hathras ,2022,4,7188473664.685378,3893482
8156,uttar pradesh,budaun ,2022,4,8062229833.107159,4084149
8157,uttar pradesh,moradabad ,2022,4,26349864082.25203,14376393
8158,uttar pradesh,kushinagar ,2022,4,18374587915.040844,9637631
8159,uttar pradesh,baghpat ,2022,4,8021504539.602843,4621901
8160,uttar pradesh,hahjahanpur ,2022,4,7216949139.355355,3533008
8161,uttar pradesh,muzaffarnagar ,2022,4,18257280369.21878,10385643
8162,uttar pradesh,ambedkar nagar ,2022,4,7536400403.889309,3841825
8163,uttar pradesh,bahraich ,2022,4,6697150748.133816,3291238
8164,uttar pradesh,jalaun ,2022,4,7244134438.502413,3922847
8165,uttar pradesh,ampur ,2022,4,9561413379.892298,4435920
8166,uttar pradesh,ballia ,2022,4,13942598058.608326,7504834
8167,uttar pradesh,hravasti ,2022,4,1546007534.4851248,751007
8168,uttar pradesh,kasganj ,2022,4,4206478161.5229287,2222791
8169,uttar pradesh,varanasi ,2022,4,61679282505.82438,38410576
8170,uttar pradesh,gautam buddha nagar ,2022,4,104162479492.51544,90864471
8171,uttar pradesh,basti ,2022,4,10772224394.511337,5049741
8172,uttar pradesh,hamli ,2022,4,7340883285.232732,4050283
8173,uttar pradesh,maharajganj ,2022,4,9052566439.75536,4499795
8174,uttar pradesh,etawah ,2022,4,7518249755.427232,4132165
8175,uttar pradesh,etah ,2022,4,6672266416.575811,3706283
8176,uttar pradesh,banda ,2022,4,3761386490.390836,1907632
8177,uttar pradesh,bijnor ,2022,4,30994615217.143898,19251587
8178,uttar pradesh,hardoi ,2022,4,7096807203.190807,3603602
8179,uttar pradesh,balrampur ,2022,4,5163178918.267655,2398950
8180,uttar pradesh,amroha ,2022,4,15798929465.109842,8851870
8181,uttar pradesh,pilibhit ,2022,4,6914194872.727407,3781816
8182,uttar pradesh,mainpuri ,2022,4,7688293253.971417,4184109
8183,uttar pradesh,kanpur dehat ,2022,4,5763405020.357362,2754436
8184,uttar pradesh,jaunpur ,2022,4,19324657042.479008,10432716
8185,uttar pradesh,kaushambi ,2022,4,3413786392.6063757,1541235
8186,uttar pradesh,hapur ,2022,4,13766069451.75824,8920976
8187,uttar pradesh,hamirpur ,2022,4,3691707920.211958,1900973
8188,uttar pradesh,meerut ,2022,4,49044446642.880615,30761564
8189,uttar pradesh,mathura ,2022,4,27028319737.275368,15830761
8190,uttar pradesh,hitrakoot ,2022,4,3264231485.003519,1626406
8191,uttar pradesh,lalitpur ,2022,4,4645206469.563395,3075717
8192,uttar pradesh,mau ,2022,4,7739261196.995779,4276014
8193,uttar pradesh,mirzapur ,2022,4,8163959699.659147,4086964
8194,uttar pradesh,bulandshahr ,2022,4,22109471829.79072,13478499
8195,uttar pradesh,gonda ,2022,4,10169468245.835556,4759073
8196,uttar pradesh,jhansi ,2022,4,16688563382.635557,9102937
8197,uttar pradesh,handauli ,2022,4,7814809989.158335,4019160
8198,uttar pradesh,bhadohi ,2022,4,4465521410.498842,2587761
8199,uttar pradesh,pratapgarh ,2022,4,11139366212.390135,5933441
8200,uttar pradesh,aharanpur ,2022,4,24244266615.799458,13254740
8201,uttar pradesh,bara banki ,2022,4,7547680629.874708,4192819
8202,uttar pradesh,bareilly ,2022,4,29493544220.918427,16233519
8203,uttar pradesh,apur ,2022,4,6717917688.501043,3660359
8204,uttar pradesh,ultanpur ,2022,4,7815097180.469152,4110434
8205,uttar pradesh,agra ,2022,4,46946394676.79358,27454413
8206,uttar pradesh,fatehpur ,2022,4,5706057514.952181,2722744
8207,uttar pradesh,ae bareli ,2022,4,6674747738.927467,3521807
8208,uttar pradesh,firozabad ,2022,4,11499824777.779259,6228033
8209,uttar pradesh,kheri ,2022,4,7458379965.986659,4247415
8210,uttar pradesh,gorakhpur ,2022,4,27611144017.71117,14507343
8211,uttar pradesh,unnao ,2022,4,6806080032.429721,3381869
8212,uttar pradesh,prayagraj ,2022,4,40737923540.02559,27038499
8213,uttar pradesh,onbhadra ,2022,4,9495684428.429234,5363864
8214,uttar pradesh,ghazipur ,2022,4,14441203982.541756,7599135
8215,uttar pradesh,farrukhabad ,2022,4,6339855834.112715,3604416
8216,uttar pradesh,kannauj ,2022,4,5447598887.554849,3110426
8217,uttar pradesh,azamgarh ,2022,4,19173829433.415684,10311457
8218,uttar pradesh,ayodhya ,2022,4,11075689616.292486,5827957
8219,uttar pradesh,eoria ,2022,4,14320673159.489529,7891884
8220,uttar pradesh,ghaziabad ,2022,4,73333545352.23656,48195051
8221,uttar pradesh,amethi ,2022,1,4949433384.917047,2281603
8222,uttar pradesh,harthnagar ,2022,1,7877047599.021046,2766216
8223,uttar pradesh,auraiya ,2022,1,3924566144.591461,1869183
8224,uttar pradesh,ambhal ,2022,1,5793794917.485758,2241547
8225,uttar pradesh,kanpur nagar ,2022,1,27612832763.662388,14902263
8226,uttar pradesh,aligarh ,2022,1,17226202534.103092,9297702
8227,uttar pradesh,mahoba ,2022,1,2091213800.799283,1061513
8228,uttar pradesh,lucknow ,2022,1,132456458141.91397,79740953
8229,uttar pradesh,ant kabeer nagar ,2022,1,5006053011.635339,1809298
8230,uttar pradesh,hathras ,2022,1,4961032408.739348,2544994
8231,uttar pradesh,budaun ,2022,1,5559989020.570245,2468101
8232,uttar pradesh,moradabad ,2022,1,13797959505.415762,5872116
8233,uttar pradesh,kushinagar ,2022,1,13826323901.960476,5920919
8234,uttar pradesh,baghpat ,2022,1,6015343104.730775,3134912
8235,uttar pradesh,hahjahanpur ,2022,1,5179819610.987305,2362316
8236,uttar pradesh,muzaffarnagar ,2022,1,11224151774.398146,5528162
8237,uttar pradesh,ambedkar nagar ,2022,1,5657979802.905907,2576776
8238,uttar pradesh,bahraich ,2022,1,4932405539.104585,2051767
8239,uttar pradesh,jalaun ,2022,1,5106027896.444149,2461314
8240,uttar pradesh,ampur ,2022,1,6552422185.85049,2679287
8241,uttar pradesh,ballia ,2022,1,10089387420.30872,4663445
8242,uttar pradesh,hravasti ,2022,1,1276881399.3167756,513337
8243,uttar pradesh,kasganj ,2022,1,3098648302.6837435,1490664
8244,uttar pradesh,varanasi ,2022,1,24155800509.84869,13246317
8245,uttar pradesh,gautam buddha nagar ,2022,1,74371363420.47154,58229149
8246,uttar pradesh,basti ,2022,1,8259872955.5138235,3171081
8247,uttar pradesh,hamli ,2022,1,4984802640.681722,2386623
8248,uttar pradesh,maharajganj ,2022,1,7443669136.4819565,2935993
8249,uttar pradesh,etawah ,2022,1,5450090057.698875,2818952
8250,uttar pradesh,etah ,2022,1,4658353697.005914,2222233
8251,uttar pradesh,banda ,2022,1,2827317393.902899,1285406
8252,uttar pradesh,bijnor ,2022,1,10094430397.120468,4556385
8253,uttar pradesh,hardoi ,2022,1,5226726883.148428,2397229
8254,uttar pradesh,balrampur ,2022,1,4134411039.765115,1512682
8255,uttar pradesh,amroha ,2022,1,7348977786.046396,3166176
8256,uttar pradesh,pilibhit ,2022,1,3775699005.524225,1699024
8257,uttar pradesh,mainpuri ,2022,1,5379603826.633483,2658572
8258,uttar pradesh,kanpur dehat ,2022,1,4333786308.7505665,1942905
8259,uttar pradesh,jaunpur ,2022,1,12339786015.769125,5732078
8260,uttar pradesh,kaushambi ,2022,1,2603044267.9469123,1055821
8261,uttar pradesh,hapur ,2022,1,7654942019.249874,4252516
8262,uttar pradesh,hamirpur ,2022,1,2605323820.859616,1194334
8263,uttar pradesh,meerut ,2022,1,32377627599.030327,17966278
8264,uttar pradesh,mathura ,2022,1,15609347409.960985,8531094
8265,uttar pradesh,hitrakoot ,2022,1,2022569945.2552247,826329
8266,uttar pradesh,lalitpur ,2022,1,3579385466.472417,2194300
8267,uttar pradesh,mau ,2022,1,5613834666.8432665,2612859
8268,uttar pradesh,mirzapur ,2022,1,6207427422.506447,2688423
8269,uttar pradesh,bulandshahr ,2022,1,13317537041.872564,7126702
8270,uttar pradesh,gonda ,2022,1,7859357685.401491,2976378
8271,uttar pradesh,jhansi ,2022,1,12113931735.840141,6222605
8272,uttar pradesh,handauli ,2022,1,6268851772.096302,2767958
8273,uttar pradesh,bhadohi ,2022,1,3521596144.3676004,1857253
8274,uttar pradesh,pratapgarh ,2022,1,7530816848.558338,3485721
8275,uttar pradesh,aharanpur ,2022,1,17060963965.718029,8505967
8276,uttar pradesh,bara banki ,2022,1,5554049119.497407,2756907
8277,uttar pradesh,bareilly ,2022,1,15645590197.23569,7495930
8278,uttar pradesh,apur ,2022,1,5121772109.367386,2509828
8279,uttar pradesh,ultanpur ,2022,1,5988109959.726221,2804118
8280,uttar pradesh,agra ,2022,1,26233858697.697464,14010919
8281,uttar pradesh,fatehpur ,2022,1,4216035473.7059484,1866980
8282,uttar pradesh,ae bareli ,2022,1,5135560611.621827,2423540
8283,uttar pradesh,firozabad ,2022,1,8358523538.127422,4214293
8284,uttar pradesh,kheri ,2022,1,5374427624.271145,2681909
8285,uttar pradesh,gorakhpur ,2022,1,22861881939.64662,10758812
8286,uttar pradesh,unnao ,2022,1,4791095600.660578,2255883
8287,uttar pradesh,prayagraj ,2022,1,28293055160.255882,16566417
8288,uttar pradesh,onbhadra ,2022,1,7460078934.126489,3610644
8289,uttar pradesh,ghazipur ,2022,1,11433036326.794239,5152181
8290,uttar pradesh,farrukhabad ,2022,1,4707314462.366316,2337305
8291,uttar pradesh,kannauj ,2022,1,3934124571.379535,1962919
8292,uttar pradesh,azamgarh ,2022,1,12390736135.18719,5659371
8293,uttar pradesh,ayodhya ,2022,1,8980632457.576317,4287723
8294,uttar pradesh,eoria ,2022,1,11125054963.23863,5184948
8295,uttar pradesh,ghaziabad ,2022,1,50571013176.649765,30948888
8296,uttar pradesh,amethi ,2022,3,5451654082.568593,2870429
8297,uttar pradesh,harthnagar ,2022,3,8487081970.528649,3800534
8298,uttar pradesh,auraiya ,2022,3,4400229340.922287,2464026
8299,uttar pradesh,ambhal ,2022,3,8330752048.920338,4460224
8300,uttar pradesh,kanpur nagar ,2022,3,42855018051.76041,26593070
8301,uttar pradesh,aligarh ,2022,3,22685286303.74517,14106419
8302,uttar pradesh,mahoba ,2022,3,2692771354.06015,1693289
8303,uttar pradesh,lucknow ,2022,3,150291038432.73062,103532277
8304,uttar pradesh,ant kabeer nagar ,2022,3,5058135106.695441,2278339
8305,uttar pradesh,hathras ,2022,3,5582134028.154053,3138294
8306,uttar pradesh,budaun ,2022,3,6827309140.921074,3645617
8307,uttar pradesh,moradabad ,2022,3,26474629769.408638,15532268
8308,uttar pradesh,kushinagar ,2022,3,14442266103.188215,7323746
8309,uttar pradesh,baghpat ,2022,3,7206165046.849033,4346119
8310,uttar pradesh,hahjahanpur ,2022,3,6604602849.061121,3572595
8311,uttar pradesh,muzaffarnagar ,2022,3,16168875863.634745,9603208
8312,uttar pradesh,ambedkar nagar ,2022,3,5877406790.596506,3143133
8313,uttar pradesh,bahraich ,2022,3,5696953221.322895,2817729
8314,uttar pradesh,jalaun ,2022,3,5564717930.065942,3178385
8315,uttar pradesh,ampur ,2022,3,8011526881.648132,3934280
8316,uttar pradesh,ballia ,2022,3,10833479459.937197,6035933
8317,uttar pradesh,hravasti ,2022,3,1366718888.1086948,652751
8318,uttar pradesh,kasganj ,2022,3,3596018248.7629,1946099
8319,uttar pradesh,varanasi ,2022,3,64967816692.82997,42895237
8320,uttar pradesh,gautam buddha nagar ,2022,3,100238159351.6415,87799548
8321,uttar pradesh,basti ,2022,3,8783881230.462196,4068467
8322,uttar pradesh,hamli ,2022,3,6095415525.893788,3512030
8323,uttar pradesh,maharajganj ,2022,3,7552520780.405301,3683476
8324,uttar pradesh,etawah ,2022,3,6027206397.845313,3533419
8325,uttar pradesh,etah ,2022,3,5229855436.083733,2913944
8326,uttar pradesh,banda ,2022,3,3247826144.973182,1721394
8327,uttar pradesh,bijnor ,2022,3,19639195949.18821,11809301
8328,uttar pradesh,hardoi ,2022,3,6271026566.73433,3403238
8329,uttar pradesh,balrampur ,2022,3,4373470999.3108635,1998646
8330,uttar pradesh,amroha ,2022,3,13824221094.237137,8093135
8331,uttar pradesh,pilibhit ,2022,3,4126652421.869697,2193293
8332,uttar pradesh,mainpuri ,2022,3,6250360806.058937,3587645
8333,uttar pradesh,kanpur dehat ,2022,3,4647767727.788397,2335945
8334,uttar pradesh,jaunpur ,2022,3,14753385589.087511,8363484
8335,uttar pradesh,kaushambi ,2022,3,2691631551.3217783,1256638
8336,uttar pradesh,hapur ,2022,3,10397215459.41856,6790224
8337,uttar pradesh,hamirpur ,2022,3,3033146117.0616107,1650956
8338,uttar pradesh,meerut ,2022,3,40328370458.53699,25631216
8339,uttar pradesh,mathura ,2022,3,20926347775.5619,12788746
8340,uttar pradesh,hitrakoot ,2022,3,2229227805.5873437,1054068
8341,uttar pradesh,lalitpur ,2022,3,3994639409.0647664,2786174
8342,uttar pradesh,mau ,2022,3,5999917772.167591,3356371
8343,uttar pradesh,mirzapur ,2022,3,6644142017.774155,3385906
8344,uttar pradesh,bulandshahr ,2022,3,20277442375.28073,12978419
8345,uttar pradesh,gonda ,2022,3,8680263197.569645,4087081
8346,uttar pradesh,jhansi ,2022,3,13982062536.186865,7868291
8347,uttar pradesh,handauli ,2022,3,6482509507.576725,3344154
8348,uttar pradesh,bhadohi ,2022,3,3816635755.3212323,2316310
8349,uttar pradesh,pratapgarh ,2022,3,8410533437.403389,4590394
8350,uttar pradesh,aharanpur ,2022,3,19834763807.759052,10913844
8351,uttar pradesh,bara banki ,2022,3,6600066085.610746,3801824
8352,uttar pradesh,bareilly ,2022,3,18883174643.121475,10346255
8353,uttar pradesh,apur ,2022,3,5552120981.70695,3156007
8354,uttar pradesh,ultanpur ,2022,3,6090395802.960728,3378354
8355,uttar pradesh,agra ,2022,3,43128786478.760445,26751663
8356,uttar pradesh,fatehpur ,2022,3,4507797998.739861,2216742
8357,uttar pradesh,ae bareli ,2022,3,5631937149.87116,3086236
8358,uttar pradesh,firozabad ,2022,3,9450462290.755716,5259977
8359,uttar pradesh,kheri ,2022,3,5916641009.927801,3458434
8360,uttar pradesh,gorakhpur ,2022,3,25141919267.574715,13733820
8361,uttar pradesh,unnao ,2022,3,5603169878.910291,2946109
8362,uttar pradesh,prayagraj ,2022,3,30385713265.502514,21085656
8363,uttar pradesh,onbhadra ,2022,3,8053420317.29105,4561805
8364,uttar pradesh,ghazipur ,2022,3,11167225583.83406,6001162
8365,uttar pradesh,farrukhabad ,2022,3,5320794720.989848,2997267
8366,uttar pradesh,kannauj ,2022,3,4464899115.542954,2607427
8367,uttar pradesh,azamgarh ,2022,3,13758174852.595715,7481818
8368,uttar pradesh,ayodhya ,2022,3,9217174604.934734,5087919
8369,uttar pradesh,eoria ,2022,3,11429190968.179668,6352505
8370,uttar pradesh,ghaziabad ,2022,3,62804603270.37625,41898334
8371,uttar pradesh,amethi ,2022,2,6137927694.004062,2918041
8372,uttar pradesh,harthnagar ,2022,2,10455646727.530252,3842618
8373,uttar pradesh,auraiya ,2022,2,4708517717.476414,2293169
8374,uttar pradesh,ambhal ,2022,2,6680543041.788582,2765686
8375,uttar pradesh,kanpur nagar ,2022,2,32679093848.494324,18142630
8376,uttar pradesh,aligarh ,2022,2,20498359414.78222,11491914
8377,uttar pradesh,mahoba ,2022,2,2724043927.0594015,1384857
8378,uttar pradesh,lucknow ,2022,2,164056107244.2309,102123625
8379,uttar pradesh,ant kabeer nagar ,2022,2,6193822023.972425,2402410
8380,uttar pradesh,hathras ,2022,2,5907597120.793201,3046348
8381,uttar pradesh,budaun ,2022,2,6520713662.226437,2982982
8382,uttar pradesh,moradabad ,2022,2,16272221922.90971,7396771
8383,uttar pradesh,kushinagar ,2022,2,16758132469.42054,7525366
8384,uttar pradesh,baghpat ,2022,2,6954190082.8680725,3812312
8385,uttar pradesh,hahjahanpur ,2022,2,5975198507.54769,2733662
8386,uttar pradesh,muzaffarnagar ,2022,2,13336788342.17862,6926172
8387,uttar pradesh,ambedkar nagar ,2022,2,6715067485.81834,3232223
8388,uttar pradesh,bahraich ,2022,2,5935745716.075043,2557277
8389,uttar pradesh,jalaun ,2022,2,6365701966.444849,3140187
8390,uttar pradesh,ampur ,2022,2,7807429762.959112,3358143
8391,uttar pradesh,ballia ,2022,2,12650624956.6417,6077562
8392,uttar pradesh,hravasti ,2022,2,1496662374.6048093,624214
8393,uttar pradesh,kasganj ,2022,2,3661566120.5748405,1821405
8394,uttar pradesh,varanasi ,2022,2,29105585945.911285,16290241
8395,uttar pradesh,gautam buddha nagar ,2022,2,87828388050.506,74160647
8396,uttar pradesh,basti ,2022,2,10289841176.306242,4146531
8397,uttar pradesh,hamli ,2022,2,5968511182.082513,3011517
8398,uttar pradesh,maharajganj ,2022,2,8754439978.29627,3760464
8399,uttar pradesh,etawah ,2022,2,6679810773.089186,3531921
8400,uttar pradesh,etah ,2022,2,5409363032.198554,2712623
8401,uttar pradesh,banda ,2022,2,3589215541.6409726,1633337
8402,uttar pradesh,bijnor ,2022,2,11857766331.75903,5492543
8403,uttar pradesh,hardoi ,2022,2,6106156277.191708,2899638
8404,uttar pradesh,balrampur ,2022,2,5413969956.32276,2035918
8405,uttar pradesh,amroha ,2022,2,8675492958.036089,3989322
8406,uttar pradesh,pilibhit ,2022,2,4316546956.362664,2022297
8407,uttar pradesh,mainpuri ,2022,2,6405970486.004479,3328617
8408,uttar pradesh,kanpur dehat ,2022,2,5211020768.300949,2417454
8409,uttar pradesh,jaunpur ,2022,2,16677948467.33501,7867713
8410,uttar pradesh,kaushambi ,2022,2,3144969956.647935,1320870
8411,uttar pradesh,hapur ,2022,2,8825655650.80879,5200055
8412,uttar pradesh,hamirpur ,2022,2,3343183435.8484135,1487883
8413,uttar pradesh,meerut ,2022,2,38399767082.406334,22419976
8414,uttar pradesh,mathura ,2022,2,18535248545.554153,10268378
8415,uttar pradesh,hitrakoot ,2022,2,2514275915.4166965,1056035
8416,uttar pradesh,lalitpur ,2022,2,4246298522.3845854,2512798
8417,uttar pradesh,mau ,2022,2,7110086612.043223,3475865
8418,uttar pradesh,mirzapur ,2022,2,7641454633.078697,3393508
8419,uttar pradesh,bulandshahr ,2022,2,15593948761.499466,8672759
8420,uttar pradesh,gonda ,2022,2,9852643373.61892,3892821
8421,uttar pradesh,jhansi ,2022,2,14713417436.961098,7459220
8422,uttar pradesh,handauli ,2022,2,7520303034.593016,3410297
8423,uttar pradesh,bhadohi ,2022,2,4506565654.638406,2426943
8424,uttar pradesh,pratapgarh ,2022,2,9718045836.75241,4540011
8425,uttar pradesh,aharanpur ,2022,2,19855743325.17719,10228831
8426,uttar pradesh,bara banki ,2022,2,6603965860.826501,3406056
8427,uttar pradesh,bareilly ,2022,2,18218382544.050156,9041762
8428,uttar pradesh,apur ,2022,2,5889188452.627312,2952214
8429,uttar pradesh,ultanpur ,2022,2,7375191361.915721,3563573
8430,uttar pradesh,agra ,2022,2,31826611654.86806,17306092
8431,uttar pradesh,fatehpur ,2022,2,5141925391.481011,2307583
8432,uttar pradesh,ae bareli ,2022,2,6144718199.86981,2975903
8433,uttar pradesh,firozabad ,2022,2,9805720174.324297,4995309
8434,uttar pradesh,kheri ,2022,2,6097166203.449156,3103433
8435,uttar pradesh,gorakhpur ,2022,2,28691435244.931892,14066992
8436,uttar pradesh,unnao ,2022,2,5804283005.519323,2771960
8437,uttar pradesh,prayagraj ,2022,2,34267771491.719467,20833684
8438,uttar pradesh,onbhadra ,2022,2,8606789082.285418,4368404
8439,uttar pradesh,ghazipur ,2022,2,14481205079.714252,6855112
8440,uttar pradesh,farrukhabad ,2022,2,5493370069.492353,2862850
8441,uttar pradesh,kannauj ,2022,2,4638388826.014335,2489255
8442,uttar pradesh,azamgarh ,2022,2,16092486521.938658,7765303
8443,uttar pradesh,ayodhya ,2022,2,10774194842.601734,5437223
8444,uttar pradesh,eoria ,2022,2,14075614382.526625,6790437
8445,uttar pradesh,ghaziabad ,2022,2,59183436240.67706,37739024
8446,uttar pradesh,amethi ,2020,4,2047805667.4194226,929052
8447,uttar pradesh,harthnagar ,2020,4,3197534025.2574625,1203287
8448,uttar pradesh,auraiya ,2020,4,1729982238.8034532,785790
8449,uttar pradesh,ambhal ,2020,4,1763324001.6111064,658894
8450,uttar pradesh,kanpur nagar ,2020,4,12308345528.861279,6052576
8451,uttar pradesh,aligarh ,2020,4,6659603398.445011,3179237
8452,uttar pradesh,mahoba ,2020,4,757396455.1291689,338467
8453,uttar pradesh,lucknow ,2020,4,48660862847.75142,21791125
8454,uttar pradesh,ant kabeer nagar ,2020,4,2328509654.842339,853964
8455,uttar pradesh,hathras ,2020,4,1975427285.690195,900053
8456,uttar pradesh,budaun ,2020,4,1832450359.2387743,808394
8457,uttar pradesh,moradabad ,2020,4,4509684341.431406,1837124
8458,uttar pradesh,kushinagar ,2020,4,6177451132.098885,2544134
8459,uttar pradesh,baghpat ,2020,4,2735598660.505571,1274090
8460,uttar pradesh,hahjahanpur ,2020,4,1926803593.1859035,921620
8461,uttar pradesh,muzaffarnagar ,2020,4,4005895164.643703,1855968
8462,uttar pradesh,ambedkar nagar ,2020,4,2345702079.9173775,1059079
8463,uttar pradesh,bahraich ,2020,4,1752928127.7677803,733236
8464,uttar pradesh,jalaun ,2020,4,1960046920.771203,870463
8465,uttar pradesh,ampur ,2020,4,1897600325.3097365,779375
8466,uttar pradesh,ballia ,2020,4,4497298602.604402,1983414
8467,uttar pradesh,hravasti ,2020,4,490064811.8696481,194123
8468,uttar pradesh,kasganj ,2020,4,1050026273.0523198,475224
8469,uttar pradesh,varanasi ,2020,4,10194936776.671387,5020393
8470,uttar pradesh,gautam buddha nagar ,2020,4,32842519367.026222,26875484
8471,uttar pradesh,basti ,2020,4,3591337508.9646235,1397049
8472,uttar pradesh,hamli ,2020,4,1795508884.5500958,770139
8473,uttar pradesh,maharajganj ,2020,4,3237407092.4479995,1269772
8474,uttar pradesh,etawah ,2020,4,2075210863.461753,976366
8475,uttar pradesh,etah ,2020,4,1621090109.7997897,723860
8476,uttar pradesh,banda ,2020,4,1056554802.0726085,485652
8477,uttar pradesh,bijnor ,2020,4,3786521731.7192755,1671649
8478,uttar pradesh,hardoi ,2020,4,1950295770.6554155,964983
8479,uttar pradesh,balrampur ,2020,4,1743708794.5551605,602659
8480,uttar pradesh,amroha ,2020,4,2370720288.892324,990643
8481,uttar pradesh,pilibhit ,2020,4,1315633563.1303964,659881
8482,uttar pradesh,mainpuri ,2020,4,1876489036.3921914,835630
8483,uttar pradesh,kanpur dehat ,2020,4,1792856563.1160471,801177
8484,uttar pradesh,jaunpur ,2020,4,5862550808.616685,2575090
8485,uttar pradesh,kaushambi ,2020,4,999440562.3793883,426355
8486,uttar pradesh,hapur ,2020,4,3136746389.1512117,1644740
8487,uttar pradesh,hamirpur ,2020,4,1086787047.16535,468721
8488,uttar pradesh,meerut ,2020,4,10705409123.829666,5063989
8489,uttar pradesh,mathura ,2020,4,6050052874.5533085,2894712
8490,uttar pradesh,hitrakoot ,2020,4,767298714.6523205,325363
8491,uttar pradesh,lalitpur ,2020,4,1360184221.831142,657837
8492,uttar pradesh,mau ,2020,4,2271789809.3879824,995516
8493,uttar pradesh,mirzapur ,2020,4,2523000481.679961,1127365
8494,uttar pradesh,bulandshahr ,2020,4,5399484706.621842,2689766
8495,uttar pradesh,gonda ,2020,4,3549030149.702004,1293672
8496,uttar pradesh,jhansi ,2020,4,5421062226.887428,2406415
8497,uttar pradesh,handauli ,2020,4,2422919353.4623985,1124617
8498,uttar pradesh,bhadohi ,2020,4,1647815099.9773245,845550
8499,uttar pradesh,pratapgarh ,2020,4,3283398763.4906263,1456324
8500,uttar pradesh,aharanpur ,2020,4,6239011549.696222,2800641
8501,uttar pradesh,bara banki ,2020,4,2086952999.821857,1043324
8502,uttar pradesh,bareilly ,2020,4,6085882466.945249,2825946
8503,uttar pradesh,apur ,2020,4,1884569094.6716216,944455
8504,uttar pradesh,ultanpur ,2020,4,2593915075.1443205,1164282
8505,uttar pradesh,agra ,2020,4,10378549354.942242,5121332
8506,uttar pradesh,fatehpur ,2020,4,1605703311.681253,721429
8507,uttar pradesh,ae bareli ,2020,4,2094791838.7043169,949686
8508,uttar pradesh,firozabad ,2020,4,3064998559.6563253,1433503
8509,uttar pradesh,kheri ,2020,4,2108209768.2697093,1112322
8510,uttar pradesh,gorakhpur ,2020,4,10798676241.771055,4537853
8511,uttar pradesh,unnao ,2020,4,2072417707.0410173,1021144
8512,uttar pradesh,prayagraj ,2020,4,12760082970.572113,6423026
8513,uttar pradesh,onbhadra ,2020,4,3033686641.7447925,1375197
8514,uttar pradesh,ghazipur ,2020,4,4725819574.254914,1956174
8515,uttar pradesh,farrukhabad ,2020,4,1765789379.3673995,831323
8516,uttar pradesh,kannauj ,2020,4,1379451056.6521683,639599
8517,uttar pradesh,azamgarh ,2020,4,4814095317.231253,2036037
8518,uttar pradesh,ayodhya ,2020,4,3524811463.26251,1547673
8519,uttar pradesh,eoria ,2020,4,5497955866.767282,2392279
8520,uttar pradesh,ghaziabad ,2020,4,24565353557.018074,15220234
8521,uttar pradesh,amethi ,2020,1,793055435.5971984,442934
8522,uttar pradesh,harthnagar ,2020,1,1283921562.9510813,504094
8523,uttar pradesh,auraiya ,2020,1,682438846.2347766,360206
8524,uttar pradesh,ambhal ,2020,1,654304412.4248414,298047
8525,uttar pradesh,kanpur nagar ,2020,1,6302890117.188827,3526062
8526,uttar pradesh,aligarh ,2020,1,2754661142.0504365,1516382
8527,uttar pradesh,mahoba ,2020,1,287091201.60271966,154842
8528,uttar pradesh,lucknow ,2020,1,35175437631.48635,15484604
8529,uttar pradesh,ant kabeer nagar ,2020,1,871941750.2025517,376434
8530,uttar pradesh,hathras ,2020,1,765970604.3846166,410971
8531,uttar pradesh,budaun ,2020,1,721291549.5645074,392219
8532,uttar pradesh,moradabad ,2020,1,2034344657.470043,932327
8533,uttar pradesh,kushinagar ,2020,1,2476570738.609226,1152792
8534,uttar pradesh,baghpat ,2020,1,1065565623.1661642,530997
8535,uttar pradesh,hahjahanpur ,2020,1,793820511.5504317,476637
8536,uttar pradesh,muzaffarnagar ,2020,1,1624414500.333385,818233
8537,uttar pradesh,ambedkar nagar ,2020,1,932648937.8062013,557894
8538,uttar pradesh,bahraich ,2020,1,778183420.033402,362621
8539,uttar pradesh,jalaun ,2020,1,726128672.3437756,402254
8540,uttar pradesh,ampur ,2020,1,758935764.1514974,387893
8541,uttar pradesh,ballia ,2020,1,1679776535.0813468,867431
8542,uttar pradesh,hravasti ,2020,1,209037108.9613788,92811
8543,uttar pradesh,kasganj ,2020,1,425135235.69578433,236602
8544,uttar pradesh,varanasi ,2020,1,5628921241.986841,3542507
8545,uttar pradesh,gautam buddha nagar ,2020,1,19356764212.732895,16781339
8546,uttar pradesh,basti ,2020,1,1477236381.5798903,648494
8547,uttar pradesh,hamli ,2020,1,711886138.1274472,350784
8548,uttar pradesh,maharajganj ,2020,1,1388800583.164234,620464
8549,uttar pradesh,etawah ,2020,1,802347947.2815385,439975
8550,uttar pradesh,etah ,2020,1,646289351.1039693,332256
8551,uttar pradesh,banda ,2020,1,458003138.11072093,263634
8552,uttar pradesh,bijnor ,2020,1,1457705665.530767,752927
8553,uttar pradesh,hardoi ,2020,1,782383247.9540768,477639
8554,uttar pradesh,balrampur ,2020,1,678927768.6122268,268711
8555,uttar pradesh,amroha ,2020,1,1019191449.8232603,477955
8556,uttar pradesh,pilibhit ,2020,1,563616486.2527626,368547
8557,uttar pradesh,mainpuri ,2020,1,707602152.0452058,386043
8558,uttar pradesh,kanpur dehat ,2020,1,690188080.6387806,356453
8559,uttar pradesh,jaunpur ,2020,1,2252491479.613646,1180411
8560,uttar pradesh,kaushambi ,2020,1,399878336.4972182,209052
8561,uttar pradesh,hapur ,2020,1,1439175871.012226,774089
8562,uttar pradesh,hamirpur ,2020,1,394456129.33399427,225126
8563,uttar pradesh,meerut ,2020,1,5750006817.718883,2734403
8564,uttar pradesh,mathura ,2020,1,2552190691.3455224,1331532
8565,uttar pradesh,hitrakoot ,2020,1,298433903.3791989,152213
8566,uttar pradesh,lalitpur ,2020,1,510364241.3719046,295766
8567,uttar pradesh,mau ,2020,1,852393229.2166077,446716
8568,uttar pradesh,mirzapur ,2020,1,1031890445.8217273,553170
8569,uttar pradesh,bulandshahr ,2020,1,2063457475.4872737,1151908
8570,uttar pradesh,gonda ,2020,1,1440352646.7471511,599465
8571,uttar pradesh,jhansi ,2020,1,2142737654.3541503,1147735
8572,uttar pradesh,handauli ,2020,1,937666614.3287449,537509
8573,uttar pradesh,bhadohi ,2020,1,648953452.5788776,378029
8574,uttar pradesh,pratapgarh ,2020,1,1177453541.8849149,616605
8575,uttar pradesh,aharanpur ,2020,1,2264046332.668038,1272320
8576,uttar pradesh,bara banki ,2020,1,898106303.4951146,567581
8577,uttar pradesh,bareilly ,2020,1,2644081691.2668533,1552726
8578,uttar pradesh,apur ,2020,1,831382287.4106555,558492
8579,uttar pradesh,ultanpur ,2020,1,1015816552.3076282,557876
8580,uttar pradesh,agra ,2020,1,4626649236.040559,2580164
8581,uttar pradesh,fatehpur ,2020,1,643900349.2945298,356379
8582,uttar pradesh,ae bareli ,2020,1,1028160710.6428875,523048
8583,uttar pradesh,firozabad ,2020,1,1122434154.0489092,660551
8584,uttar pradesh,kheri ,2020,1,953226295.4248688,645801
8585,uttar pradesh,gorakhpur ,2020,1,3977529990.219,1933805
8586,uttar pradesh,unnao ,2020,1,816053858.7320218,512648
8587,uttar pradesh,prayagraj ,2020,1,6073221861.020849,3666845
8588,uttar pradesh,onbhadra ,2020,1,1284630207.9425206,634133
8589,uttar pradesh,ghazipur ,2020,1,1754768855.8994298,886756
8590,uttar pradesh,farrukhabad ,2020,1,688461310.9033006,389097
8591,uttar pradesh,kannauj ,2020,1,537738592.533855,314330
8592,uttar pradesh,azamgarh ,2020,1,1894632195.3300169,963531
8593,uttar pradesh,ayodhya ,2020,1,1365557406.2100632,707638
8594,uttar pradesh,eoria ,2020,1,1938521663.7649212,1000897
8595,uttar pradesh,ghaziabad ,2020,1,11998182771.021786,8267770
8596,uttar pradesh,amethi ,2020,3,1294320359.5677216,693798
8597,uttar pradesh,harthnagar ,2020,3,2134469977.762343,929098
8598,uttar pradesh,auraiya ,2020,3,1136268445.31763,562146
8599,uttar pradesh,ambhal ,2020,3,1135126213.2085724,452494
8600,uttar pradesh,kanpur nagar ,2020,3,8417780315.508661,4224357
8601,uttar pradesh,aligarh ,2020,3,4433149341.3868065,2172376
8602,uttar pradesh,mahoba ,2020,3,531843525.61341166,261861
8603,uttar pradesh,lucknow ,2020,3,44986768816.575165,18626637
8604,uttar pradesh,ant kabeer nagar ,2020,3,1513769440.0494862,656697
8605,uttar pradesh,hathras ,2020,3,1275768778.5339706,625553
8606,uttar pradesh,budaun ,2020,3,1238230054.556419,592062
8607,uttar pradesh,moradabad ,2020,3,3054482814.3022194,1295741
8608,uttar pradesh,kushinagar ,2020,3,3924228270.6950054,1825898
8609,uttar pradesh,baghpat ,2020,3,1818031340.8166134,874299
8610,uttar pradesh,hahjahanpur ,2020,3,1272487040.3318233,671383
8611,uttar pradesh,muzaffarnagar ,2020,3,2544310298.189884,1231459
8612,uttar pradesh,ambedkar nagar ,2020,3,1475036147.856543,812512
8613,uttar pradesh,bahraich ,2020,3,1178317118.3128018,538930
8614,uttar pradesh,jalaun ,2020,3,1243068206.0395167,629953
8615,uttar pradesh,ampur ,2020,3,1213905751.9285958,553247
8616,uttar pradesh,ballia ,2020,3,2795264292.9593353,1405118
8617,uttar pradesh,hravasti ,2020,3,328485585.9483519,149664
8618,uttar pradesh,kasganj ,2020,3,705077297.3806964,348658
8619,uttar pradesh,varanasi ,2020,3,6634516647.606381,3370707
8620,uttar pradesh,gautam buddha nagar ,2020,3,21337631127.67076,17085582
8621,uttar pradesh,basti ,2020,3,2331628985.7178273,1075459
8622,uttar pradesh,hamli ,2020,3,1210822146.352789,536622
8623,uttar pradesh,maharajganj ,2020,3,2055424144.7644112,936896
8624,uttar pradesh,etawah ,2020,3,1357078925.498352,675757
8625,uttar pradesh,etah ,2020,3,1064156895.7013092,520578
8626,uttar pradesh,banda ,2020,3,695728921.4259707,366254
8627,uttar pradesh,bijnor ,2020,3,2483271492.086068,1182322
8628,uttar pradesh,hardoi ,2020,3,1302260963.355254,717346
8629,uttar pradesh,balrampur ,2020,3,1114156872.7042677,454008
8630,uttar pradesh,amroha ,2020,3,1606211046.2065675,683194
8631,uttar pradesh,pilibhit ,2020,3,894196424.9031254,492878
8632,uttar pradesh,mainpuri ,2020,3,1259746316.3304174,613350
8633,uttar pradesh,kanpur dehat ,2020,3,1109266594.6678605,558874
8634,uttar pradesh,jaunpur ,2020,3,3837257466.0020456,2030640
8635,uttar pradesh,kaushambi ,2020,3,618446088.2656065,315793
8636,uttar pradesh,hapur ,2020,3,2028865232.0688508,1102037
8637,uttar pradesh,hamirpur ,2020,3,722708619.5316483,355583
8638,uttar pradesh,meerut ,2020,3,8114325789.555465,3739519
8639,uttar pradesh,mathura ,2020,3,3776128655.9009504,1884033
8640,uttar pradesh,hitrakoot ,2020,3,499890761.28251874,238568
8641,uttar pradesh,lalitpur ,2020,3,938535589.147361,468063
8642,uttar pradesh,mau ,2020,3,1451336941.2324305,738346
8643,uttar pradesh,mirzapur ,2020,3,1674284507.0510287,846288
8644,uttar pradesh,bulandshahr ,2020,3,3453106819.662795,1846812
8645,uttar pradesh,gonda ,2020,3,2294714944.947123,929086
8646,uttar pradesh,jhansi ,2020,3,3459281322.33387,1597393
8647,uttar pradesh,handauli ,2020,3,1603810974.0934565,822442
8648,uttar pradesh,bhadohi ,2020,3,1109214851.88274,660851
8649,uttar pradesh,pratapgarh ,2020,3,2106097258.5168185,1080871
8650,uttar pradesh,aharanpur ,2020,3,4188524778.327629,1946572
8651,uttar pradesh,bara banki ,2020,3,1376084583.893388,765264
8652,uttar pradesh,bareilly ,2020,3,4024948735.242411,1969627
8653,uttar pradesh,apur ,2020,3,1279114972.585296,709016
8654,uttar pradesh,ultanpur ,2020,3,1621486345.793549,868946
8655,uttar pradesh,agra ,2020,3,6647928319.006589,3402430
8656,uttar pradesh,fatehpur ,2020,3,1011847022.6095759,540614
8657,uttar pradesh,ae bareli ,2020,3,1358245105.194454,704574
8658,uttar pradesh,firozabad ,2020,3,2000595716.950366,994544
8659,uttar pradesh,kheri ,2020,3,1380068812.7760735,821731
8660,uttar pradesh,gorakhpur ,2020,3,7043485657.433088,3197317
8661,uttar pradesh,unnao ,2020,3,1297050484.2073956,748311
8662,uttar pradesh,prayagraj ,2020,3,8784004360.762121,4424797
8663,uttar pradesh,onbhadra ,2020,3,2022490421.5177345,979144
8664,uttar pradesh,ghazipur ,2020,3,3197790517.520283,1489295
8665,uttar pradesh,farrukhabad ,2020,3,1168025441.2262099,586393
8666,uttar pradesh,kannauj ,2020,3,910394471.8860384,470383
8667,uttar pradesh,azamgarh ,2020,3,3106122636.5816445,1562684
8668,uttar pradesh,ayodhya ,2020,3,2402945903.0109997,1148182
8669,uttar pradesh,eoria ,2020,3,3351809693.941284,1661831
8670,uttar pradesh,ghaziabad ,2020,3,16722698683.28836,10353511
8671,uttar pradesh,amethi ,2020,2,974183514.6682266,635116
8672,uttar pradesh,harthnagar ,2020,2,1658908733.68855,819494
8673,uttar pradesh,auraiya ,2020,2,913908538.7268261,555297
8674,uttar pradesh,ambhal ,2020,2,915305072.0436411,445362
8675,uttar pradesh,kanpur nagar ,2020,2,6575767545.013138,3495087
8676,uttar pradesh,aligarh ,2020,2,3333199475.1588674,1873486
8677,uttar pradesh,mahoba ,2020,2,399777718.3400351,233814
8678,uttar pradesh,lucknow ,2020,2,30895556075.945335,12430842
8679,uttar pradesh,ant kabeer nagar ,2020,2,1126483835.4807208,563477
8680,uttar pradesh,hathras ,2020,2,1101536508.1485734,615773
8681,uttar pradesh,budaun ,2020,2,1100415261.6154776,626764
8682,uttar pradesh,moradabad ,2020,2,2227291545.4005814,1098280
8683,uttar pradesh,kushinagar ,2020,2,3018986266.709964,1538615
8684,uttar pradesh,baghpat ,2020,2,1398945687.0516171,758380
8685,uttar pradesh,hahjahanpur ,2020,2,1100598020.9656553,673377
8686,uttar pradesh,muzaffarnagar ,2020,2,1908747238.8518875,1091622
8687,uttar pradesh,ambedkar nagar ,2020,2,1212105252.8195994,772604
8688,uttar pradesh,bahraich ,2020,2,924475011.6070898,517053
8689,uttar pradesh,jalaun ,2020,2,979336659.411663,580715
8690,uttar pradesh,ampur ,2020,2,973183157.5793293,555936
8691,uttar pradesh,ballia ,2020,2,2103381532.6901255,1181508
8692,uttar pradesh,hravasti ,2020,2,252546509.02541625,134854
8693,uttar pradesh,kasganj ,2020,2,615459668.9485261,397002
8694,uttar pradesh,varanasi ,2020,2,4411716947.662937,2569684
8695,uttar pradesh,gautam buddha nagar ,2020,2,12933946780.93526,10896512
8696,uttar pradesh,basti ,2020,2,1808772881.0817773,948055
8697,uttar pradesh,hamli ,2020,2,939358656.6601737,492479
8698,uttar pradesh,maharajganj ,2020,2,1694125648.4930968,822688
8699,uttar pradesh,etawah ,2020,2,1044635436.3768692,611642
8700,uttar pradesh,etah ,2020,2,927167974.1658479,551798
8701,uttar pradesh,banda ,2020,2,564152852.325402,357345
8702,uttar pradesh,bijnor ,2020,2,1989993254.2551293,1145403
8703,uttar pradesh,hardoi ,2020,2,1184073625.9853127,790987
8704,uttar pradesh,balrampur ,2020,2,820186982.4201376,396187
8705,uttar pradesh,amroha ,2020,2,1214245940.1325486,617820
8706,uttar pradesh,pilibhit ,2020,2,795419207.6522852,496981
8707,uttar pradesh,mainpuri ,2020,2,1076283108.867208,654574
8708,uttar pradesh,kanpur dehat ,2020,2,896535897.5354111,542702
8709,uttar pradesh,jaunpur ,2020,2,2818494385.2133613,1679713
8710,uttar pradesh,kaushambi ,2020,2,490127982.97519726,298441
8711,uttar pradesh,hapur ,2020,2,1496243557.9684124,902343
8712,uttar pradesh,hamirpur ,2020,2,585773637.2601408,345407
8713,uttar pradesh,meerut ,2020,2,6172148246.847013,2994911
8714,uttar pradesh,mathura ,2020,2,2826177786.1147556,1541861
8715,uttar pradesh,hitrakoot ,2020,2,390056597.1967051,216451
8716,uttar pradesh,lalitpur ,2020,2,774393184.7726351,399359
8717,uttar pradesh,mau ,2020,2,1068323503.2972853,658169
8718,uttar pradesh,mirzapur ,2020,2,1326542494.3352373,749501
8719,uttar pradesh,bulandshahr ,2020,2,2741837464.8851476,1706169
8720,uttar pradesh,gonda ,2020,2,1757033684.2832575,815060
8721,uttar pradesh,jhansi ,2020,2,2418809124.961895,1262589
8722,uttar pradesh,handauli ,2020,2,1196696570.5988152,695768
8723,uttar pradesh,bhadohi ,2020,2,822816633.480869,544721
8724,uttar pradesh,pratapgarh ,2020,2,1600278347.9329877,954561
8725,uttar pradesh,aharanpur ,2020,2,3012340250.8405867,1685012
8726,uttar pradesh,bara banki ,2020,2,1034102989.7037303,699432
8727,uttar pradesh,bareilly ,2020,2,2977759298.7303386,1694171
8728,uttar pradesh,apur ,2020,2,1088559903.6343775,722022
8729,uttar pradesh,ultanpur ,2020,2,1229758670.7062597,776598
8730,uttar pradesh,agra ,2020,2,5153788501.153106,2837641
8731,uttar pradesh,fatehpur ,2020,2,820178271.380095,541508
8732,uttar pradesh,ae bareli ,2020,2,1095500288.6753979,655030
8733,uttar pradesh,firozabad ,2020,2,1459928974.4941869,877638
8734,uttar pradesh,kheri ,2020,2,1190369834.481358,754871
8735,uttar pradesh,gorakhpur ,2020,2,4183285969.668811,2231738
8736,uttar pradesh,unnao ,2020,2,950240650.1922326,710650
8737,uttar pradesh,prayagraj ,2020,2,5163514764.361202,2935110
8738,uttar pradesh,onbhadra ,2020,2,1534403493.080813,806207
8739,uttar pradesh,ghazipur ,2020,2,2247394537.737905,1252110
8740,uttar pradesh,farrukhabad ,2020,2,972263008.9379331,601099
8741,uttar pradesh,kannauj ,2020,2,729038063.4520526,505120
8742,uttar pradesh,azamgarh ,2020,2,2315722081.811428,1402231
8743,uttar pradesh,ayodhya ,2020,2,1541977173.5807447,900026
8744,uttar pradesh,eoria ,2020,2,2368679849.548726,1368817
8745,uttar pradesh,ghaziabad ,2020,2,11178742327.553669,7640595
8746,uttar pradesh,amethi ,2018,4,320216703.9976958,217755
8747,uttar pradesh,harthnagar ,2018,4,554110285.7995359,224522
8748,uttar pradesh,auraiya ,2018,4,238641495.17246974,172120
8749,uttar pradesh,ambhal ,2018,4,221153042.97730047,125436
8750,uttar pradesh,kanpur nagar ,2018,4,2045066575.82861,1254123
8751,uttar pradesh,aligarh ,2018,4,797646145.1770936,447620
8752,uttar pradesh,mahoba ,2018,4,120548654.54538429,71696
8753,uttar pradesh,lucknow ,2018,4,4678614438.94069,2611582
8754,uttar pradesh,ant kabeer nagar ,2018,4,341396174.60754293,161784
8755,uttar pradesh,hathras ,2018,4,215138949.07355016,119900
8756,uttar pradesh,budaun ,2018,4,223748130.0860489,158573
8757,uttar pradesh,moradabad ,2018,4,721241786.7206835,347253
8758,uttar pradesh,kushinagar ,2018,4,1037935617.0609084,643682
8759,uttar pradesh,baghpat ,2018,4,348857994.00375867,165081
8760,uttar pradesh,hahjahanpur ,2018,4,305588308.9615815,219554
8761,uttar pradesh,muzaffarnagar ,2018,4,597648868.0445137,312409
8762,uttar pradesh,ambedkar nagar ,2018,4,375100390.9851628,288963
8763,uttar pradesh,bahraich ,2018,4,312572457.47311395,191449
8764,uttar pradesh,jalaun ,2018,4,260511686.58375,199122
8765,uttar pradesh,ampur ,2018,4,294450956.40007424,230817
8766,uttar pradesh,ballia ,2018,4,772748973.4912162,419084
8767,uttar pradesh,hravasti ,2018,4,85494014.91305166,54867
8768,uttar pradesh,kasganj ,2018,4,133261923.76046038,87216
8769,uttar pradesh,varanasi ,2018,4,2082572099.2679353,1806800
8770,uttar pradesh,gautam buddha nagar ,2018,4,7483532543.63562,6083056
8771,uttar pradesh,basti ,2018,4,557770598.2115663,312025
8772,uttar pradesh,hamli ,2018,4,249652750.04554063,116324
8773,uttar pradesh,maharajganj ,2018,4,564684784.3314693,374480
8774,uttar pradesh,etawah ,2018,4,301410901.27215564,174001
8775,uttar pradesh,etah ,2018,4,197160950.42546722,102642
8776,uttar pradesh,banda ,2018,4,158276578.0289125,123768
8777,uttar pradesh,bijnor ,2018,4,560149244.8589183,314498
8778,uttar pradesh,hardoi ,2018,4,300642408.61626077,203874
8779,uttar pradesh,balrampur ,2018,4,240528458.28625107,102204
8780,uttar pradesh,amroha ,2018,4,296873597.0146003,170297
8781,uttar pradesh,pilibhit ,2018,4,223932379.9095542,281104
8782,uttar pradesh,mainpuri ,2018,4,234152214.9360185,158673
8783,uttar pradesh,kanpur dehat ,2018,4,215093100.8179539,125159
8784,uttar pradesh,jaunpur ,2018,4,990610806.4562361,578939
8785,uttar pradesh,kaushambi ,2018,4,117825844.90465787,74106
8786,uttar pradesh,hapur ,2018,4,427896591.4985336,241731
8787,uttar pradesh,hamirpur ,2018,4,150158878.3408767,118516
8788,uttar pradesh,meerut ,2018,4,1476906079.0968897,700099
8789,uttar pradesh,mathura ,2018,4,786701504.3756256,396421
8790,uttar pradesh,hitrakoot ,2018,4,105741742.85271648,65737
8791,uttar pradesh,lalitpur ,2018,4,186282846.30377722,233847
8792,uttar pradesh,mau ,2018,4,390625308.9627446,274518
8793,uttar pradesh,mirzapur ,2018,4,385922043.77289444,292253
8794,uttar pradesh,bulandshahr ,2018,4,656793599.595126,342458
8795,uttar pradesh,gonda ,2018,4,571261715.108981,274306
8796,uttar pradesh,jhansi ,2018,4,822983950.2096269,470280
8797,uttar pradesh,handauli ,2018,4,391660402.92732894,283080
8798,uttar pradesh,bhadohi ,2018,4,290705297.72941494,194370
8799,uttar pradesh,pratapgarh ,2018,4,434763115.1752979,273497
8800,uttar pradesh,aharanpur ,2018,4,763724835.5837415,473870
8801,uttar pradesh,bara banki ,2018,4,350083111.55564934,257423
8802,uttar pradesh,bareilly ,2018,4,1011406319.216877,797506
8803,uttar pradesh,apur ,2018,4,367045918.21577764,427785
8804,uttar pradesh,ultanpur ,2018,4,423080891.21484375,292592
8805,uttar pradesh,agra ,2018,4,1401083560.6623816,705927
8806,uttar pradesh,fatehpur ,2018,4,251177436.13282135,166912
8807,uttar pradesh,ae bareli ,2018,4,360317857.23215294,234605
8808,uttar pradesh,firozabad ,2018,4,353962131.81579304,192346
8809,uttar pradesh,kheri ,2018,4,442391136.20100224,470761
8810,uttar pradesh,gorakhpur ,2018,4,1682899421.8564157,879250
8811,uttar pradesh,unnao ,2018,4,298283495.6356672,209580
8812,uttar pradesh,prayagraj ,2018,4,2373886785.8107786,1603709
8813,uttar pradesh,onbhadra ,2018,4,573280272.4264697,333564
8814,uttar pradesh,ghazipur ,2018,4,822620900.3065906,482849
8815,uttar pradesh,farrukhabad ,2018,4,251542901.8751523,172603
8816,uttar pradesh,kannauj ,2018,4,223722716.63191634,178947
8817,uttar pradesh,azamgarh ,2018,4,837418335.3507676,490180
8818,uttar pradesh,ayodhya ,2018,4,531445205.48784745,385089
8819,uttar pradesh,eoria ,2018,4,804626102.8561076,465824
8820,uttar pradesh,ghaziabad ,2018,4,4117778328.278023,2891774
8821,uttar pradesh,amethi ,2018,1,86534576.5671038,96408
8822,uttar pradesh,harthnagar ,2018,1,95934878.04041217,76809
8823,uttar pradesh,auraiya ,2018,1,61921892.865950845,65304
8824,uttar pradesh,ambhal ,2018,1,61975314.16828516,53722
8825,uttar pradesh,kanpur nagar ,2018,1,550298919.9825964,493390
8826,uttar pradesh,aligarh ,2018,1,227055506.8404816,194881
8827,uttar pradesh,mahoba ,2018,1,30113589.580414254,36881
8828,uttar pradesh,lucknow ,2018,1,1271848634.4136443,949749
8829,uttar pradesh,ant kabeer nagar ,2018,1,59126397.10591884,57222
8830,uttar pradesh,hathras ,2018,1,51152501.99081381,51845
8831,uttar pradesh,budaun ,2018,1,50581911.540700175,63143
8832,uttar pradesh,moradabad ,2018,1,214140867.64389312,144223
8833,uttar pradesh,kushinagar ,2018,1,220348476.44727552,216583
8834,uttar pradesh,baghpat ,2018,1,82062655.83083653,57482
8835,uttar pradesh,hahjahanpur ,2018,1,80844329.2094227,106997
8836,uttar pradesh,muzaffarnagar ,2018,1,174688164.73651978,141166
8837,uttar pradesh,ambedkar nagar ,2018,1,88818565.47490466,116711
8838,uttar pradesh,bahraich ,2018,1,66721477.051297665,74017
8839,uttar pradesh,jalaun ,2018,1,63496877.79661986,90820
8840,uttar pradesh,ampur ,2018,1,67896658.68947415,89298
8841,uttar pradesh,ballia ,2018,1,179589107.95048663,153366
8842,uttar pradesh,hravasti ,2018,1,17770174.11515287,17420
8843,uttar pradesh,kasganj ,2018,1,36239334.741878524,40039
8844,uttar pradesh,varanasi ,2018,1,534929627.35858226,573338
8845,uttar pradesh,gautam buddha nagar ,2018,1,2065704006.9242067,1387567
8846,uttar pradesh,basti ,2018,1,97389540.20849678,104079
8847,uttar pradesh,hamli ,2018,1,62956282.66086191,50512
8848,uttar pradesh,maharajganj ,2018,1,120097062.46222375,105577
8849,uttar pradesh,etawah ,2018,1,71410064.15001303,67994
8850,uttar pradesh,etah ,2018,1,46749490.71535074,41571
8851,uttar pradesh,banda ,2018,1,44150239.79604201,50935
8852,uttar pradesh,bijnor ,2018,1,165947956.49812108,142321
8853,uttar pradesh,hardoi ,2018,1,77897802.50321592,97252
8854,uttar pradesh,balrampur ,2018,1,46601180.186082475,32628
8855,uttar pradesh,amroha ,2018,1,76524251.30942005,72415
8856,uttar pradesh,pilibhit ,2018,1,59744410.61462422,83803
8857,uttar pradesh,mainpuri ,2018,1,48645519.0242308,66092
8858,uttar pradesh,kanpur dehat ,2018,1,43732800.27943896,51507
8859,uttar pradesh,jaunpur ,2018,1,219620789.47963178,236534
8860,uttar pradesh,kaushambi ,2018,1,28667776.55323845,37326
8861,uttar pradesh,hapur ,2018,1,108354118.53894791,87259
8862,uttar pradesh,hamirpur ,2018,1,34057723.75249942,60464
8863,uttar pradesh,meerut ,2018,1,345744809.58975303,267015
8864,uttar pradesh,mathura ,2018,1,190549339.07680923,161451
8865,uttar pradesh,hitrakoot ,2018,1,25820943.75496399,28904
8866,uttar pradesh,lalitpur ,2018,1,44287534.3955119,56296
8867,uttar pradesh,mau ,2018,1,87473873.1545512,99946
8868,uttar pradesh,mirzapur ,2018,1,90490890.5074774,110239
8869,uttar pradesh,bulandshahr ,2018,1,160467571.0953015,140393
8870,uttar pradesh,gonda ,2018,1,106826666.52696028,101085
8871,uttar pradesh,jhansi ,2018,1,187418140.1917497,187592
8872,uttar pradesh,handauli ,2018,1,88729334.73776624,100454
8873,uttar pradesh,bhadohi ,2018,1,73257504.7541741,83213
8874,uttar pradesh,pratapgarh ,2018,1,96708177.78152454,118509
8875,uttar pradesh,aharanpur ,2018,1,190242510.58563983,201611
8876,uttar pradesh,bara banki ,2018,1,86397546.44997555,111809
8877,uttar pradesh,bareilly ,2018,1,272420019.95249295,306561
8878,uttar pradesh,apur ,2018,1,90293233.21165025,150536
8879,uttar pradesh,ultanpur ,2018,1,109203364.8484112,118235
8880,uttar pradesh,agra ,2018,1,353477588.30890363,298049
8881,uttar pradesh,fatehpur ,2018,1,63961334.20074806,74858
8882,uttar pradesh,ae bareli ,2018,1,83209946.42774141,91518
8883,uttar pradesh,firozabad ,2018,1,80497170.15374462,74687
8884,uttar pradesh,kheri ,2018,1,110918009.44069588,176154
8885,uttar pradesh,gorakhpur ,2018,1,377954039.79178095,324943
8886,uttar pradesh,unnao ,2018,1,74063356.03456748,83600
8887,uttar pradesh,prayagraj ,2018,1,652988000.3586867,628453
8888,uttar pradesh,onbhadra ,2018,1,145796020.70875692,133602
8889,uttar pradesh,ghazipur ,2018,1,188308913.76502463,183645
8890,uttar pradesh,farrukhabad ,2018,1,57199648.85871872,65940
8891,uttar pradesh,kannauj ,2018,1,55371938.0412592,61395
8892,uttar pradesh,azamgarh ,2018,1,202633767.32534236,195700
8893,uttar pradesh,ayodhya ,2018,1,119104433.14319529,139126
8894,uttar pradesh,eoria ,2018,1,189309639.08638847,174133
8895,uttar pradesh,ghaziabad ,2018,1,1146504201.1625626,751503
8896,uttar pradesh,amethi ,2018,3,202484697.00241584,144079
8897,uttar pradesh,harthnagar ,2018,3,339236584.00437975,148883
8898,uttar pradesh,auraiya ,2018,3,182207458.9869604,145809
8899,uttar pradesh,ambhal ,2018,3,133958417.1214126,78307
8900,uttar pradesh,kanpur nagar ,2018,3,1382466122.241844,884952
8901,uttar pradesh,aligarh ,2018,3,530873059.5394554,316159
8902,uttar pradesh,mahoba ,2018,3,84095676.13879824,56821
8903,uttar pradesh,lucknow ,2018,3,3120535504.084366,1745149
8904,uttar pradesh,ant kabeer nagar ,2018,3,189948864.11446124,100614
8905,uttar pradesh,hathras ,2018,3,133404308.59101358,85558
8906,uttar pradesh,budaun ,2018,3,144401979.61154318,105307
8907,uttar pradesh,moradabad ,2018,3,455037106.1422169,231048
8908,uttar pradesh,kushinagar ,2018,3,654056824.5641514,396083
8909,uttar pradesh,baghpat ,2018,3,190530949.1887127,96977
8910,uttar pradesh,hahjahanpur ,2018,3,193173048.73201945,151448
8911,uttar pradesh,muzaffarnagar ,2018,3,383281532.98987913,229535
8912,uttar pradesh,ambedkar nagar ,2018,3,269943413.3178917,264890
8913,uttar pradesh,bahraich ,2018,3,200437178.42282724,128822
8914,uttar pradesh,jalaun ,2018,3,169360197.0591228,142558
8915,uttar pradesh,ampur ,2018,3,284977719.9281094,370270
8916,uttar pradesh,ballia ,2018,3,453562948.30364865,259630
8917,uttar pradesh,hravasti ,2018,3,46461398.64261969,29870
8918,uttar pradesh,kasganj ,2018,3,94116514.83083017,58678
8919,uttar pradesh,varanasi ,2018,3,2367346800.1463585,3305134
8920,uttar pradesh,gautam buddha nagar ,2018,3,4828673888.270048,3256802
8921,uttar pradesh,basti ,2018,3,311025777.26409966,181572
8922,uttar pradesh,hamli ,2018,3,143916458.48132676,78033
8923,uttar pradesh,maharajganj ,2018,3,393493251.5590672,251326
8924,uttar pradesh,etawah ,2018,3,187885317.91935676,132527
8925,uttar pradesh,etah ,2018,3,126687687.08381574,66044
8926,uttar pradesh,banda ,2018,3,124786815.22224602,100068
8927,uttar pradesh,bijnor ,2018,3,369345535.9915008,204728
8928,uttar pradesh,hardoi ,2018,3,195783949.2378096,142922
8929,uttar pradesh,balrampur ,2018,3,134378011.19343144,66029
8930,uttar pradesh,amroha ,2018,3,183940278.8866452,100455
8931,uttar pradesh,pilibhit ,2018,3,141466796.26969764,127083
8932,uttar pradesh,mainpuri ,2018,3,163732822.42209786,132863
8933,uttar pradesh,kanpur dehat ,2018,3,128327549.52937222,80659
8934,uttar pradesh,jaunpur ,2018,3,618303349.8107088,381719
8935,uttar pradesh,kaushambi ,2018,3,72407851.83838873,51040
8936,uttar pradesh,hapur ,2018,3,256753552.1045843,135845
8937,uttar pradesh,hamirpur ,2018,3,105996112.71759164,95140
8938,uttar pradesh,meerut ,2018,3,914592154.1711264,439181
8939,uttar pradesh,mathura ,2018,3,497189255.17567295,254457
8940,uttar pradesh,hitrakoot ,2018,3,66070986.60201372,43872
8941,uttar pradesh,lalitpur ,2018,3,117829673.63676032,84832
8942,uttar pradesh,mau ,2018,3,224554612.28490758,174181
8943,uttar pradesh,mirzapur ,2018,3,235891741.50021005,193581
8944,uttar pradesh,bulandshahr ,2018,3,384710306.2707491,219961
8945,uttar pradesh,gonda ,2018,3,359187670.54018164,180955
8946,uttar pradesh,jhansi ,2018,3,532106857.59149486,305260
8947,uttar pradesh,handauli ,2018,3,296736052.73655057,286920
8948,uttar pradesh,bhadohi ,2018,3,193754417.68330258,144640
8949,uttar pradesh,pratapgarh ,2018,3,256607675.7948947,192406
8950,uttar pradesh,aharanpur ,2018,3,475751601.7841493,291298
8951,uttar pradesh,bara banki ,2018,3,221289109.21528998,165404
8952,uttar pradesh,bareilly ,2018,3,701813397.931004,530401
8953,uttar pradesh,apur ,2018,3,657116597.5883418,1244942
8954,uttar pradesh,ultanpur ,2018,3,264719605.61577424,178628
8955,uttar pradesh,agra ,2018,3,934001805.3935691,491708
8956,uttar pradesh,fatehpur ,2018,3,158496730.93156183,121093
8957,uttar pradesh,ae bareli ,2018,3,219331961.49682626,161980
8958,uttar pradesh,firozabad ,2018,3,222644453.9797347,123057
8959,uttar pradesh,kheri ,2018,3,407114607.5597075,588144
8960,uttar pradesh,gorakhpur ,2018,3,1060239355.7696368,589891
8961,uttar pradesh,unnao ,2018,3,179580331.29400557,135326
8962,uttar pradesh,prayagraj ,2018,3,1590288136.836483,1091032
8963,uttar pradesh,onbhadra ,2018,3,390785529.4547806,233627
8964,uttar pradesh,ghazipur ,2018,3,479779397.3242098,300379
8965,uttar pradesh,farrukhabad ,2018,3,151319932.08823365,103556
8966,uttar pradesh,kannauj ,2018,3,177809589.23503107,186578
8967,uttar pradesh,azamgarh ,2018,3,510111894.95135725,307862
8968,uttar pradesh,ayodhya ,2018,3,328434663.6060386,241948
8969,uttar pradesh,eoria ,2018,3,495910058.96542025,309790
8970,uttar pradesh,ghaziabad ,2018,3,2613540894.7239933,1537030
8971,uttar pradesh,amethi ,2018,2,169402126.88813677,136709
8972,uttar pradesh,harthnagar ,2018,2,288864222.8284136,130007
8973,uttar pradesh,auraiya ,2018,2,127991942.9680135,92623
8974,uttar pradesh,ambhal ,2018,2,109611132.84444037,79715
8975,uttar pradesh,kanpur nagar ,2018,2,954304697.7952931,675908
8976,uttar pradesh,aligarh ,2018,2,379960392.63865346,256395
8977,uttar pradesh,mahoba ,2018,2,56165441.58057527,46294
8978,uttar pradesh,lucknow ,2018,2,2162778201.185504,1289613
8979,uttar pradesh,ant kabeer nagar ,2018,2,156737001.6495515,93780
8980,uttar pradesh,hathras ,2018,2,88777895.92098838,78576
8981,uttar pradesh,budaun ,2018,2,97824018.14818966,92156
8982,uttar pradesh,moradabad ,2018,2,330817439.6070283,197119
8983,uttar pradesh,kushinagar ,2018,2,491915643.18233657,308705
8984,uttar pradesh,baghpat ,2018,2,147054384.59872475,83877
8985,uttar pradesh,hahjahanpur ,2018,2,132885135.0893955,138819
8986,uttar pradesh,muzaffarnagar ,2018,2,294302617.1544509,185973
8987,uttar pradesh,ambedkar nagar ,2018,2,181333979.97436452,174752
8988,uttar pradesh,bahraich ,2018,2,140182312.56510305,114648
8989,uttar pradesh,jalaun ,2018,2,125278593.78770608,121361
8990,uttar pradesh,ampur ,2018,2,122163787.54244992,113190
8991,uttar pradesh,ballia ,2018,2,385588982.0012257,227705
8992,uttar pradesh,hravasti ,2018,2,37376433.23024044,26457
8993,uttar pradesh,kasganj ,2018,2,69951038.4367337,57342
8994,uttar pradesh,varanasi ,2018,2,956626447.3607963,836072
8995,uttar pradesh,gautam buddha nagar ,2018,2,3398984096.752239,1942298
8996,uttar pradesh,basti ,2018,2,249632354.62211308,165558
8997,uttar pradesh,hamli ,2018,2,113103989.11668018,67533
8998,uttar pradesh,maharajganj ,2018,2,268234701.23974103,197236
8999,uttar pradesh,etawah ,2018,2,138218661.6278103,103672
9000,uttar pradesh,etah ,2018,2,90948636.79663444,59628
9001,uttar pradesh,banda ,2018,2,84222200.91074239,65645
9002,uttar pradesh,bijnor ,2018,2,275194036.22039497,197427
9003,uttar pradesh,hardoi ,2018,2,141583801.4595815,127915
9004,uttar pradesh,balrampur ,2018,2,115596089.07455385,55757
9005,uttar pradesh,amroha ,2018,2,133452806.15740262,88801
9006,uttar pradesh,pilibhit ,2018,2,100491006.36614853,111003
9007,uttar pradesh,mainpuri ,2018,2,106693738.88093877,102490
9008,uttar pradesh,kanpur dehat ,2018,2,90233854.84681007,76224
9009,uttar pradesh,jaunpur ,2018,2,570006463.7212151,373996
9010,uttar pradesh,kaushambi ,2018,2,55342536.81081196,49714
9011,uttar pradesh,hapur ,2018,2,182911499.5349028,116427
9012,uttar pradesh,hamirpur ,2018,2,73680214.384888,70112
9013,uttar pradesh,meerut ,2018,2,606678416.5867009,374625
9014,uttar pradesh,mathura ,2018,2,356324290.89671206,222266
9015,uttar pradesh,hitrakoot ,2018,2,51262192.1205713,40534
9016,uttar pradesh,lalitpur ,2018,2,80852741.89286396,70907
9017,uttar pradesh,mau ,2018,2,189106682.01041055,150163
9018,uttar pradesh,mirzapur ,2018,2,173308768.87739116,159498
9019,uttar pradesh,bulandshahr ,2018,2,274973633.89470637,189458
9020,uttar pradesh,gonda ,2018,2,277782991.2351056,160168
9021,uttar pradesh,jhansi ,2018,2,366822230.1718574,248296
9022,uttar pradesh,handauli ,2018,2,182864534.83658043,152763
9023,uttar pradesh,bhadohi ,2018,2,150264431.89945316,116917
9024,uttar pradesh,pratapgarh ,2018,2,208682560.59561437,190313
9025,uttar pradesh,aharanpur ,2018,2,335848552.54796743,258898
9026,uttar pradesh,bara banki ,2018,2,162872285.58844602,137482
9027,uttar pradesh,bareilly ,2018,2,487371978.7986264,385460
9028,uttar pradesh,apur ,2018,2,178362399.15958685,329672
9029,uttar pradesh,ultanpur ,2018,2,233713000.82154304,168555
9030,uttar pradesh,agra ,2018,2,637164565.6567793,401983
9031,uttar pradesh,fatehpur ,2018,2,111709304.13515945,91877
9032,uttar pradesh,ae bareli ,2018,2,158305041.26429987,127177
9033,uttar pradesh,firozabad ,2018,2,160137645.63129294,114088
9034,uttar pradesh,kheri ,2018,2,195291344.67384815,262715
9035,uttar pradesh,gorakhpur ,2018,2,790320803.9302533,457691
9036,uttar pradesh,unnao ,2018,2,132227976.08123086,118192
9037,uttar pradesh,prayagraj ,2018,2,1129002834.2139685,804712
9038,uttar pradesh,onbhadra ,2018,2,284465229.08754015,190270
9039,uttar pradesh,ghazipur ,2018,2,408123160.1819992,278757
9040,uttar pradesh,farrukhabad ,2018,2,108724200.77088036,89984
9041,uttar pradesh,kannauj ,2018,2,101150185.51648593,87933
9042,uttar pradesh,azamgarh ,2018,2,452365473.57583046,298664
9043,uttar pradesh,ayodhya ,2018,2,235046658.5996612,198523
9044,uttar pradesh,eoria ,2018,2,433812996.3339027,268761
9045,uttar pradesh,ghaziabad ,2018,2,1868838026.6123133,1034409
9046,uttar pradesh,amethi ,2024,1,16786579129.0,10742179
9047,uttar pradesh,harthnagar ,2024,1,24298600105.0,14811194
9048,uttar pradesh,auraiya ,2024,1,13835863750.0,9520367
9049,uttar pradesh,ambhal ,2024,1,25648531746.0,15205656
9050,uttar pradesh,kanpur nagar ,2024,1,65696223285.0,44194366
9051,uttar pradesh,aligarh ,2024,1,57031640561.0,41188747
9052,uttar pradesh,mahoba ,2024,1,8330778348.0,6286333
9053,uttar pradesh,lucknow ,2024,1,120573446601.0,98984929
9054,uttar pradesh,ant kabeer nagar ,2024,1,14564933077.0,8676716
9055,uttar pradesh,hathras ,2024,1,18940460399.0,13061681
9056,uttar pradesh,budaun ,2024,1,23193929964.0,15364437
9057,uttar pradesh,moradabad ,2024,1,49067264018.0,29807355
9058,uttar pradesh,kushinagar ,2024,1,43153256387.0,28138317
9059,uttar pradesh,baghpat ,2024,1,20532177698.0,14247623
9060,uttar pradesh,hahjahanpur ,2024,1,20528287136.0,12757305
9061,uttar pradesh,muzaffarnagar ,2024,1,43016297596.0,28471339
9062,uttar pradesh,ambedkar nagar ,2024,1,19050357512.0,12597508
9063,uttar pradesh,bahraich ,2024,1,18341988220.0,11298653
9064,uttar pradesh,jalaun ,2024,1,19075753393.0,12630063
9065,uttar pradesh,ampur ,2024,1,27402294874.0,15791944
9066,uttar pradesh,ballia ,2024,1,35953973516.0,24301893
9067,uttar pradesh,hravasti ,2024,1,3829334337.0,2323309
9068,uttar pradesh,kasganj ,2024,1,12427181178.0,8704746
9069,uttar pradesh,varanasi ,2024,1,65710111632.0,45777703
9070,uttar pradesh,gautam buddha nagar ,2024,1,194154342486.0,214720949
9071,uttar pradesh,basti ,2024,1,25364496586.0,15829220
9072,uttar pradesh,hamli ,2024,1,20906440494.0,14336333
9073,uttar pradesh,maharajganj ,2024,1,22131512933.0,14173455
9074,uttar pradesh,etawah ,2024,1,19645032720.0,13571171
9075,uttar pradesh,etah ,2024,1,17557275485.0,12441327
9076,uttar pradesh,banda ,2024,1,10238888092.0,6773005
9077,uttar pradesh,bijnor ,2024,1,36333115424.0,22548334
9078,uttar pradesh,hardoi ,2024,1,19675786959.0,12322928
9079,uttar pradesh,balrampur ,2024,1,11737090507.0,7580363
9080,uttar pradesh,amroha ,2024,1,28568381385.0,17894757
9081,uttar pradesh,pilibhit ,2024,1,14299095621.0,9309216
9082,uttar pradesh,mainpuri ,2024,1,20667825670.0,14909597
9083,uttar pradesh,kanpur dehat ,2024,1,15289474240.0,9310575
9084,uttar pradesh,jaunpur ,2024,1,36479376660.0,24387924
9085,uttar pradesh,kaushambi ,2024,1,8942263423.0,5136123
9086,uttar pradesh,hapur ,2024,1,25805465808.0,18817135
9087,uttar pradesh,hamirpur ,2024,1,9774267370.0,6549770
9088,uttar pradesh,meerut ,2024,1,68415601527.0,44767366
9089,uttar pradesh,mathura ,2024,1,58457815015.0,43428644
9090,uttar pradesh,hitrakoot ,2024,1,7036345511.0,4351649
9091,uttar pradesh,lalitpur ,2024,1,12503977960.0,10672921
9092,uttar pradesh,mau ,2024,1,19397759408.0,13923814
9093,uttar pradesh,mirzapur ,2024,1,19857606653.0,12026904
9094,uttar pradesh,bulandshahr ,2024,1,48492668227.0,35470007
9095,uttar pradesh,gonda ,2024,1,24910130460.0,15127638
9096,uttar pradesh,jhansi ,2024,1,40809800235.0,27309900
9097,uttar pradesh,handauli ,2024,1,20764841501.0,13381655
9098,uttar pradesh,bhadohi ,2024,1,9433951990.0,6760636
9099,uttar pradesh,pratapgarh ,2024,1,23321081260.0,15828734
9100,uttar pradesh,aharanpur ,2024,1,58212673335.0,37780616
9101,uttar pradesh,bara banki ,2024,1,20098898661.0,14106870
9102,uttar pradesh,bareilly ,2024,1,56546785840.0,36029282
9103,uttar pradesh,apur ,2024,1,19489627294.0,12930346
9104,uttar pradesh,ultanpur ,2024,1,18902407006.0,12756367
9105,uttar pradesh,agra ,2024,1,81038729448.0,55419961
9106,uttar pradesh,fatehpur ,2024,1,14190196459.0,8226482
9107,uttar pradesh,ae bareli ,2024,1,15830952897.0,10175659
9108,uttar pradesh,firozabad ,2024,1,30755942549.0,20961016
9109,uttar pradesh,kheri ,2024,1,20969725927.0,15216486
9110,uttar pradesh,gorakhpur ,2024,1,59295732617.0,38785695
9111,uttar pradesh,unnao ,2024,1,15797808552.0,9803280
9112,uttar pradesh,prayagraj ,2024,1,73955736866.0,59468623
9113,uttar pradesh,onbhadra ,2024,1,23937505942.0,16893067
9114,uttar pradesh,ghazipur ,2024,1,35263821439.0,23728026
9115,uttar pradesh,farrukhabad ,2024,1,17722582246.0,12800117
9116,uttar pradesh,kannauj ,2024,1,14662727103.0,10351919
9117,uttar pradesh,azamgarh ,2024,1,40013793993.0,26986163
9118,uttar pradesh,ayodhya ,2024,1,29486216690.0,19715056
9119,uttar pradesh,eoria ,2024,1,35424193703.0,24857206
9120,uttar pradesh,ghaziabad ,2024,1,137986072000.0,109758298
9121,andhra pradesh,east godavari ,2021,4,106725597026.00356,48992531
9122,andhra pradesh,kakulam ,2021,4,39713657870.15512,18501857
9123,andhra pradesh,psr nellore ,2021,4,92256405076.26547,41921081
9124,andhra pradesh,vizianagaram ,2021,4,36577529464.9687,17253059
9125,andhra pradesh,visakhapatnam ,2021,4,159530099772.73474,82711538
9126,andhra pradesh,prakasam ,2021,4,71323060008.47623,27858275
9127,andhra pradesh,anantapur ,2021,4,81239787006.64764,36129136
9128,andhra pradesh,ysr ,2021,4,69081850069.2033,26340348
9129,andhra pradesh,west godavari ,2021,4,81292461575.08182,33235175
9130,andhra pradesh,kurnool ,2021,4,73968947669.64754,31782248
9131,andhra pradesh,hittoor ,2021,4,103985734663.73514,51119640
9132,andhra pradesh,guntur ,2021,4,115553993673.17337,50919286
9133,andhra pradesh,krishna ,2021,4,125015323207.89836,55489829
9134,andhra pradesh,east godavari ,2021,1,60027984987.96951,26190701
9135,andhra pradesh,kakulam ,2021,1,26486623313.092724,11160473
9136,andhra pradesh,psr nellore ,2021,1,52210333201.53073,22541428
9137,andhra pradesh,vizianagaram ,2021,1,24153782497.243248,10514582
9138,andhra pradesh,visakhapatnam ,2021,1,95308386037.84721,48248923
9139,andhra pradesh,prakasam ,2021,1,41396223622.174774,15175395
9140,andhra pradesh,anantapur ,2021,1,48353870395.01808,20102957
9141,andhra pradesh,ysr ,2021,1,42570919448.50447,15374473
9142,andhra pradesh,west godavari ,2021,1,42124030669.36126,16015685
9143,andhra pradesh,kurnool ,2021,1,44941629659.56964,17918524
9144,andhra pradesh,hittoor ,2021,1,60947491846.66089,29342609
9145,andhra pradesh,guntur ,2021,1,64207987853.108406,27445045
9146,andhra pradesh,krishna ,2021,1,69715406644.53485,29717175
9147,andhra pradesh,east godavari ,2021,3,89380370072.7078,39572714
9148,andhra pradesh,kakulam ,2021,3,34836400769.876816,15639768
9149,andhra pradesh,psr nellore ,2021,3,77839676988.30869,34411958
9150,andhra pradesh,vizianagaram ,2021,3,31383541628.212524,14510005
9151,andhra pradesh,visakhapatnam ,2021,3,136945652159.26515,69220981
9152,andhra pradesh,prakasam ,2021,3,63367713446.928055,24116580
9153,andhra pradesh,anantapur ,2021,3,70291248155.64975,30366444
9154,andhra pradesh,ysr ,2021,3,60683557724.652336,22439316
9155,andhra pradesh,west godavari ,2021,3,66647238455.1675,26245039
9156,andhra pradesh,kurnool ,2021,3,62527453761.59807,26377809
9157,andhra pradesh,hittoor ,2021,3,89371931753.04831,42628568
9158,andhra pradesh,guntur ,2021,3,96525353090.12305,41675093
9159,andhra pradesh,krishna ,2021,3,104417897558.58972,44828275
9160,andhra pradesh,east godavari ,2021,2,74604325863.66068,31717908
9161,andhra pradesh,kakulam ,2021,2,32298129544.540867,13546232
9162,andhra pradesh,psr nellore ,2021,2,72283071757.09679,30290406
9163,andhra pradesh,vizianagaram ,2021,2,29140685236.830723,12689494
9164,andhra pradesh,visakhapatnam ,2021,2,114439012713.35336,54390299
9165,andhra pradesh,prakasam ,2021,2,54535328043.04135,19944047
9166,andhra pradesh,anantapur ,2021,2,60987487571.279915,25123346
9167,andhra pradesh,ysr ,2021,2,52523527031.02132,18457361
9168,andhra pradesh,west godavari ,2021,2,57233116236.18796,20950964
9169,andhra pradesh,kurnool ,2021,2,56659287474.995804,21972396
9170,andhra pradesh,hittoor ,2021,2,73654690122.43158,34344902
9171,andhra pradesh,guntur ,2021,2,82356914463.83287,32968819
9172,andhra pradesh,krishna ,2021,2,90021923049.96454,36370960
9173,andhra pradesh,east godavari ,2019,4,16816774065.301317,9285739
9174,andhra pradesh,kakulam ,2019,4,6832369301.879345,3712555
9175,andhra pradesh,psr nellore ,2019,4,11786014089.194027,5877804
9176,andhra pradesh,vizianagaram ,2019,4,7175851807.068796,3998234
9177,andhra pradesh,visakhapatnam ,2019,4,39133296330.044624,23594874
9178,andhra pradesh,prakasam ,2019,4,10604077824.801035,4865473
9179,andhra pradesh,anantapur ,2019,4,13887248889.064066,6764112
9180,andhra pradesh,ysr ,2019,4,10865073855.730783,4793157
9181,andhra pradesh,west godavari ,2019,4,9710614747.20177,4596479
9182,andhra pradesh,kurnool ,2019,4,13233105728.54823,7001958
9183,andhra pradesh,hittoor ,2019,4,19298476027.875484,11246986
9184,andhra pradesh,guntur ,2019,4,18565626418.035915,9761330
9185,andhra pradesh,krishna ,2019,4,23039786404.04664,11719402
9186,andhra pradesh,east godavari ,2019,1,7382264724.59952,5440146
9187,andhra pradesh,kakulam ,2019,1,3407912878.4152584,2526855
9188,andhra pradesh,psr nellore ,2019,1,5161932216.216368,3333584
9189,andhra pradesh,vizianagaram ,2019,1,3364576948.299301,2798241
9190,andhra pradesh,visakhapatnam ,2019,1,13459857440.552685,9690866
9191,andhra pradesh,prakasam ,2019,1,4807527779.215151,2931081
9192,andhra pradesh,anantapur ,2019,1,6044730653.191345,3891336
9193,andhra pradesh,ysr ,2019,1,4915811593.896078,2852197
9194,andhra pradesh,west godavari ,2019,1,4623764455.47309,2829437
9195,andhra pradesh,kurnool ,2019,1,5541564892.509682,4193432
9196,andhra pradesh,hittoor ,2019,1,8223371732.233585,6486813
9197,andhra pradesh,guntur ,2019,1,7765934169.404485,4846553
9198,andhra pradesh,krishna ,2019,1,9061346433.072681,5443981
9199,andhra pradesh,east godavari ,2019,3,11387726470.57774,6537303
9200,andhra pradesh,kakulam ,2019,3,4610131289.524039,2556296
9201,andhra pradesh,psr nellore ,2019,3,8256600118.735449,4150195
9202,andhra pradesh,vizianagaram ,2019,3,4922069039.19216,2861581
9203,andhra pradesh,visakhapatnam ,2019,3,26944837120.046288,16694947
9204,andhra pradesh,prakasam ,2019,3,7354502261.150911,3430750
9205,andhra pradesh,anantapur ,2019,3,9554081289.488277,4889720
9206,andhra pradesh,ysr ,2019,3,7447544274.2117815,3296586
9207,andhra pradesh,west godavari ,2019,3,6627629029.01413,3179541
9208,andhra pradesh,kurnool ,2019,3,9025632779.412457,5139134
9209,andhra pradesh,hittoor ,2019,3,13837455758.755266,8201783
9210,andhra pradesh,guntur ,2019,3,13075661264.188034,6942304
9211,andhra pradesh,krishna ,2019,3,16404073560.500784,8408474
9212,andhra pradesh,east godavari ,2019,2,9116404622.47651,4699261
9213,andhra pradesh,kakulam ,2019,2,4066576539.936839,2019203
9214,andhra pradesh,psr nellore ,2019,2,6880873007.4820595,3141891
9215,andhra pradesh,vizianagaram ,2019,2,4443041665.039663,2272320
9216,andhra pradesh,visakhapatnam ,2019,2,20797479804.029076,11705738
9217,andhra pradesh,prakasam ,2019,2,6262396448.455349,2670529
9218,andhra pradesh,anantapur ,2019,2,7830782361.377665,3578836
9219,andhra pradesh,ysr ,2019,2,6376856828.130632,2606284
9220,andhra pradesh,west godavari ,2019,2,5676818258.955046,2402074
9221,andhra pradesh,kurnool ,2019,2,7358285187.018034,3895824
9222,andhra pradesh,hittoor ,2019,2,10982727976.224325,5983308
9223,andhra pradesh,guntur ,2019,2,10405246943.481495,5005275
9224,andhra pradesh,krishna ,2019,2,13437029115.620754,6428472
9225,andhra pradesh,east godavari ,2023,4,282329255747.0,162793144
9226,andhra pradesh,kakulam ,2023,4,97021746702.0,56291337
9227,andhra pradesh,psr nellore ,2023,4,179306028468.0,97721962
9228,andhra pradesh,vizianagaram ,2023,4,90289502507.0,53248760
9229,andhra pradesh,visakhapatnam ,2023,4,344512874812.0,223584765
9230,andhra pradesh,prakasam ,2023,4,174929737360.0,89721677
9231,andhra pradesh,anantapur ,2023,4,203367177888.0,113698752
9232,andhra pradesh,ysr ,2023,4,176644897379.0,83729195
9233,andhra pradesh,west godavari ,2023,4,209237892746.0,114825704
9234,andhra pradesh,kurnool ,2023,4,190597527675.0,103816175
9235,andhra pradesh,hittoor ,2023,4,274132458092.0,163521593
9236,andhra pradesh,guntur ,2023,4,281806839570.0,160724947
9237,andhra pradesh,krishna ,2023,4,298339038877.0,173309415
9238,andhra pradesh,east godavari ,2023,1,223454724672.0,115196449
9239,andhra pradesh,kakulam ,2023,1,86486032409.0,42209999
9240,andhra pradesh,psr nellore ,2023,1,143967164643.0,71318689
9241,andhra pradesh,vizianagaram ,2023,1,76472384525.0,38838861
9242,andhra pradesh,visakhapatnam ,2023,1,277211090180.0,164358781
9243,andhra pradesh,prakasam ,2023,1,141672839638.0,63671149
9244,andhra pradesh,anantapur ,2023,1,162287796625.0,82127373
9245,andhra pradesh,ysr ,2023,1,140117633668.0,59768512
9246,andhra pradesh,west godavari ,2023,1,165941144654.0,79094558
9247,andhra pradesh,kurnool ,2023,1,149100361797.0,72405172
9248,andhra pradesh,hittoor ,2023,1,218037027226.0,120192355
9249,andhra pradesh,guntur ,2023,1,226244225817.0,114246185
9250,andhra pradesh,krishna ,2023,1,238058890676.0,122104381
9251,andhra pradesh,east godavari ,2023,3,260414286361.0,148701666
9252,andhra pradesh,kakulam ,2023,3,91818203167.0,51382393
9253,andhra pradesh,psr nellore ,2023,3,176593750929.0,93875073
9254,andhra pradesh,vizianagaram ,2023,3,83289704541.0,47856766
9255,andhra pradesh,visakhapatnam ,2023,3,328927220951.0,209884966
9256,andhra pradesh,prakasam ,2023,3,171207298619.0,84447202
9257,andhra pradesh,anantapur ,2023,3,192477441164.0,104539628
9258,andhra pradesh,ysr ,2023,3,168218516193.0,76091693
9259,andhra pradesh,west godavari ,2023,3,191891823401.0,102962058
9260,andhra pradesh,kurnool ,2023,3,172979053545.0,92890445
9261,andhra pradesh,hittoor ,2023,3,265404757144.0,152863845
9262,andhra pradesh,guntur ,2023,3,270651818044.0,150246761
9263,andhra pradesh,krishna ,2023,3,279540224039.0,159421907
9264,andhra pradesh,east godavari ,2023,2,245134717109.0,131243375
9265,andhra pradesh,kakulam ,2023,2,93082175904.0,47633204
9266,andhra pradesh,psr nellore ,2023,2,165181391414.0,82056071
9267,andhra pradesh,vizianagaram ,2023,2,82671020353.0,43625851
9268,andhra pradesh,visakhapatnam ,2023,2,303874597259.0,184918179
9269,andhra pradesh,prakasam ,2023,2,158428689659.0,73598725
9270,andhra pradesh,anantapur ,2023,2,180050369328.0,91695174
9271,andhra pradesh,ysr ,2023,2,156231915019.0,66809788
9272,andhra pradesh,west godavari ,2023,2,187699526244.0,92533269
9273,andhra pradesh,kurnool ,2023,2,166991990104.0,81475907
9274,andhra pradesh,hittoor ,2023,2,245550525910.0,136283483
9275,andhra pradesh,guntur ,2023,2,254140764680.0,132035450
9276,andhra pradesh,krishna ,2023,2,267001403933.0,141748488
9277,andhra pradesh,east godavari ,2022,4,136531110139.86256,68016055
9278,andhra pradesh,kakulam ,2022,4,47726411107.88628,23693779
9279,andhra pradesh,psr nellore ,2022,4,92085916180.6851,42582064
9280,andhra pradesh,vizianagaram ,2022,4,44467386404.34758,22205190
9281,andhra pradesh,visakhapatnam ,2022,4,185306149744.73108,103790055
9282,andhra pradesh,prakasam ,2022,4,88105031866.36835,37211077
9283,andhra pradesh,anantapur ,2022,4,101533878537.23433,48299601
9284,andhra pradesh,ysr ,2022,4,87360426792.81667,35201596
9285,andhra pradesh,west godavari ,2022,4,105335724990.59325,47919930
9286,andhra pradesh,kurnool ,2022,4,94667441029.08345,43524766
9287,andhra pradesh,hittoor ,2022,4,136840859888.18155,70322534
9288,andhra pradesh,guntur ,2022,4,146938735166.52365,70723763
9289,andhra pradesh,krishna ,2022,4,157826011193.35443,76526667
9290,andhra pradesh,east godavari ,2022,1,121067103712.79568,54738830
9291,andhra pradesh,kakulam ,2022,1,46898912115.649216,20990782
9292,andhra pradesh,psr nellore ,2022,1,104895571602.13988,47645702
9293,andhra pradesh,vizianagaram ,2022,1,41994853361.58879,19278262
9294,andhra pradesh,visakhapatnam ,2022,1,170120350591.26004,88233362
9295,andhra pradesh,prakasam ,2022,1,79494373254.71565,31340975
9296,andhra pradesh,anantapur ,2022,1,90197023268.43825,40613148
9297,andhra pradesh,ysr ,2022,1,78421693518.90942,29783739
9298,andhra pradesh,west godavari ,2022,1,92397939903.60938,37271259
9299,andhra pradesh,kurnool ,2022,1,81568420500.54749,35093633
9300,andhra pradesh,hittoor ,2022,1,117900595508.634,58561024
9301,andhra pradesh,guntur ,2022,1,129673727687.08942,57226996
9302,andhra pradesh,krishna ,2022,1,139690081529.49048,61826199
9303,andhra pradesh,east godavari ,2022,3,129677722169.74829,61467134
9304,andhra pradesh,kakulam ,2022,3,46899962921.785614,22126541
9305,andhra pradesh,psr nellore ,2022,3,95099325968.25972,42116582
9306,andhra pradesh,vizianagaram ,2022,3,42513313394.84207,20440645
9307,andhra pradesh,visakhapatnam ,2022,3,181124419863.61444,97434546
9308,andhra pradesh,prakasam ,2022,3,87475230073.46387,35376080
9309,andhra pradesh,anantapur ,2022,3,97735649608.10074,45165363
9310,andhra pradesh,ysr ,2022,3,86016932181.12372,33119038
9311,andhra pradesh,west godavari ,2022,3,101706854744.31876,43635951
9312,andhra pradesh,kurnool ,2022,3,88415335176.31995,39557913
9313,andhra pradesh,hittoor ,2022,3,133053581631.6395,65751781
9314,andhra pradesh,guntur ,2022,3,141588522953.23773,65612317
9315,andhra pradesh,krishna ,2022,3,153770559025.69125,71051144
9316,andhra pradesh,east godavari ,2022,2,135531452997.6391,62072845
9317,andhra pradesh,kakulam ,2022,2,53754764122.4327,23727353
9318,andhra pradesh,psr nellore ,2022,2,121941082043.49483,54838708
9319,andhra pradesh,vizianagaram ,2022,2,47294745020.495636,21766135
9320,andhra pradesh,visakhapatnam ,2022,2,193242841582.14285,101387402
9321,andhra pradesh,prakasam ,2022,2,90435082545.97766,36163507
9322,andhra pradesh,anantapur ,2022,2,102138758015.76915,46099366
9323,andhra pradesh,ysr ,2022,2,87601310069.59737,33154559
9324,andhra pradesh,west godavari ,2022,2,107973244960.42824,44409239
9325,andhra pradesh,kurnool ,2022,2,92409350855.50198,40165692
9326,andhra pradesh,hittoor ,2022,2,136435445124.75616,67507661
9327,andhra pradesh,guntur ,2022,2,147098141568.7623,66315749
9328,andhra pradesh,krishna ,2022,2,163997729295.93134,73525814
9329,andhra pradesh,east godavari ,2020,4,58732615663.118416,25989490
9330,andhra pradesh,kakulam ,2020,4,25222520275.27882,11092184
9331,andhra pradesh,psr nellore ,2020,4,49115443663.37911,20934374
9332,andhra pradesh,vizianagaram ,2020,4,24094847668.445065,10580824
9333,andhra pradesh,visakhapatnam ,2020,4,91879823025.40399,46551467
9334,andhra pradesh,prakasam ,2020,4,41852443493.515396,16176867
9335,andhra pradesh,anantapur ,2020,4,49732610814.26222,20996384
9336,andhra pradesh,ysr ,2020,4,42572974713.44026,15676878
9337,andhra pradesh,west godavari ,2020,4,40310975762.603455,15674762
9338,andhra pradesh,kurnool ,2020,4,44718203115.22612,18737323
9339,andhra pradesh,hittoor ,2020,4,61505711149.79541,29590411
9340,andhra pradesh,guntur ,2020,4,60641872021.25432,26136538
9341,andhra pradesh,krishna ,2020,4,64461504667.60723,27981050
9342,andhra pradesh,east godavari ,2020,1,21854701379.428688,11346242
9343,andhra pradesh,kakulam ,2020,1,9777575594.177538,4835092
9344,andhra pradesh,psr nellore ,2020,1,15387829694.446861,7430247
9345,andhra pradesh,vizianagaram ,2020,1,9879174240.920494,5042066
9346,andhra pradesh,visakhapatnam ,2020,1,48809747614.678894,27115031
9347,andhra pradesh,prakasam ,2020,1,14169104764.526735,6318396
9348,andhra pradesh,anantapur ,2020,1,17864325752.82528,8466129
9349,andhra pradesh,ysr ,2020,1,14059924636.819912,6031255
9350,andhra pradesh,west godavari ,2020,1,12995834340.716236,5919670
9351,andhra pradesh,kurnool ,2020,1,17022710311.813046,8246869
9352,andhra pradesh,hittoor ,2020,1,23441848567.344193,13257740
9353,andhra pradesh,guntur ,2020,1,22992734620.64621,11493331
9354,andhra pradesh,krishna ,2020,1,24481702770.71471,12175289
9355,andhra pradesh,east godavari ,2020,3,39300043804.75851,17972431
9356,andhra pradesh,kakulam ,2020,3,18029574581.337425,8286289
9357,andhra pradesh,psr nellore ,2020,3,39128324534.03022,16468209
9358,andhra pradesh,vizianagaram ,2020,3,17567816576.501263,8236703
9359,andhra pradesh,visakhapatnam ,2020,3,67628440368.111465,34421299
9360,andhra pradesh,prakasam ,2020,3,31221704852.44969,12266310
9361,andhra pradesh,anantapur ,2020,3,34102037972.65785,14447683
9362,andhra pradesh,ysr ,2020,3,32037007334.12973,11934653
9363,andhra pradesh,west godavari ,2020,3,25408608725.754295,10412351
9364,andhra pradesh,kurnool ,2020,3,32529351107.17173,13243292
9365,andhra pradesh,hittoor ,2020,3,42811566246.16463,20501863
9366,andhra pradesh,guntur ,2020,3,42531195809.75448,17601395
9367,andhra pradesh,krishna ,2020,3,44788458672.084435,19110457
9368,andhra pradesh,east godavari ,2020,2,26319906327.32029,13130334
9369,andhra pradesh,kakulam ,2020,2,12153650076.875832,6425515
9370,andhra pradesh,psr nellore ,2020,2,20665376460.772232,9454274
9371,andhra pradesh,vizianagaram ,2020,2,12819344389.545382,6690313
9372,andhra pradesh,visakhapatnam ,2020,2,48293889917.41437,25300401
9373,andhra pradesh,prakasam ,2020,2,19846026726.904335,8844580
9374,andhra pradesh,anantapur ,2020,2,22094006659.412506,10473739
9375,andhra pradesh,ysr ,2020,2,19597207268.132023,8033609
9376,andhra pradesh,west godavari ,2020,2,16585866855.159784,7273096
9377,andhra pradesh,kurnool ,2020,2,22419372061.805172,9821381
9378,andhra pradesh,hittoor ,2020,2,27361300300.01902,14848197
9379,andhra pradesh,guntur ,2020,2,27463593607.839108,12308707
9380,andhra pradesh,krishna ,2020,2,26964149095.366295,12313709
9381,andhra pradesh,east godavari ,2018,4,4652624623.436675,3052762
9382,andhra pradesh,kakulam ,2018,4,1870278609.504549,1252807
9383,andhra pradesh,psr nellore ,2018,4,3293448556.9734454,1814997
9384,andhra pradesh,vizianagaram ,2018,4,1817673252.5417767,1386787
9385,andhra pradesh,visakhapatnam ,2018,4,7366635864.849373,4791421
9386,andhra pradesh,prakasam ,2018,4,3255254226.03728,1692862
9387,andhra pradesh,anantapur ,2018,4,3975878156.329829,2286391
9388,andhra pradesh,ysr ,2018,4,3252340063.2478595,1732527
9389,andhra pradesh,west godavari ,2018,4,3237504255.4632454,1688482
9390,andhra pradesh,kurnool ,2018,4,3626544852.4069242,2508530
9391,andhra pradesh,hittoor ,2018,4,4979093890.223491,3166201
9392,andhra pradesh,guntur ,2018,4,4730251217.696959,2546620
9393,andhra pradesh,krishna ,2018,4,5416251838.130407,2839161
9394,andhra pradesh,east godavari ,2018,1,1235785515.5997267,943935
9395,andhra pradesh,kakulam ,2018,1,587778028.9183557,458921
9396,andhra pradesh,psr nellore ,2018,1,676643237.8069417,531612
9397,andhra pradesh,vizianagaram ,2018,1,505783445.78162,420990
9398,andhra pradesh,visakhapatnam ,2018,1,1749966196.5049946,1256469
9399,andhra pradesh,prakasam ,2018,1,748990775.8676485,534757
9400,andhra pradesh,anantapur ,2018,1,788830646.0324218,638664
9401,andhra pradesh,ysr ,2018,1,681481931.0936775,487333
9402,andhra pradesh,west godavari ,2018,1,853547668.7532666,577090
9403,andhra pradesh,kurnool ,2018,1,764905298.7350456,679623
9404,andhra pradesh,hittoor ,2018,1,1009621878.0870512,830324
9405,andhra pradesh,guntur ,2018,1,1108686589.0266829,815932
9406,andhra pradesh,krishna ,2018,1,1284255179.6156201,863935
9407,andhra pradesh,east godavari ,2018,3,3551247095.307447,3226907
9408,andhra pradesh,kakulam ,2018,3,1318322236.598471,1073883
9409,andhra pradesh,psr nellore ,2018,3,2215938596.185108,1308890
9410,andhra pradesh,vizianagaram ,2018,3,1163546006.895916,970132
9411,andhra pradesh,visakhapatnam ,2018,3,4821892253.393524,3394576
9412,andhra pradesh,prakasam ,2018,3,2346453445.483843,1319651
9413,andhra pradesh,anantapur ,2018,3,2681787750.464165,1815215
9414,andhra pradesh,ysr ,2018,3,2235904512.2542048,1557444
9415,andhra pradesh,west godavari ,2018,3,2309078492.8058147,1431282
9416,andhra pradesh,kurnool ,2018,3,2908389261.539773,2921189
9417,andhra pradesh,hittoor ,2018,3,3283517630.720593,2297429
9418,andhra pradesh,guntur ,2018,3,3127764663.180438,1912529
9419,andhra pradesh,krishna ,2018,3,3754202654.3844614,2396934
9420,andhra pradesh,east godavari ,2018,2,2168914928.4239016,1221677
9421,andhra pradesh,kakulam ,2018,2,929392017.3670053,559868
9422,andhra pradesh,psr nellore ,2018,2,1542057934.0108962,780454
9423,andhra pradesh,vizianagaram ,2018,2,811711367.5080048,529588
9424,andhra pradesh,visakhapatnam ,2018,2,2987853607.2939095,1641192
9425,andhra pradesh,prakasam ,2018,2,1571167562.1276276,739991
9426,andhra pradesh,anantapur ,2018,2,1690366079.0557928,937023
9427,andhra pradesh,ysr ,2018,2,1415500367.6861844,690842
9428,andhra pradesh,west godavari ,2018,2,1688025212.3045945,786033
9429,andhra pradesh,kurnool ,2018,2,1531888665.6843233,968439
9430,andhra pradesh,hittoor ,2018,2,1990419125.8937118,1185723
9431,andhra pradesh,guntur ,2018,2,2108475811.7859967,1088101
9432,andhra pradesh,krishna ,2018,2,2448141593.4919834,1224987
9433,andhra pradesh,east godavari ,2024,1,306324309402.0,179489444
9434,andhra pradesh,kakulam ,2024,1,118669200655.0,66267698
9435,andhra pradesh,psr nellore ,2024,1,190803645040.0,108549115
9436,andhra pradesh,vizianagaram ,2024,1,105672797741.0,61170983
9437,andhra pradesh,visakhapatnam ,2024,1,363341573689.0,238418938
9438,andhra pradesh,prakasam ,2024,1,187480623851.0,99550457
9439,andhra pradesh,anantapur ,2024,1,212681689201.0,125240418
9440,andhra pradesh,ysr ,2024,1,190227479302.0,94211451
9441,andhra pradesh,west godavari ,2024,1,228733104931.0,127602250
9442,andhra pradesh,kurnool ,2024,1,204805909023.0,115036343
9443,andhra pradesh,hittoor ,2024,1,289620567340.0,179903083
9444,andhra pradesh,guntur ,2024,1,297371276946.0,173636233
9445,andhra pradesh,krishna ,2024,1,316993492628.0,186352072
9446,chhattisgarh,hamtari ,2021,4,2301060133.8491325,1248118
9447,chhattisgarh,korba ,2021,4,6967488786.247881,4813732
9448,chhattisgarh,urajpur ,2021,4,2695737530.090952,1620479
9449,chhattisgarh,baloda bazar ,2021,4,4125753409.5956497,2428335
9450,chhattisgarh,ukma ,2021,4,1315468404.9234624,491853
9451,chhattisgarh,aigarh ,2021,4,8118529781.855951,4987956
9452,chhattisgarh,janjgir champa ,2021,4,7509616301.088512,4713652
9453,chhattisgarh,jashpur ,2021,4,2398549912.2386475,1283197
9454,chhattisgarh,balod ,2021,4,2124024724.5642636,1261829
9455,chhattisgarh,kabirdham ,2021,4,1936737122.9796457,1224202
9456,chhattisgarh,urguja ,2021,4,4648918490.631775,2774724
9457,chhattisgarh,antewada ,2021,4,1425704987.1647797,666756
9458,chhattisgarh,gariyaband ,2021,4,1432175557.522806,845852
9459,chhattisgarh,urg ,2021,4,14816073916.178635,10300130
9460,chhattisgarh,ajnandgaon ,2021,4,4944916181.246885,2897306
9461,chhattisgarh,aipur ,2021,4,36279287404.820206,23353982
9462,chhattisgarh,narayanpur ,2021,4,489068703.1568668,240761
9463,chhattisgarh,kanker ,2021,4,2662476374.1382093,1324064
9464,chhattisgarh,korea ,2021,4,2738248456.4006133,1688351
9465,chhattisgarh,mungeli ,2021,4,1492676825.6655662,870531
9466,chhattisgarh,bilaspur ,2021,4,11326296354.842558,7784221
9467,chhattisgarh,balrampur ,2021,4,2575260752.0334625,1247713
9468,chhattisgarh,bijapur ,2021,4,1378643772.5967786,614833
9469,chhattisgarh,bemetara ,2021,4,1829091197.081568,1010707
9470,chhattisgarh,bastar ,2021,4,3398738422.638014,1879817
9471,chhattisgarh,kondagaon ,2021,4,1443085278.5441618,820093
9472,chhattisgarh,mahasamund ,2021,4,4025481736.715737,2324300
9473,chhattisgarh,hamtari ,2021,1,1207143038.1613414,616731
9474,chhattisgarh,korba ,2021,1,3547673112.829475,2152362
9475,chhattisgarh,urajpur ,2021,1,1463328896.6740713,737441
9476,chhattisgarh,baloda bazar ,2021,1,2084677637.5493598,1102370
9477,chhattisgarh,ukma ,2021,1,681369447.0794361,226511
9478,chhattisgarh,aigarh ,2021,1,4233022686.648001,2237708
9479,chhattisgarh,janjgir champa ,2021,1,4086540675.2864065,2237748
9480,chhattisgarh,jashpur ,2021,1,1265771754.067021,587229
9481,chhattisgarh,balod ,2021,1,1132187020.9628415,645219
9482,chhattisgarh,kabirdham ,2021,1,968261725.3060706,571899
9483,chhattisgarh,urguja ,2021,1,2299690489.1146884,1195343
9484,chhattisgarh,antewada ,2021,1,786274768.7264975,315403
9485,chhattisgarh,gariyaband ,2021,1,770501929.6385391,396818
9486,chhattisgarh,urg ,2021,1,7697855739.555681,5455260
9487,chhattisgarh,ajnandgaon ,2021,1,2509162848.912773,1390205
9488,chhattisgarh,aipur ,2021,1,17249749779.092148,10625343
9489,chhattisgarh,narayanpur ,2021,1,243552618.44345498,109993
9490,chhattisgarh,kanker ,2021,1,1482694763.8975682,619999
9491,chhattisgarh,korea ,2021,1,1498312909.9027839,796358
9492,chhattisgarh,mungeli ,2021,1,750343760.2255621,383383
9493,chhattisgarh,bilaspur ,2021,1,5548981180.581255,3400745
9494,chhattisgarh,balrampur ,2021,1,1498078490.3852754,597667
9495,chhattisgarh,bijapur ,2021,1,770612635.6192801,291788
9496,chhattisgarh,bemetara ,2021,1,943164752.8279293,518166
9497,chhattisgarh,bastar ,2021,1,1693715519.2819068,779252
9498,chhattisgarh,kondagaon ,2021,1,776775266.3840878,360985
9499,chhattisgarh,mahasamund ,2021,1,2220399814.3984013,1084511
9500,chhattisgarh,hamtari ,2021,3,1824710331.729756,985124
9501,chhattisgarh,korba ,2021,3,5269832115.82479,3562384
9502,chhattisgarh,urajpur ,2021,3,2128314524.3322616,1244377
9503,chhattisgarh,baloda bazar ,2021,3,3285959111.615432,1923490
9504,chhattisgarh,ukma ,2021,3,1100850189.6459508,380899
9505,chhattisgarh,aigarh ,2021,3,6178904602.829477,3676121
9506,chhattisgarh,janjgir champa ,2021,3,6044129725.467278,3691134
9507,chhattisgarh,jashpur ,2021,3,1842499910.8893065,962130
9508,chhattisgarh,balod ,2021,3,1667022367.554027,1006571
9509,chhattisgarh,kabirdham ,2021,3,1535927184.3485236,957202
9510,chhattisgarh,urguja ,2021,3,3418441123.0492086,2006253
9511,chhattisgarh,antewada ,2021,3,1130039078.1037703,499985
9512,chhattisgarh,gariyaband ,2021,3,1211971006.3224025,677715
9513,chhattisgarh,urg ,2021,3,11563387669.133896,8289193
9514,chhattisgarh,ajnandgaon ,2021,3,3963184198.405422,2353407
9515,chhattisgarh,aipur ,2021,3,26769245295.713993,17276668
9516,chhattisgarh,narayanpur ,2021,3,340593780.9719819,167442
9517,chhattisgarh,kanker ,2021,3,2049763959.4001064,987222
9518,chhattisgarh,korea ,2021,3,2180425835.148514,1325395
9519,chhattisgarh,mungeli ,2021,3,1165469291.6083956,654791
9520,chhattisgarh,bilaspur ,2021,3,8478327761.385537,5603933
9521,chhattisgarh,balrampur ,2021,3,2054725671.9706836,961639
9522,chhattisgarh,bijapur ,2021,3,1089393531.4026604,469983
9523,chhattisgarh,bemetara ,2021,3,1405816374.1530037,820436
9524,chhattisgarh,bastar ,2021,3,2529543183.0390534,1337066
9525,chhattisgarh,kondagaon ,2021,3,1129475741.4449344,603305
9526,chhattisgarh,mahasamund ,2021,3,3248154697.285629,1814073
9527,chhattisgarh,hamtari ,2021,2,1475776201.9027843,803714
9528,chhattisgarh,korba ,2021,2,4078628168.1593704,2556656
9529,chhattisgarh,urajpur ,2021,2,1729440595.3210092,913088
9530,chhattisgarh,baloda bazar ,2021,2,2578930313.1679645,1461126
9531,chhattisgarh,ukma ,2021,2,816528670.0119865,300111
9532,chhattisgarh,aigarh ,2021,2,4606676921.965151,2634959
9533,chhattisgarh,janjgir champa ,2021,2,4781785298.469424,2835495
9534,chhattisgarh,jashpur ,2021,2,1441881668.181817,728879
9535,chhattisgarh,balod ,2021,2,1380147490.6980267,826679
9536,chhattisgarh,kabirdham ,2021,2,1267472695.823462,771345
9537,chhattisgarh,urguja ,2021,2,2575596438.475781,1332917
9538,chhattisgarh,antewada ,2021,2,912949701.6650429,405620
9539,chhattisgarh,gariyaband ,2021,2,947099930.6488261,533040
9540,chhattisgarh,urg ,2021,2,8406607059.064627,5360198
9541,chhattisgarh,ajnandgaon ,2021,2,3047951973.381322,1698948
9542,chhattisgarh,aipur ,2021,2,18678914879.009037,10882417
9543,chhattisgarh,narayanpur ,2021,2,278432933.8749313,137697
9544,chhattisgarh,kanker ,2021,2,1633931245.0420275,765639
9545,chhattisgarh,korea ,2021,2,1764272111.0023508,984343
9546,chhattisgarh,mungeli ,2021,2,987805834.1695999,530168
9547,chhattisgarh,bilaspur ,2021,2,6128946520.089718,3617926
9548,chhattisgarh,balrampur ,2021,2,1767610921.031614,750454
9549,chhattisgarh,bijapur ,2021,2,897448843.8484007,372315
9550,chhattisgarh,bemetara ,2021,2,1191912269.372146,684190
9551,chhattisgarh,bastar ,2021,2,1858017026.943087,956445
9552,chhattisgarh,kondagaon ,2021,2,884960983.553756,469272
9553,chhattisgarh,mahasamund ,2021,2,2609044564.352538,1375779
9554,chhattisgarh,hamtari ,2019,4,364594358.2390928,226628
9555,chhattisgarh,korba ,2019,4,1007648571.7689122,579614
9556,chhattisgarh,urajpur ,2019,4,411575360.19320095,224124
9557,chhattisgarh,baloda bazar ,2019,4,645723475.139449,372076
9558,chhattisgarh,ukma ,2019,4,205940213.5776856,84343
9559,chhattisgarh,aigarh ,2019,4,1244726770.8233235,727666
9560,chhattisgarh,janjgir champa ,2019,4,1362421999.961806,869528
9561,chhattisgarh,jashpur ,2019,4,350361155.7118863,194854
9562,chhattisgarh,balod ,2019,4,332199715.104324,211986
9563,chhattisgarh,kabirdham ,2019,4,282998909.3669796,185476
9564,chhattisgarh,urguja ,2019,4,730934546.7175045,398053
9565,chhattisgarh,antewada ,2019,4,265146167.73870057,117225
9566,chhattisgarh,gariyaband ,2019,4,255244213.77110636,147799
9567,chhattisgarh,urg ,2019,4,3617557460.4601965,2628735
9568,chhattisgarh,ajnandgaon ,2019,4,711713323.6292998,445558
9569,chhattisgarh,aipur ,2019,4,9527539915.79604,5644383
9570,chhattisgarh,narayanpur ,2019,4,79062278.68644199,46004
9571,chhattisgarh,kanker ,2019,4,452866036.0415764,232027
9572,chhattisgarh,korea ,2019,4,448456877.46415675,244650
9573,chhattisgarh,mungeli ,2019,4,211669072.72300637,124192
9574,chhattisgarh,bilaspur ,2019,4,2176560885.6034384,1367178
9575,chhattisgarh,balrampur ,2019,4,479163643.4470446,203589
9576,chhattisgarh,bijapur ,2019,4,258665089.07495868,112547
9577,chhattisgarh,bemetara ,2019,4,308208450.5400082,183767
9578,chhattisgarh,bastar ,2019,4,574718383.181036,290231
9579,chhattisgarh,kondagaon ,2019,4,227155762.96871975,123171
9580,chhattisgarh,mahasamund ,2019,4,610936099.4831579,320354
9581,chhattisgarh,hamtari ,2019,1,209101529.89930615,127393
9582,chhattisgarh,korba ,2019,1,577233813.7773559,372554
9583,chhattisgarh,urajpur ,2019,1,231844122.91644695,147208
9584,chhattisgarh,baloda bazar ,2019,1,389323840.7684001,241579
9585,chhattisgarh,ukma ,2019,1,89330823.71831319,43905
9586,chhattisgarh,aigarh ,2019,1,806661077.7315385,487271
9587,chhattisgarh,janjgir champa ,2019,1,1002709901.1296669,772956
9588,chhattisgarh,jashpur ,2019,1,222488873.21001586,110172
9589,chhattisgarh,balod ,2019,1,177414584.9702202,121587
9590,chhattisgarh,kabirdham ,2019,1,163043397.68265548,119875
9591,chhattisgarh,urguja ,2019,1,429088362.04631805,227723
9592,chhattisgarh,antewada ,2019,1,131673356.21701257,63018
9593,chhattisgarh,gariyaband ,2019,1,168035253.84766734,92577
9594,chhattisgarh,urg ,2019,1,1453318461.819101,1008156
9595,chhattisgarh,ajnandgaon ,2019,1,400107405.4412125,247733
9596,chhattisgarh,aipur ,2019,1,2956050311.786186,1847370
9597,chhattisgarh,narayanpur ,2019,1,49783663.73427805,26074
9598,chhattisgarh,kanker ,2019,1,239779871.56521487,122627
9599,chhattisgarh,korea ,2019,1,271127156.53484166,161384
9600,chhattisgarh,mungeli ,2019,1,130902009.1119632,79597
9601,chhattisgarh,bilaspur ,2019,1,1049002076.6296932,760633
9602,chhattisgarh,balrampur ,2019,1,312596791.4590051,115076
9603,chhattisgarh,bijapur ,2019,1,92607592.19433284,47810
9604,chhattisgarh,bemetara ,2019,1,185597215.99455848,110242
9605,chhattisgarh,bastar ,2019,1,303174307.19293064,164104
9606,chhattisgarh,kondagaon ,2019,1,132832437.79960512,73753
9607,chhattisgarh,mahasamund ,2019,1,369728146.1505085,195292
9608,chhattisgarh,hamtari ,2019,3,267008482.5539409,178554
9609,chhattisgarh,korba ,2019,3,720041271.8570987,423953
9610,chhattisgarh,urajpur ,2019,3,289672854.9581479,164739
9611,chhattisgarh,baloda bazar ,2019,3,476320269.71492374,290500
9612,chhattisgarh,ukma ,2019,3,156368729.4516258,69659
9613,chhattisgarh,aigarh ,2019,3,927881426.8494444,551609
9614,chhattisgarh,janjgir champa ,2019,3,1162313123.0965266,796397
9615,chhattisgarh,jashpur ,2019,3,259121301.67828047,152015
9616,chhattisgarh,balod ,2019,3,249468764.90815693,162963
9617,chhattisgarh,kabirdham ,2019,3,217234590.1639042,143834
9618,chhattisgarh,urguja ,2019,3,535846373.88721716,293050
9619,chhattisgarh,antewada ,2019,3,207146775.6195376,100063
9620,chhattisgarh,gariyaband ,2019,3,198947427.66690576,118147
9621,chhattisgarh,urg ,2019,3,2714043340.330802,2023250
9622,chhattisgarh,ajnandgaon ,2019,3,543905597.005911,347908
9623,chhattisgarh,aipur ,2019,3,6485603479.074835,3977297
9624,chhattisgarh,narayanpur ,2019,3,62303879.75476987,38609
9625,chhattisgarh,kanker ,2019,3,350436897.75481415,187349
9626,chhattisgarh,korea ,2019,3,332214564.5644927,179034
9627,chhattisgarh,mungeli ,2019,3,160821668.56034932,91597
9628,chhattisgarh,bilaspur ,2019,3,1661024492.5870595,998165
9629,chhattisgarh,balrampur ,2019,3,357557994.34776396,149868
9630,chhattisgarh,bijapur ,2019,3,198283499.35625884,91833
9631,chhattisgarh,bemetara ,2019,3,215769361.95399207,144795
9632,chhattisgarh,bastar ,2019,3,425608185.8589128,223444
9633,chhattisgarh,kondagaon ,2019,3,176502268.42671663,98865
9634,chhattisgarh,mahasamund ,2019,3,451812545.4709327,245614
9635,chhattisgarh,hamtari ,2019,2,224601064.60839948,129792
9636,chhattisgarh,korba ,2019,2,647738439.6403924,333692
9637,chhattisgarh,urajpur ,2019,2,271873847.06389415,132413
9638,chhattisgarh,baloda bazar ,2019,2,425860968.55239475,221143
9639,chhattisgarh,ukma ,2019,2,135038882.88271204,49779
9640,chhattisgarh,aigarh ,2019,2,837453321.4246501,431031
9641,chhattisgarh,janjgir champa ,2019,2,924458855.5334843,559574
9642,chhattisgarh,jashpur ,2019,2,264280533.1828053,117254
9643,chhattisgarh,balod ,2019,2,214449206.33355334,126367
9644,chhattisgarh,kabirdham ,2019,2,192177770.6921211,112190
9645,chhattisgarh,urguja ,2019,2,486013730.88778156,217707
9646,chhattisgarh,antewada ,2019,2,170474770.36004472,67171
9647,chhattisgarh,gariyaband ,2019,2,183912563.08200598,88745
9648,chhattisgarh,urg ,2019,2,2380514730.2993526,1547551
9649,chhattisgarh,ajnandgaon ,2019,2,483937834.9265368,254329
9650,chhattisgarh,aipur ,2019,2,5288462569.173023,3068366
9651,chhattisgarh,narayanpur ,2019,2,53965415.92474572,28248
9652,chhattisgarh,kanker ,2019,2,288031799.8913356,126925
9653,chhattisgarh,korea ,2019,2,294485943.6771824,144064
9654,chhattisgarh,mungeli ,2019,2,155911222.3354161,77646
9655,chhattisgarh,bilaspur ,2019,2,1454675923.9684186,845039
9656,chhattisgarh,balrampur ,2019,2,347340407.5913938,119100
9657,chhattisgarh,bijapur ,2019,2,165337534.91376665,62405
9658,chhattisgarh,bemetara ,2019,2,196623353.23445675,109005
9659,chhattisgarh,bastar ,2019,2,366941641.6442934,162781
9660,chhattisgarh,kondagaon ,2019,2,156325610.65860105,71252
9661,chhattisgarh,mahasamund ,2019,2,391467746.3395828,186376
9662,chhattisgarh,hamtari ,2023,4,7955653750.0,5315268
9663,chhattisgarh,korba ,2023,4,22276819296.0,19726650
9664,chhattisgarh,urajpur ,2023,4,7690684428.0,6623820
9665,chhattisgarh,baloda bazar ,2023,4,14730630630.0,11419243
9666,chhattisgarh,ukma ,2023,4,3297943517.0,1929446
9667,chhattisgarh,aigarh ,2023,4,26600453833.0,21979370
9668,chhattisgarh,janjgir champa ,2023,4,20779991262.0,17898423
9669,chhattisgarh,jashpur ,2023,4,8200405342.0,6005195
9670,chhattisgarh,balod ,2023,4,6796035207.0,5051646
9671,chhattisgarh,kabirdham ,2023,4,7422827410.0,6394170
9672,chhattisgarh,urguja ,2023,4,14539598411.0,12245136
9673,chhattisgarh,antewada ,2023,4,4628960806.0,3080510
9674,chhattisgarh,gariyaband ,2023,4,5350636287.0,3871279
9675,chhattisgarh,urg ,2023,4,41327809019.0,33934555
9676,chhattisgarh,ajnandgaon ,2023,4,16545526589.0,12172390
9677,chhattisgarh,aipur ,2023,4,83942581882.0,65920222
9678,chhattisgarh,narayanpur ,2023,4,1895980333.0,1278342
9679,chhattisgarh,kanker ,2023,4,8536319018.0,5810825
9680,chhattisgarh,korea ,2023,4,7494509463.0,6169209
9681,chhattisgarh,mungeli ,2023,4,5767325811.0,4768058
9682,chhattisgarh,bilaspur ,2023,4,38440929490.0,34002727
9683,chhattisgarh,balrampur ,2023,4,8019807502.0,5631617
9684,chhattisgarh,bijapur ,2023,4,3762300646.0,2513720
9685,chhattisgarh,bemetara ,2023,4,6983533299.0,5236731
9686,chhattisgarh,bastar ,2023,4,12093466910.0,9247329
9687,chhattisgarh,kondagaon ,2023,4,5136207773.0,3718769
9688,chhattisgarh,mahasamund ,2023,4,13768096631.0,9931682
9689,chhattisgarh,hamtari ,2023,1,6000061935.0,3656892
9690,chhattisgarh,korba ,2023,1,16488882083.0,12843212
9691,chhattisgarh,urajpur ,2023,1,5789576532.0,4342391
9692,chhattisgarh,baloda bazar ,2023,1,10652987448.0,7197194
9693,chhattisgarh,ukma ,2023,1,2441450038.0,1202965
9694,chhattisgarh,aigarh ,2023,1,20128762185.0,14309929
9695,chhattisgarh,janjgir champa ,2023,1,16206439751.0,11935407
9696,chhattisgarh,jashpur ,2023,1,6229114336.0,3899006
9697,chhattisgarh,balod ,2023,1,5149710449.0,3402491
9698,chhattisgarh,kabirdham ,2023,1,5687558670.0,4236786
9699,chhattisgarh,urguja ,2023,1,10560053086.0,7940333
9700,chhattisgarh,antewada ,2023,1,3167599784.0,1928165
9701,chhattisgarh,gariyaband ,2023,1,3945750314.0,2585427
9702,chhattisgarh,urg ,2023,1,31147636873.0,23859545
9703,chhattisgarh,ajnandgaon ,2023,1,12366125060.0,8307564
9704,chhattisgarh,aipur ,2023,1,62999064541.0,45622190
9705,chhattisgarh,narayanpur ,2023,1,1230653608.0,740408
9706,chhattisgarh,kanker ,2023,1,6343820186.0,3794435
9707,chhattisgarh,korea ,2023,1,5549483901.0,4120545
9708,chhattisgarh,mungeli ,2023,1,4306392412.0,2911314
9709,chhattisgarh,bilaspur ,2023,1,28109717724.0,22515986
9710,chhattisgarh,balrampur ,2023,1,5802847604.0,3528512
9711,chhattisgarh,bijapur ,2023,1,2619108818.0,1568967
9712,chhattisgarh,bemetara ,2023,1,5123208070.0,3343552
9713,chhattisgarh,bastar ,2023,1,8655486341.0,5886758
9714,chhattisgarh,kondagaon ,2023,1,3799080869.0,2469881
9715,chhattisgarh,mahasamund ,2023,1,10588363841.0,6599102
9716,chhattisgarh,hamtari ,2023,3,6897666355.0,4830109
9717,chhattisgarh,korba ,2023,3,19369427880.0,16911757
9718,chhattisgarh,urajpur ,2023,3,6569849424.0,5685887
9719,chhattisgarh,baloda bazar ,2023,3,12351770326.0,9910412
9720,chhattisgarh,ukma ,2023,3,3067564834.0,1664849
9721,chhattisgarh,aigarh ,2023,3,22862641868.0,18851633
9722,chhattisgarh,janjgir champa ,2023,3,18039692126.0,15405776
9723,chhattisgarh,jashpur ,2023,3,6884575049.0,5059434
9724,chhattisgarh,balod ,2023,3,5841350483.0,4531222
9725,chhattisgarh,kabirdham ,2023,3,6456489928.0,5755831
9726,chhattisgarh,urguja ,2023,3,12367549277.0,10418990
9727,chhattisgarh,antewada ,2023,3,3891216445.0,2610446
9728,chhattisgarh,gariyaband ,2023,3,4618354051.0,3503215
9729,chhattisgarh,urg ,2023,3,36454227676.0,30518239
9730,chhattisgarh,ajnandgaon ,2023,3,14242094539.0,10792121
9731,chhattisgarh,aipur ,2023,3,74957335333.0,60246482
9732,chhattisgarh,narayanpur ,2023,3,1549573419.0,1046451
9733,chhattisgarh,kanker ,2023,3,7268253071.0,5069290
9734,chhattisgarh,korea ,2023,3,6626755027.0,5423770
9735,chhattisgarh,mungeli ,2023,3,4927292067.0,4049961
9736,chhattisgarh,bilaspur ,2023,3,33373211751.0,29954762
9737,chhattisgarh,balrampur ,2023,3,6520858748.0,4724066
9738,chhattisgarh,bijapur ,2023,3,3227286272.0,2119985
9739,chhattisgarh,bemetara ,2023,3,5624889453.0,4527970
9740,chhattisgarh,bastar ,2023,3,10281497026.0,7993185
9741,chhattisgarh,kondagaon ,2023,3,4364853221.0,3226589
9742,chhattisgarh,mahasamund ,2023,3,11743403877.0,8660225
9743,chhattisgarh,hamtari ,2023,2,6504926942.0,4310978
9744,chhattisgarh,korba ,2023,2,18016273425.0,14707141
9745,chhattisgarh,urajpur ,2023,2,6439054027.0,5073961
9746,chhattisgarh,baloda bazar ,2023,2,11581152240.0,8570502
9747,chhattisgarh,ukma ,2023,2,2826810551.0,1448558
9748,chhattisgarh,aigarh ,2023,2,21670817692.0,16537898
9749,chhattisgarh,janjgir champa ,2023,2,17840916543.0,14164104
9750,chhattisgarh,jashpur ,2023,2,7093957770.0,4742040
9751,chhattisgarh,balod ,2023,2,5648028582.0,4013844
9752,chhattisgarh,kabirdham ,2023,2,6192156276.0,4977783
9753,chhattisgarh,urguja ,2023,2,12083741021.0,9320236
9754,chhattisgarh,antewada ,2023,2,3601912356.0,2266424
9755,chhattisgarh,gariyaband ,2023,2,4078176360.0,2951233
9756,chhattisgarh,urg ,2023,2,34354238161.0,26918873
9757,chhattisgarh,ajnandgaon ,2023,2,13738399065.0,9678721
9758,chhattisgarh,aipur ,2023,2,69883706700.0,52620640
9759,chhattisgarh,narayanpur ,2023,2,1426973100.0,901454
9760,chhattisgarh,kanker ,2023,2,7071816827.0,4521013
9761,chhattisgarh,korea ,2023,2,6110652430.0,4808232
9762,chhattisgarh,mungeli ,2023,2,4886384221.0,3545182
9763,chhattisgarh,bilaspur ,2023,2,31728128217.0,26295348
9764,chhattisgarh,balrampur ,2023,2,6478886396.0,4209158
9765,chhattisgarh,bijapur ,2023,2,3121723791.0,1913141
9766,chhattisgarh,bemetara ,2023,2,5755335210.0,3965704
9767,chhattisgarh,bastar ,2023,2,9625103589.0,6971246
9768,chhattisgarh,kondagaon ,2023,2,4253050551.0,2886508
9769,chhattisgarh,mahasamund ,2023,2,11144524711.0,7611714
9770,chhattisgarh,hamtari ,2022,4,3600539015.3520136,2104649
9771,chhattisgarh,korba ,2022,4,9998923126.807133,7598691
9772,chhattisgarh,urajpur ,2022,4,3500297801.620641,2453633
9773,chhattisgarh,baloda bazar ,2022,4,7027700030.598945,4723545
9774,chhattisgarh,ukma ,2022,4,1556490008.8478792,725982
9775,chhattisgarh,aigarh ,2022,4,11974795198.59215,8475730
9776,chhattisgarh,janjgir champa ,2022,4,9873971004.747929,7194881
9777,chhattisgarh,jashpur ,2022,4,3689088832.663941,2252299
9778,chhattisgarh,balod ,2022,4,3159690376.313387,2049159
9779,chhattisgarh,kabirdham ,2022,4,3457300146.5222387,2517731
9780,chhattisgarh,urguja ,2022,4,6525605229.70492,4530080
9781,chhattisgarh,antewada ,2022,4,2047808550.647596,1172140
9782,chhattisgarh,gariyaband ,2022,4,2231783832.959365,1441112
9783,chhattisgarh,urg ,2022,4,64247502275.46566,48523671
9784,chhattisgarh,ajnandgaon ,2022,4,9255085937.73935,6195224
9785,chhattisgarh,aipur ,2022,4,55662404886.39614,38862259
9786,chhattisgarh,narayanpur ,2022,4,734297157.5177327,438873
9787,chhattisgarh,kanker ,2022,4,4394118422.900604,2602695
9788,chhattisgarh,korea ,2022,4,3437798677.1198387,2413508
9789,chhattisgarh,mungeli ,2022,4,2617303034.121156,1711917
9790,chhattisgarh,bilaspur ,2022,4,21208051820.214054,16252139
9791,chhattisgarh,balrampur ,2022,4,3640523929.4939756,2016933
9792,chhattisgarh,bijapur ,2022,4,1709405178.4032738,960301
9793,chhattisgarh,bemetara ,2022,4,3193058083.5620394,1978543
9794,chhattisgarh,bastar ,2022,4,5260070136.804683,3447914
9795,chhattisgarh,kondagaon ,2022,4,2220740205.564878,1426629
9796,chhattisgarh,mahasamund ,2022,4,6294827909.790524,3890208
9797,chhattisgarh,hamtari ,2022,1,2833407184.977332,1492243
9798,chhattisgarh,korba ,2022,1,8306489271.356157,5626866
9799,chhattisgarh,urajpur ,2022,1,3173368816.5758076,1886693
9800,chhattisgarh,baloda bazar ,2022,1,5025353758.266698,2925957
9801,chhattisgarh,ukma ,2022,1,1280893928.981685,505004
9802,chhattisgarh,aigarh ,2022,1,9885641555.115366,5959088
9803,chhattisgarh,janjgir champa ,2022,1,8737068867.594168,5495226
9804,chhattisgarh,jashpur ,2022,1,2930779141.778676,1508729
9805,chhattisgarh,balod ,2022,1,2513134327.614071,1477405
9806,chhattisgarh,kabirdham ,2022,1,2487844561.6715946,1567571
9807,chhattisgarh,urguja ,2022,1,5281342196.784164,3182242
9808,chhattisgarh,antewada ,2022,1,1589432533.293374,782199
9809,chhattisgarh,gariyaband ,2022,1,1881190060.2894657,1056471
9810,chhattisgarh,urg ,2022,1,16423362101.016968,11345594
9811,chhattisgarh,ajnandgaon ,2022,1,6015130524.624992,3505850
9812,chhattisgarh,aipur ,2022,1,39990361268.69826,25836062
9813,chhattisgarh,narayanpur ,2022,1,561274826.5691612,277768
9814,chhattisgarh,kanker ,2022,1,3237590649.399125,1599699
9815,chhattisgarh,korea ,2022,1,3078262597.331434,1909908
9816,chhattisgarh,mungeli ,2022,1,1897584378.2166843,1074535
9817,chhattisgarh,bilaspur ,2022,1,13169861328.37149,9081044
9818,chhattisgarh,balrampur ,2022,1,3023784892.212961,1442159
9819,chhattisgarh,bijapur ,2022,1,1407048680.7855577,651494
9820,chhattisgarh,bemetara ,2022,1,2287658824.6461735,1259037
9821,chhattisgarh,bastar ,2022,1,4004268081.1117897,2203676
9822,chhattisgarh,kondagaon ,2022,1,1804893354.0830288,972613
9823,chhattisgarh,mahasamund ,2022,1,5020017743.469414,2788159
9824,chhattisgarh,hamtari ,2022,3,3145385394.9857397,1857935
9825,chhattisgarh,korba ,2022,3,8648711540.86557,6608931
9826,chhattisgarh,urajpur ,2022,3,2937049679.2905383,2077425
9827,chhattisgarh,baloda bazar ,2022,3,5461550646.150799,3792643
9828,chhattisgarh,ukma ,2022,3,1520506217.3774014,656635
9829,chhattisgarh,aigarh ,2022,3,10922658445.861914,7689276
9830,chhattisgarh,janjgir champa ,2022,3,8376914109.862602,6191246
9831,chhattisgarh,jashpur ,2022,3,2878931805.3226185,1762763
9832,chhattisgarh,balod ,2022,3,2793505852.289542,1864797
9833,chhattisgarh,kabirdham ,2022,3,2948782973.2776895,2192889
9834,chhattisgarh,urguja ,2022,3,5443547309.295029,3762924
9835,chhattisgarh,antewada ,2022,3,1794740970.3763485,1013017
9836,chhattisgarh,gariyaband ,2022,3,1939753877.4317908,1288987
9837,chhattisgarh,urg ,2022,3,51553772130.12859,40201479
9838,chhattisgarh,ajnandgaon ,2022,3,6526559476.401953,4236901
9839,chhattisgarh,aipur ,2022,3,55869046982.08136,40322093
9840,chhattisgarh,narayanpur ,2022,3,622593663.7887788,364655
9841,chhattisgarh,kanker ,2022,3,3529341404.4962525,2077996
9842,chhattisgarh,korea ,2022,3,2959646414.8193007,2080709
9843,chhattisgarh,mungeli ,2022,3,2112394538.7583802,1408097
9844,chhattisgarh,bilaspur ,2022,3,17597668488.143303,13659373
9845,chhattisgarh,balrampur ,2022,3,2891432155.059689,1661288
9846,chhattisgarh,bijapur ,2022,3,1604311323.8041184,844285
9847,chhattisgarh,bemetara ,2022,3,4429824031.631753,3218200
9848,chhattisgarh,bastar ,2022,3,4495325808.820375,2899716
9849,chhattisgarh,kondagaon ,2022,3,1935816216.8808231,1218309
9850,chhattisgarh,mahasamund ,2022,3,5221786624.788328,3300018
9851,chhattisgarh,hamtari ,2022,2,3261297839.925982,1839169
9852,chhattisgarh,korba ,2022,2,9217368563.787317,6482877
9853,chhattisgarh,urajpur ,2022,2,3414032926.0130477,2152901
9854,chhattisgarh,baloda bazar ,2022,2,5665773484.94288,3518514
9855,chhattisgarh,ukma ,2022,2,1507874121.1545746,617457
9856,chhattisgarh,aigarh ,2022,2,10866819292.413807,6953143
9857,chhattisgarh,janjgir champa ,2022,2,9565720454.277157,6418156
9858,chhattisgarh,jashpur ,2022,2,3357567336.012565,1842899
9859,chhattisgarh,balod ,2022,2,2920249115.0517426,1788680
9860,chhattisgarh,kabirdham ,2022,2,2947966125.8460627,1890334
9861,chhattisgarh,urguja ,2022,2,6107066837.900622,3814390
9862,chhattisgarh,antewada ,2022,2,1785681996.4817522,957773
9863,chhattisgarh,gariyaband ,2022,2,2015058785.2967784,1226883
9864,chhattisgarh,urg ,2022,2,19339415904.388374,13554254
9865,chhattisgarh,ajnandgaon ,2022,2,7037763265.735464,4284921
9866,chhattisgarh,aipur ,2022,2,46778811056.547844,31131873
9867,chhattisgarh,narayanpur ,2022,2,655917400.9782778,355877
9868,chhattisgarh,kanker ,2022,2,3702057060.147361,1931954
9869,chhattisgarh,korea ,2022,2,3361419242.8768406,2156896
9870,chhattisgarh,mungeli ,2022,2,2234057058.141594,1336917
9871,chhattisgarh,bilaspur ,2022,2,15470182616.440014,11026765
9872,chhattisgarh,balrampur ,2022,2,3247393592.938486,1652393
9873,chhattisgarh,bijapur ,2022,2,1692585254.4603574,825640
9874,chhattisgarh,bemetara ,2022,2,2689553868.8986735,1529354
9875,chhattisgarh,bastar ,2022,2,4723340575.37052,2787919
9876,chhattisgarh,kondagaon ,2022,2,2074544813.2730875,1218095
9877,chhattisgarh,mahasamund ,2022,2,5542158574.479666,3288014
9878,chhattisgarh,hamtari ,2020,4,1116630006.0085955,624812
9879,chhattisgarh,korba ,2020,4,3184943428.3822093,1984429
9880,chhattisgarh,urajpur ,2020,4,1305789055.4768894,676567
9881,chhattisgarh,baloda bazar ,2020,4,1896871501.902258,1079166
9882,chhattisgarh,ukma ,2020,4,638524490.7419174,238465
9883,chhattisgarh,aigarh ,2020,4,3637725480.8909154,2064164
9884,chhattisgarh,janjgir champa ,2020,4,3743676244.613643,2192318
9885,chhattisgarh,jashpur ,2020,4,1101179048.8851104,599900
9886,chhattisgarh,balod ,2020,4,1065314612.5838513,653978
9887,chhattisgarh,kabirdham ,2020,4,894582481.4049557,551734
9888,chhattisgarh,urguja ,2020,4,2064653403.7490907,1086420
9889,chhattisgarh,antewada ,2020,4,789981955.5130013,318775
9890,chhattisgarh,gariyaband ,2020,4,739494892.833446,417169
9891,chhattisgarh,urg ,2020,4,7302773368.858854,4913427
9892,chhattisgarh,ajnandgaon ,2020,4,2254466252.901078,1290120
9893,chhattisgarh,aipur ,2020,4,14747848599.148956,8570997
9894,chhattisgarh,narayanpur ,2020,4,257167467.5268439,126331
9895,chhattisgarh,kanker ,2020,4,1358849804.8078868,634514
9896,chhattisgarh,korea ,2020,4,1395166961.7705023,754942
9897,chhattisgarh,mungeli ,2020,4,666087422.2678833,363678
9898,chhattisgarh,bilaspur ,2020,4,4829260316.92908,2837963
9899,chhattisgarh,balrampur ,2020,4,1340368849.4000525,578790
9900,chhattisgarh,bijapur ,2020,4,766898011.8716979,307460
9901,chhattisgarh,bemetara ,2020,4,870151678.1162208,520944
9902,chhattisgarh,bastar ,2020,4,1566415259.0535295,738632
9903,chhattisgarh,kondagaon ,2020,4,728929648.0722761,369192
9904,chhattisgarh,mahasamund ,2020,4,1951224040.2379332,1034749
9905,chhattisgarh,hamtari ,2020,1,540051855.9444383,327305
9906,chhattisgarh,korba ,2020,1,1166839868.1460686,718120
9907,chhattisgarh,urajpur ,2020,1,473520926.39881825,271529
9908,chhattisgarh,baloda bazar ,2020,1,758990785.274246,458451
9909,chhattisgarh,ukma ,2020,1,237179270.88055882,103677
9910,chhattisgarh,aigarh ,2020,1,1441862102.9480531,853049
9911,chhattisgarh,janjgir champa ,2020,1,1488048447.0181952,931656
9912,chhattisgarh,jashpur ,2020,1,399914857.0065902,245808
9913,chhattisgarh,balod ,2020,1,405890896.2419557,266297
9914,chhattisgarh,kabirdham ,2020,1,333091859.6139035,226697
9915,chhattisgarh,urguja ,2020,1,825221523.2257853,471783
9916,chhattisgarh,antewada ,2020,1,289371036.081318,137611
9917,chhattisgarh,gariyaband ,2020,1,298939099.61672366,179753
9918,chhattisgarh,urg ,2020,1,3703033691.5734186,2720717
9919,chhattisgarh,ajnandgaon ,2020,1,829638269.61084,530737
9920,chhattisgarh,aipur ,2020,1,12890786407.130106,7165357
9921,chhattisgarh,narayanpur ,2020,1,94150093.29922323,53826
9922,chhattisgarh,kanker ,2020,1,543997906.2762351,286427
9923,chhattisgarh,korea ,2020,1,495684980.83725876,282413
9924,chhattisgarh,mungeli ,2020,1,245594493.84039813,150686
9925,chhattisgarh,bilaspur ,2020,1,2606579319.869314,1626602
9926,chhattisgarh,balrampur ,2020,1,538258897.6136359,250651
9927,chhattisgarh,bijapur ,2020,1,284069644.98290277,134336
9928,chhattisgarh,bemetara ,2020,1,344270011.2919048,228647
9929,chhattisgarh,bastar ,2020,1,648430548.0752722,343428
9930,chhattisgarh,kondagaon ,2020,1,264923582.99052787,163047
9931,chhattisgarh,mahasamund ,2020,1,712257295.5688996,395381
9932,chhattisgarh,hamtari ,2020,3,785732349.938926,464301
9933,chhattisgarh,korba ,2020,3,2009501714.6041927,1244497
9934,chhattisgarh,urajpur ,2020,3,871383230.3060559,466294
9935,chhattisgarh,baloda bazar ,2020,3,1235479975.3188782,771002
9936,chhattisgarh,ukma ,2020,3,438530201.2157915,169385
9937,chhattisgarh,aigarh ,2020,3,2458680204.7860084,1433072
9938,chhattisgarh,janjgir champa ,2020,3,2490630273.085557,1514440
9939,chhattisgarh,jashpur ,2020,3,733938150.3368851,430402
9940,chhattisgarh,balod ,2020,3,733232796.0256181,471846
9941,chhattisgarh,kabirdham ,2020,3,608806472.2682915,402381
9942,chhattisgarh,urguja ,2020,3,1327658513.4476824,707337
9943,chhattisgarh,antewada ,2020,3,513318881.200006,229155
9944,chhattisgarh,gariyaband ,2020,3,526052466.32615495,302410
9945,chhattisgarh,urg ,2020,3,4422630206.029019,3050549
9946,chhattisgarh,ajnandgaon ,2020,3,1486830890.3385725,877383
9947,chhattisgarh,aipur ,2020,3,10684762115.033833,6042530
9948,chhattisgarh,narayanpur ,2020,3,172616130.5030778,88855
9949,chhattisgarh,kanker ,2020,3,944194080.7817578,458506
9950,chhattisgarh,korea ,2020,3,903153468.0155666,505107
9951,chhattisgarh,mungeli ,2020,3,440214275.05159545,261398
9952,chhattisgarh,bilaspur ,2020,3,2896159000.806561,1745292
9953,chhattisgarh,balrampur ,2020,3,1014202448.380359,441036
9954,chhattisgarh,bijapur ,2020,3,499340515.0420793,211349
9955,chhattisgarh,bemetara ,2020,3,568030403.7356443,391183
9956,chhattisgarh,bastar ,2020,3,996159111.5029507,494723
9957,chhattisgarh,kondagaon ,2020,3,472823128.6065277,262629
9958,chhattisgarh,mahasamund ,2020,3,1292683804.8464174,711477
9959,chhattisgarh,hamtari ,2020,2,710351734.8383749,417014
9960,chhattisgarh,korba ,2020,2,1508035673.146365,944646
9961,chhattisgarh,urajpur ,2020,2,668176436.046548,359594
9962,chhattisgarh,baloda bazar ,2020,2,1023037088.3420137,633348
9963,chhattisgarh,ukma ,2020,2,350776600.2738137,142964
9964,chhattisgarh,aigarh ,2020,2,1795114177.701589,1086995
9965,chhattisgarh,janjgir champa ,2020,2,2013421603.7532818,1248433
9966,chhattisgarh,jashpur ,2020,2,567530236.0333706,352428
9967,chhattisgarh,balod ,2020,2,548044714.9343276,375043
9968,chhattisgarh,kabirdham ,2020,2,523719319.5328407,326874
9969,chhattisgarh,urguja ,2020,2,943051720.5904517,533916
9970,chhattisgarh,antewada ,2020,2,395884888.0561264,185996
9971,chhattisgarh,gariyaband ,2020,2,474806305.0637693,256651
9972,chhattisgarh,urg ,2020,2,3224351699.513093,2269659
9973,chhattisgarh,ajnandgaon ,2020,2,1115085386.2998686,673472
9974,chhattisgarh,aipur ,2020,2,8132937028.126704,4506567
9975,chhattisgarh,narayanpur ,2020,2,144153919.67027372,79049
9976,chhattisgarh,kanker ,2020,2,720470774.5190057,386419
9977,chhattisgarh,korea ,2020,2,725095695.8659099,386555
9978,chhattisgarh,mungeli ,2020,2,403225447.3262347,233660
9979,chhattisgarh,bilaspur ,2020,2,2187204544.3310075,1317592
9980,chhattisgarh,balrampur ,2020,2,863677503.587856,364767
9981,chhattisgarh,bijapur ,2020,2,411677296.53790194,178476
9982,chhattisgarh,bemetara ,2020,2,493432459.02954155,326694
9983,chhattisgarh,bastar ,2020,2,971932585.9016597,464740
9984,chhattisgarh,kondagaon ,2020,2,365998866.829898,214666
9985,chhattisgarh,mahasamund ,2020,2,987188501.0492831,554707
9986,chhattisgarh,hamtari ,2018,4,164708733.96832758,108799
9987,chhattisgarh,korba ,2018,4,480365449.42326164,270387
9988,chhattisgarh,urajpur ,2018,4,192938270.21663088,109764
9989,chhattisgarh,baloda bazar ,2018,4,295982106.36890244,190033
9990,chhattisgarh,ukma ,2018,4,66493047.42363013,29759
9991,chhattisgarh,aigarh ,2018,4,609355216.1028209,371009
9992,chhattisgarh,janjgir champa ,2018,4,1023380162.572681,669790
9993,chhattisgarh,jashpur ,2018,4,181439133.7637751,91425
9994,chhattisgarh,balod ,2018,4,149467198.1419273,101967
9995,chhattisgarh,kabirdham ,2018,4,130261125.4707921,90957
9996,chhattisgarh,urguja ,2018,4,354179706.54506606,174043
9997,chhattisgarh,antewada ,2018,4,114087585.90967672,51960
9998,chhattisgarh,gariyaband ,2018,4,154467158.4469632,82751
9999,chhattisgarh,urg ,2018,4,944287367.5683255,529904
10000,chhattisgarh,ajnandgaon ,2018,4,352901504.78259885,204099
10001,chhattisgarh,aipur ,2018,4,1740861108.0445876,891868
10002,chhattisgarh,narayanpur ,2018,4,37921533.67589848,20798
10003,chhattisgarh,kanker ,2018,4,204619479.11186063,102769
10004,chhattisgarh,korea ,2018,4,237083469.33324972,122536
10005,chhattisgarh,mungeli ,2018,4,106414846.43663485,82792
10006,chhattisgarh,bilaspur ,2018,4,730446431.89519,471373
10007,chhattisgarh,balrampur ,2018,4,247643052.91707128,92320
10008,chhattisgarh,bijapur ,2018,4,83030265.77317062,38826
10009,chhattisgarh,bemetara ,2018,4,156087709.93434596,100405
10010,chhattisgarh,bastar ,2018,4,240073969.67640284,123188
10011,chhattisgarh,kondagaon ,2018,4,120750465.63868642,63449
10012,chhattisgarh,mahasamund ,2018,4,297166565.82886094,178873
10013,chhattisgarh,hamtari ,2018,1,36969406.65169988,40907
10014,chhattisgarh,korba ,2018,1,99366683.13643219,93345
10015,chhattisgarh,urajpur ,2018,1,34242977.1533452,35573
10016,chhattisgarh,baloda bazar ,2018,1,55455251.90835041,61987
10017,chhattisgarh,ukma ,2018,1,6509136.045384104,3825
10018,chhattisgarh,aigarh ,2018,1,140463994.72274816,133135
10019,chhattisgarh,janjgir champa ,2018,1,223984259.54781693,219761
10020,chhattisgarh,jashpur ,2018,1,39068620.43575929,41174
10021,chhattisgarh,balod ,2018,1,33548672.664485324,36121
10022,chhattisgarh,kabirdham ,2018,1,22661025.448303588,32615
10023,chhattisgarh,urguja ,2018,1,77822921.04137452,68251
10024,chhattisgarh,antewada ,2018,1,12999922.810604937,8452
10025,chhattisgarh,gariyaband ,2018,1,38684589.83509959,40648
10026,chhattisgarh,urg ,2018,1,274435199.8248116,226774
10027,chhattisgarh,ajnandgaon ,2018,1,79830832.05145703,73040
10028,chhattisgarh,aipur ,2018,1,474633363.8981755,323570
10029,chhattisgarh,narayanpur ,2018,1,2964107.201561708,2998
10030,chhattisgarh,kanker ,2018,1,28373231.31840328,29788
10031,chhattisgarh,korea ,2018,1,44008432.87485616,39025
10032,chhattisgarh,mungeli ,2018,1,15819138.35146201,19819
10033,chhattisgarh,bilaspur ,2018,1,169865045.94570604,158509
10034,chhattisgarh,balrampur ,2018,1,41793646.192111745,29546
10035,chhattisgarh,bijapur ,2018,1,10478592.789207593,5863
10036,chhattisgarh,bemetara ,2018,1,40326244.06428747,41406
10037,chhattisgarh,bastar ,2018,1,50365512.88669063,38895
10038,chhattisgarh,kondagaon ,2018,1,25283402.36998293,22249
10039,chhattisgarh,mahasamund ,2018,1,69201346.06665277,64238
10040,chhattisgarh,hamtari ,2018,3,117488009.0239144,82428
10041,chhattisgarh,korba ,2018,3,293436194.59698164,184852
10042,chhattisgarh,urajpur ,2018,3,117394526.2211022,70726
10043,chhattisgarh,baloda bazar ,2018,3,204693992.96310723,127539
10044,chhattisgarh,ukma ,2018,3,34497222.33322545,14906
10045,chhattisgarh,aigarh ,2018,3,410153295.34528005,263831
10046,chhattisgarh,janjgir champa ,2018,3,761781545.6720302,544027
10047,chhattisgarh,jashpur ,2018,3,107652984.44522895,68085
10048,chhattisgarh,balod ,2018,3,92661258.52399492,71561
10049,chhattisgarh,kabirdham ,2018,3,79081577.09812817,59769
10050,chhattisgarh,urguja ,2018,3,222467433.69994545,123129
10051,chhattisgarh,antewada ,2018,3,61983191.57948123,30707
10052,chhattisgarh,gariyaband ,2018,3,100197481.7308268,68853
10053,chhattisgarh,urg ,2018,3,670651315.7474772,397408
10054,chhattisgarh,ajnandgaon ,2018,3,234428137.06427848,154856
10055,chhattisgarh,aipur ,2018,3,1235190303.9525878,659871
10056,chhattisgarh,narayanpur ,2018,3,14992218.067332882,10326
10057,chhattisgarh,kanker ,2018,3,99066430.65690401,62200
10058,chhattisgarh,korea ,2018,3,151849657.85464737,79975
10059,chhattisgarh,mungeli ,2018,3,58982986.65258928,40168
10060,chhattisgarh,bilaspur ,2018,3,498127861.8344182,335751
10061,chhattisgarh,balrampur ,2018,3,150052868.27342016,59664
10062,chhattisgarh,bijapur ,2018,3,52221607.48542527,23318
10063,chhattisgarh,bemetara ,2018,3,110600944.88712542,73056
10064,chhattisgarh,bastar ,2018,3,152773164.90885538,84286
10065,chhattisgarh,kondagaon ,2018,3,70026983.47794574,42641
10066,chhattisgarh,mahasamund ,2018,3,199853879.35012454,125671
10067,chhattisgarh,hamtari ,2018,2,75916210.48885134,64767
10068,chhattisgarh,korba ,2018,2,211036250.02659774,138391
10069,chhattisgarh,urajpur ,2018,2,71214642.79943518,52149
10070,chhattisgarh,baloda bazar ,2018,2,133808358.16844037,92920
10071,chhattisgarh,ukma ,2018,2,17216596.73504253,6329
10072,chhattisgarh,aigarh ,2018,2,269228922.7693977,190903
10073,chhattisgarh,janjgir champa ,2018,2,565626317.3622495,402022
10074,chhattisgarh,jashpur ,2018,2,81880457.75661291,57456
10075,chhattisgarh,balod ,2018,2,55679688.81664646,51273
10076,chhattisgarh,kabirdham ,2018,2,50368745.15026155,45836
10077,chhattisgarh,urguja ,2018,2,156057826.47418585,94260
10078,chhattisgarh,antewada ,2018,2,33319758.30556655,16759
10079,chhattisgarh,gariyaband ,2018,2,69652731.44749868,54234
10080,chhattisgarh,urg ,2018,2,466514532.1427194,302345
10081,chhattisgarh,ajnandgaon ,2018,2,152826147.2432136,118132
10082,chhattisgarh,aipur ,2018,2,841704574.3248034,470127
10083,chhattisgarh,narayanpur ,2018,2,6008458.096208755,4613
10084,chhattisgarh,kanker ,2018,2,60601702.39365116,39505
10085,chhattisgarh,korea ,2018,2,95050511.51330401,54668
10086,chhattisgarh,mungeli ,2018,2,36967297.02084474,31126
10087,chhattisgarh,bilaspur ,2018,2,324449553.2865913,227499
10088,chhattisgarh,balrampur ,2018,2,112473572.26822115,45309
10089,chhattisgarh,bijapur ,2018,2,26201133.89758309,12815
10090,chhattisgarh,bemetara ,2018,2,80647586.92949432,61257
10091,chhattisgarh,bastar ,2018,2,96021635.6917436,57153
10092,chhattisgarh,kondagaon ,2018,2,49190220.37838579,31090
10093,chhattisgarh,mahasamund ,2018,2,124507011.67411298,93218
10094,chhattisgarh,hamtari ,2024,1,9086400135.0,5903518
10095,chhattisgarh,korba ,2024,1,25663966825.0,22849476
10096,chhattisgarh,urajpur ,2024,1,9019904257.0,7598162
10097,chhattisgarh,baloda bazar ,2024,1,17818647962.0,13410704
10098,chhattisgarh,ukma ,2024,1,3559334668.0,2140706
10099,chhattisgarh,aigarh ,2024,1,33250809217.0,26078375
10100,chhattisgarh,janjgir champa ,2024,1,25175613835.0,20829462
10101,chhattisgarh,jashpur ,2024,1,10398662011.0,7068728
10102,chhattisgarh,balod ,2024,1,7809254688.0,5589000
10103,chhattisgarh,kabirdham ,2024,1,8867854814.0,7383975
10104,chhattisgarh,urguja ,2024,1,16591023974.0,14014653
10105,chhattisgarh,antewada ,2024,1,4925316180.0,3412567
10106,chhattisgarh,gariyaband ,2024,1,6650680024.0,4524375
10107,chhattisgarh,urg ,2024,1,44914229955.0,37656214
10108,chhattisgarh,ajnandgaon ,2024,1,18674634970.0,13715399
10109,chhattisgarh,aipur ,2024,1,91845650100.0,73645333
10110,chhattisgarh,narayanpur ,2024,1,2062709615.0,1421201
10111,chhattisgarh,kanker ,2024,1,9687445421.0,6525306
10112,chhattisgarh,korea ,2024,1,8465472964.0,6931641
10113,chhattisgarh,mungeli ,2024,1,7027921494.0,5608015
10114,chhattisgarh,bilaspur ,2024,1,42919210531.0,38344460
10115,chhattisgarh,balrampur ,2024,1,9322972672.0,6381033
10116,chhattisgarh,bijapur ,2024,1,4038771729.0,2840073
10117,chhattisgarh,bemetara ,2024,1,8331359315.0,6142404
10118,chhattisgarh,bastar ,2024,1,13423400993.0,10504047
10119,chhattisgarh,kondagaon ,2024,1,5865297151.0,4137033
10120,chhattisgarh,mahasamund ,2024,1,17613264401.0,11520824
10121,jammu & kashmir,muzaffarabad ,2021,4,21241442.22450836,5831
10122,jammu & kashmir,oda ,2021,4,435237678.46631306,235025
10123,jammu & kashmir,amba ,2021,4,1144805603.769711,492079
10124,jammu & kashmir,mirpur ,2021,4,142452278.94317237,39050
10125,jammu & kashmir,nagar ,2021,4,7232270069.006123,2900577
10126,jammu & kashmir,baramulla ,2021,4,1567275687.193142,787593
10127,jammu & kashmir,jammu ,2021,4,16627649138.408905,6639541
10128,jammu & kashmir,ganderbal ,2021,4,370559306.14335734,211443
10129,jammu & kashmir,udhampur ,2021,4,1409015376.0471456,621122
10130,jammu & kashmir,bandipore ,2021,4,426224671.10234237,230443
10131,jammu & kashmir,easi ,2021,4,721602756.4764307,332221
10132,jammu & kashmir,hopian ,2021,4,324099702.9246179,158150
10133,jammu & kashmir,poonch ,2021,4,610046677.2859366,224247
10134,jammu & kashmir,kathua ,2021,4,1082468701.539606,528207
10135,jammu & kashmir,kishtwar ,2021,4,242172974.0745622,120885
10136,jammu & kashmir,pulwama ,2021,4,988006961.9135485,462342
10137,jammu & kashmir,amban ,2021,4,423301690.5890018,199682
10138,jammu & kashmir,ajouri ,2021,4,998884379.6677287,363872
10139,jammu & kashmir,kulgam ,2021,4,450818697.9289175,279358
10140,jammu & kashmir,budgam ,2021,4,1358477847.9462016,678080
10141,jammu & kashmir,anantnag ,2021,4,1035794983.4736751,683078
10142,jammu & kashmir,kupwara ,2021,4,1313830800.64671,597802
10143,jammu & kashmir,muzaffarabad ,2021,1,7018769.97680518,1760
10144,jammu & kashmir,oda ,2021,1,197962516.58644903,93540
10145,jammu & kashmir,amba ,2021,1,489544571.0195805,201873
10146,jammu & kashmir,mirpur ,2021,1,76641365.50414479,19836
10147,jammu & kashmir,nagar ,2021,1,2568956545.4611216,1027161
10148,jammu & kashmir,baramulla ,2021,1,785025036.8822093,410535
10149,jammu & kashmir,jammu ,2021,1,7421535965.773878,2651223
10150,jammu & kashmir,ganderbal ,2021,1,163957078.62440437,90691
10151,jammu & kashmir,udhampur ,2021,1,659211752.0750571,253788
10152,jammu & kashmir,bandipore ,2021,1,212281960.49428704,110105
10153,jammu & kashmir,easi ,2021,1,310187729.6204411,129459
10154,jammu & kashmir,hopian ,2021,1,140201587.32333398,72084
10155,jammu & kashmir,poonch ,2021,1,299466026.8590725,103668
10156,jammu & kashmir,kathua ,2021,1,476737690.8982123,245017
10157,jammu & kashmir,kishtwar ,2021,1,119471258.11255996,51696
10158,jammu & kashmir,pulwama ,2021,1,506298792.83870804,230547
10159,jammu & kashmir,amban ,2021,1,198841833.51555723,79917
10160,jammu & kashmir,ajouri ,2021,1,544732582.9070423,185784
10161,jammu & kashmir,kulgam ,2021,1,178549172.9397456,118926
10162,jammu & kashmir,budgam ,2021,1,629196655.3946896,314969
10163,jammu & kashmir,anantnag ,2021,1,500687365.6142787,317577
10164,jammu & kashmir,kupwara ,2021,1,651843634.7301381,287414
10165,jammu & kashmir,muzaffarabad ,2021,3,15722035.204606244,4058
10166,jammu & kashmir,oda ,2021,3,377444601.9327241,178242
10167,jammu & kashmir,amba ,2021,3,822873576.4759533,352992
10168,jammu & kashmir,mirpur ,2021,3,122345912.5978739,32777
10169,jammu & kashmir,nagar ,2021,3,5510884597.059817,2196468
10170,jammu & kashmir,baramulla ,2021,3,1285810267.7066154,647847
10171,jammu & kashmir,jammu ,2021,3,13867943225.785107,5192026
10172,jammu & kashmir,ganderbal ,2021,3,338209062.1399027,176334
10173,jammu & kashmir,udhampur ,2021,3,1090587535.866065,476615
10174,jammu & kashmir,bandipore ,2021,3,340899753.33691466,177163
10175,jammu & kashmir,easi ,2021,3,542552590.7556257,247073
10176,jammu & kashmir,hopian ,2021,3,229098781.19403479,124570
10177,jammu & kashmir,poonch ,2021,3,520994995.97337115,182447
10178,jammu & kashmir,kathua ,2021,3,762622103.9071403,399722
10179,jammu & kashmir,kishtwar ,2021,3,208106532.42523685,96068
10180,jammu & kashmir,pulwama ,2021,3,826511580.0632427,393629
10181,jammu & kashmir,amban ,2021,3,367286361.96328044,157474
10182,jammu & kashmir,ajouri ,2021,3,823624344.2157102,289081
10183,jammu & kashmir,kulgam ,2021,3,360260919.092471,223401
10184,jammu & kashmir,budgam ,2021,3,1112797675.6615355,545818
10185,jammu & kashmir,anantnag ,2021,3,938064508.2337394,580106
10186,jammu & kashmir,kupwara ,2021,3,1133802686.4410892,477130
10187,jammu & kashmir,muzaffarabad ,2021,2,10753997.018016852,3148
10188,jammu & kashmir,oda ,2021,2,278351055.12039316,140197
10189,jammu & kashmir,amba ,2021,2,627782719.5376384,272944
10190,jammu & kashmir,mirpur ,2021,2,100332260.09541795,27536
10191,jammu & kashmir,nagar ,2021,2,3491629169.891506,1529261
10192,jammu & kashmir,baramulla ,2021,2,966623715.8159674,558737
10193,jammu & kashmir,jammu ,2021,2,10159766998.570372,3793205
10194,jammu & kashmir,ganderbal ,2021,2,232925318.179365,140457
10195,jammu & kashmir,udhampur ,2021,2,841569039.9908626,361814
10196,jammu & kashmir,bandipore ,2021,2,285432318.8981966,160002
10197,jammu & kashmir,easi ,2021,2,315743621.2957236,155375
10198,jammu & kashmir,hopian ,2021,2,162612796.33491415,103178
10199,jammu & kashmir,poonch ,2021,2,414593947.4794037,155606
10200,jammu & kashmir,kathua ,2021,2,635043868.1523829,329534
10201,jammu & kashmir,kishtwar ,2021,2,153411579.98716158,76391
10202,jammu & kashmir,pulwama ,2021,2,632761432.1392006,332326
10203,jammu & kashmir,amban ,2021,2,253971901.63214535,117866
10204,jammu & kashmir,ajouri ,2021,2,634121152.0877542,239185
10205,jammu & kashmir,kulgam ,2021,2,256728224.91522247,192379
10206,jammu & kashmir,budgam ,2021,2,822332973.9248707,450138
10207,jammu & kashmir,anantnag ,2021,2,717788809.3041894,479956
10208,jammu & kashmir,kupwara ,2021,2,819478528.2209682,408584
10209,jammu & kashmir,muzaffarabad ,2019,4,33490.7377982426,13
10210,jammu & kashmir,oda ,2019,4,13087031.76313566,2864
10211,jammu & kashmir,amba ,2019,4,53713327.351715714,14817
10212,jammu & kashmir,mirpur ,2019,4,3841256.042835106,642
10213,jammu & kashmir,nagar ,2019,4,474222741.4546555,117133
10214,jammu & kashmir,baramulla ,2019,4,30863315.57342449,8345
10215,jammu & kashmir,jammu ,2019,4,928579096.2076488,231238
10216,jammu & kashmir,ganderbal ,2019,4,4743500.871029498,834
10217,jammu & kashmir,udhampur ,2019,4,91344412.2796205,22103
10218,jammu & kashmir,bandipore ,2019,4,1680075.8498654477,300
10219,jammu & kashmir,easi ,2019,4,43788337.944249794,12986
10220,jammu & kashmir,hopian ,2019,4,648555.5507799082,285
10221,jammu & kashmir,poonch ,2019,4,37926598.592978455,10130
10222,jammu & kashmir,kathua ,2019,4,83151146.69576254,28288
10223,jammu & kashmir,kishtwar ,2019,4,9695993.464283273,2057
10224,jammu & kashmir,pulwama ,2019,4,9185346.443124529,1473
10225,jammu & kashmir,amban ,2019,4,49372161.637940705,14088
10226,jammu & kashmir,ajouri ,2019,4,65942824.07004503,15973
10227,jammu & kashmir,kulgam ,2019,4,982047.0576332739,211
10228,jammu & kashmir,budgam ,2019,4,11629862.550543789,2351
10229,jammu & kashmir,anantnag ,2019,4,11464594.84393266,3109
10230,jammu & kashmir,kupwara ,2019,4,3800280.8395930566,688
10231,jammu & kashmir,muzaffarabad ,2019,1,802634.3065277553,309
10232,jammu & kashmir,oda ,2019,1,52638941.01283811,19704
10233,jammu & kashmir,amba ,2019,1,119636659.29644221,51437
10234,jammu & kashmir,mirpur ,2019,1,17006249.140305094,4690
10235,jammu & kashmir,nagar ,2019,1,595281412.755115,310516
10236,jammu & kashmir,baramulla ,2019,1,235373167.04939288,164873
10237,jammu & kashmir,jammu ,2019,1,880021398.3075252,336553
10238,jammu & kashmir,ganderbal ,2019,1,53435135.4465961,44270
10239,jammu & kashmir,udhampur ,2019,1,165236170.74876732,61146
10240,jammu & kashmir,bandipore ,2019,1,57896061.76627199,41790
10241,jammu & kashmir,easi ,2019,1,66524100.007024944,27880
10242,jammu & kashmir,hopian ,2019,1,29280786.002076503,18043
10243,jammu & kashmir,poonch ,2019,1,2702486522.9746447,1923655
10244,jammu & kashmir,kathua ,2019,1,123437204.57869422,65843
10245,jammu & kashmir,kishtwar ,2019,1,24577316.528928503,8801
10246,jammu & kashmir,pulwama ,2019,1,128624249.28698528,73558
10247,jammu & kashmir,amban ,2019,1,51349078.85543774,21258
10248,jammu & kashmir,ajouri ,2019,1,133203926.99960737,45577
10249,jammu & kashmir,kulgam ,2019,1,58528128.30016053,64816
10250,jammu & kashmir,budgam ,2019,1,182507224.81175336,141988
10251,jammu & kashmir,anantnag ,2019,1,115882661.62980533,92467
10252,jammu & kashmir,kupwara ,2019,1,158106446.71607158,65813
10253,jammu & kashmir,muzaffarabad ,2019,3,878367.6864000999,289
10254,jammu & kashmir,oda ,2019,3,39001610.496151924,13665
10255,jammu & kashmir,amba ,2019,3,83363005.10981622,32337
10256,jammu & kashmir,mirpur ,2019,3,11882521.929194864,3501
10257,jammu & kashmir,nagar ,2019,3,1391918063.9301224,329195
10258,jammu & kashmir,baramulla ,2019,3,164311812.1144624,55226
10259,jammu & kashmir,jammu ,2019,3,885413982.5256196,275239
10260,jammu & kashmir,ganderbal ,2019,3,58009547.84811531,20047
10261,jammu & kashmir,udhampur ,2019,3,135163022.78214857,43153
10262,jammu & kashmir,bandipore ,2019,3,42396418.66176845,15986
10263,jammu & kashmir,easi ,2019,3,59225448.98924215,22807
10264,jammu & kashmir,hopian ,2019,3,16229882.153781377,7786
10265,jammu & kashmir,poonch ,2019,3,75145778.40317626,23270
10266,jammu & kashmir,kathua ,2019,3,90084615.95369668,42083
10267,jammu & kashmir,kishtwar ,2019,3,21173636.241557535,7443
10268,jammu & kashmir,pulwama ,2019,3,104266797.68078922,33089
10269,jammu & kashmir,amban ,2019,3,69645588.74289,23615
10270,jammu & kashmir,ajouri ,2019,3,112169651.6625633,34386
10271,jammu & kashmir,kulgam ,2019,3,33851231.999382496,17217
10272,jammu & kashmir,budgam ,2019,3,114191268.29962389,41566
10273,jammu & kashmir,anantnag ,2019,3,117282515.54028721,39325
10274,jammu & kashmir,kupwara ,2019,3,118625723.03167562,35301
10275,jammu & kashmir,muzaffarabad ,2019,2,1356184.7873196776,358
10276,jammu & kashmir,oda ,2019,2,74037772.87435512,25374
10277,jammu & kashmir,amba ,2019,2,142027333.5175769,54413
10278,jammu & kashmir,mirpur ,2019,2,25540990.107606493,5820
10279,jammu & kashmir,nagar ,2019,2,1997435095.3858333,721517
10280,jammu & kashmir,baramulla ,2019,2,324305667.3040718,150503
10281,jammu & kashmir,jammu ,2019,2,1521238563.9344492,532412
10282,jammu & kashmir,ganderbal ,2019,2,87050223.77363622,42072
10283,jammu & kashmir,udhampur ,2019,2,212612443.68697757,70405
10284,jammu & kashmir,bandipore ,2019,2,86691218.6373212,41227
10285,jammu & kashmir,easi ,2019,2,91038294.73353264,35425
10286,jammu & kashmir,hopian ,2019,2,47839036.06601636,19607
10287,jammu & kashmir,poonch ,2019,2,120247830.87705097,38370
10288,jammu & kashmir,kathua ,2019,2,140667309.65092766,62989
10289,jammu & kashmir,kishtwar ,2019,2,36238981.23104668,13465
10290,jammu & kashmir,pulwama ,2019,2,192069086.39596564,72486
10291,jammu & kashmir,amban ,2019,2,87397686.35956638,32101
10292,jammu & kashmir,ajouri ,2019,2,189339489.0274282,59741
10293,jammu & kashmir,kulgam ,2019,2,70172206.0431724,47276
10294,jammu & kashmir,budgam ,2019,2,244724342.9971184,118107
10295,jammu & kashmir,anantnag ,2019,2,176892916.91069663,76968
10296,jammu & kashmir,kupwara ,2019,2,231219527.26181516,75719
10297,jammu & kashmir,muzaffarabad ,2023,4,88114272.0,45913
10298,jammu & kashmir,oda ,2023,4,1782463386.0,1522265
10299,jammu & kashmir,amba ,2023,4,4395996752.0,3222238
10300,jammu & kashmir,mirpur ,2023,4,403390530.0,207425
10301,jammu & kashmir,nagar ,2023,4,10113352740.0,7074012
10302,jammu & kashmir,baramulla ,2023,4,6414810534.0,5009274
10303,jammu & kashmir,jammu ,2023,4,23295898530.0,16836698
10304,jammu & kashmir,ganderbal ,2023,4,1587488854.0,1239072
10305,jammu & kashmir,udhampur ,2023,4,4822653780.0,3516389
10306,jammu & kashmir,bandipore ,2023,4,1583429415.0,1337160
10307,jammu & kashmir,easi ,2023,4,2902563933.0,2204425
10308,jammu & kashmir,hopian ,2023,4,1705185937.0,1358140
10309,jammu & kashmir,poonch ,2023,4,2568995996.0,1611652
10310,jammu & kashmir,kathua ,2023,4,4645358981.0,3271541
10311,jammu & kashmir,kishtwar ,2023,4,1009423446.0,838700
10312,jammu & kashmir,pulwama ,2023,4,3937047720.0,2718256
10313,jammu & kashmir,amban ,2023,4,1727315306.0,1353636
10314,jammu & kashmir,ajouri ,2023,4,3744674648.0,2348353
10315,jammu & kashmir,kulgam ,2023,4,2300544081.0,2038643
10316,jammu & kashmir,budgam ,2023,4,4948841420.0,3782455
10317,jammu & kashmir,anantnag ,2023,4,4563638521.0,3898355
10318,jammu & kashmir,kupwara ,2023,4,4528952978.0,3732530
10319,jammu & kashmir,muzaffarabad ,2023,1,51235460.0,20128
10320,jammu & kashmir,oda ,2023,1,963594006.0,865832
10321,jammu & kashmir,amba ,2023,1,2881890615.0,1784289
10322,jammu & kashmir,mirpur ,2023,1,289931459.0,126701
10323,jammu & kashmir,nagar ,2023,1,5650181266.0,3695677
10324,jammu & kashmir,baramulla ,2023,1,3542417579.0,2752305
10325,jammu & kashmir,jammu ,2023,1,15395688639.0,10062633
10326,jammu & kashmir,ganderbal ,2023,1,800267495.0,644922
10327,jammu & kashmir,udhampur ,2023,1,3199398064.0,2150992
10328,jammu & kashmir,bandipore ,2023,1,915148396.0,754833
10329,jammu & kashmir,easi ,2023,1,1862756570.0,1233189
10330,jammu & kashmir,hopian ,2023,1,739993898.0,623973
10331,jammu & kashmir,poonch ,2023,1,1517844484.0,897818
10332,jammu & kashmir,kathua ,2023,1,2772584597.0,1772544
10333,jammu & kashmir,kishtwar ,2023,1,569176836.0,487478
10334,jammu & kashmir,pulwama ,2023,1,2301558160.0,1576453
10335,jammu & kashmir,amban ,2023,1,1041150660.0,772706
10336,jammu & kashmir,ajouri ,2023,1,2352043692.0,1314677
10337,jammu & kashmir,kulgam ,2023,1,1040759344.0,1057703
10338,jammu & kashmir,budgam ,2023,1,2875364245.0,2135840
10339,jammu & kashmir,anantnag ,2023,1,2447319229.0,2186498
10340,jammu & kashmir,kupwara ,2023,1,2711442887.0,2010053
10341,jammu & kashmir,muzaffarabad ,2023,3,92613431.0,43317
10342,jammu & kashmir,oda ,2023,3,1662178991.0,1389865
10343,jammu & kashmir,amba ,2023,3,3799380535.0,2803963
10344,jammu & kashmir,mirpur ,2023,3,360260789.0,182955
10345,jammu & kashmir,nagar ,2023,3,9995586701.0,7003470
10346,jammu & kashmir,baramulla ,2023,3,5690607706.0,4764647
10347,jammu & kashmir,jammu ,2023,3,19883917524.0,14432102
10348,jammu & kashmir,ganderbal ,2023,3,2303133445.0,1518152
10349,jammu & kashmir,udhampur ,2023,3,4231599879.0,3051454
10350,jammu & kashmir,bandipore ,2023,3,1596055809.0,1276481
10351,jammu & kashmir,easi ,2023,3,2602430820.0,1898355
10352,jammu & kashmir,hopian ,2023,3,1294714599.0,1189432
10353,jammu & kashmir,poonch ,2023,3,2362346048.0,1478439
10354,jammu & kashmir,kathua ,2023,3,3791246562.0,2707886
10355,jammu & kashmir,kishtwar ,2023,3,1004496567.0,798927
10356,jammu & kashmir,pulwama ,2023,3,3873276450.0,2662125
10357,jammu & kashmir,amban ,2023,3,1777537378.0,1292908
10358,jammu & kashmir,ajouri ,2023,3,3436523552.0,2098826
10359,jammu & kashmir,kulgam ,2023,3,1983213851.0,1931905
10360,jammu & kashmir,budgam ,2023,3,4944326402.0,3693931
10361,jammu & kashmir,anantnag ,2023,3,4972376475.0,4122154
10362,jammu & kashmir,kupwara ,2023,3,4358324912.0,3562285
10363,jammu & kashmir,muzaffarabad ,2023,2,65849840.0,35337
10364,jammu & kashmir,oda ,2023,2,1389627752.0,1230358
10365,jammu & kashmir,amba ,2023,2,3578070894.0,2462291
10366,jammu & kashmir,mirpur ,2023,2,376011800.0,183099
10367,jammu & kashmir,nagar ,2023,2,9057848812.0,5798618
10368,jammu & kashmir,baramulla ,2023,2,5012742718.0,3950312
10369,jammu & kashmir,jammu ,2023,2,18093034879.0,12519665
10370,jammu & kashmir,ganderbal ,2023,2,1523913758.0,1094888
10371,jammu & kashmir,udhampur ,2023,2,4021272291.0,2810698
10372,jammu & kashmir,bandipore ,2023,2,1344236762.0,1065502
10373,jammu & kashmir,easi ,2023,2,2622419268.0,1749496
10374,jammu & kashmir,hopian ,2023,2,1103187221.0,989787
10375,jammu & kashmir,poonch ,2023,2,2319474214.0,1340547
10376,jammu & kashmir,kathua ,2023,2,3367803832.0,2417101
10377,jammu & kashmir,kishtwar ,2023,2,813628523.0,663666
10378,jammu & kashmir,pulwama ,2023,2,3358021119.0,2254773
10379,jammu & kashmir,amban ,2023,2,1467712387.0,1125339
10380,jammu & kashmir,ajouri ,2023,2,3125635603.0,1846860
10381,jammu & kashmir,kulgam ,2023,2,1640404531.0,1628248
10382,jammu & kashmir,budgam ,2023,2,4214975804.0,3062613
10383,jammu & kashmir,anantnag ,2023,2,3997881663.0,3335448
10384,jammu & kashmir,kupwara ,2023,2,4036251709.0,3023653
10385,jammu & kashmir,muzaffarabad ,2022,4,35055780.855990365,14832
10386,jammu & kashmir,oda ,2022,4,629795395.8400228,513476
10387,jammu & kashmir,amba ,2022,4,1822006887.441403,1025985
10388,jammu & kashmir,mirpur ,2022,4,184917178.2132864,72961
10389,jammu & kashmir,nagar ,2022,4,5356773720.96018,3176470
10390,jammu & kashmir,baramulla ,2022,4,2370515820.01391,1599504
10391,jammu & kashmir,jammu ,2022,4,15674936388.296492,9213783
10392,jammu & kashmir,ganderbal ,2022,4,597517710.9861526,411732
10393,jammu & kashmir,udhampur ,2022,4,2035000646.9887607,1227109
10394,jammu & kashmir,bandipore ,2022,4,626896193.6954811,451513
10395,jammu & kashmir,easi ,2022,4,1146621584.5183542,700011
10396,jammu & kashmir,hopian ,2022,4,610805803.8629034,402989
10397,jammu & kashmir,poonch ,2022,4,1050594398.560792,538857
10398,jammu & kashmir,kathua ,2022,4,1765328885.276795,1035799
10399,jammu & kashmir,kishtwar ,2022,4,387202223.58237594,283374
10400,jammu & kashmir,pulwama ,2022,4,1594427876.0287037,963378
10401,jammu & kashmir,amban ,2022,4,692350601.4061894,438060
10402,jammu & kashmir,ajouri ,2022,4,1476623503.222388,726588
10403,jammu & kashmir,kulgam ,2022,4,837066487.4013662,654424
10404,jammu & kashmir,budgam ,2022,4,1932170615.5444055,1306982
10405,jammu & kashmir,anantnag ,2022,4,1684090753.6075988,1338553
10406,jammu & kashmir,kupwara ,2022,4,1804597459.1902237,1219778
10407,jammu & kashmir,muzaffarabad ,2022,1,19960049.91358368,5151
10408,jammu & kashmir,oda ,2022,1,421316780.2833054,243924
10409,jammu & kashmir,amba ,2022,1,1229539785.5198188,588078
10410,jammu & kashmir,mirpur ,2022,1,124084071.18939105,38244
10411,jammu & kashmir,nagar ,2022,1,5949336258.494824,2743701
10412,jammu & kashmir,baramulla ,2022,1,1607194898.3390284,877608
10413,jammu & kashmir,jammu ,2022,1,11881749307.528316,5510056
10414,jammu & kashmir,ganderbal ,2022,1,345901039.9280174,210863
10415,jammu & kashmir,udhampur ,2022,1,1568037829.8497906,729905
10416,jammu & kashmir,bandipore ,2022,1,442350711.2491821,259483
10417,jammu & kashmir,easi ,2022,1,730878668.0515049,362457
10418,jammu & kashmir,hopian ,2022,1,256594552.48595798,162032
10419,jammu & kashmir,poonch ,2022,1,638025507.382849,242450
10420,jammu & kashmir,kathua ,2022,1,1177353985.585809,608852
10421,jammu & kashmir,kishtwar ,2022,1,253794904.9452212,142061
10422,jammu & kashmir,pulwama ,2022,1,1004677770.5886711,508605
10423,jammu & kashmir,amban ,2022,1,426250571.16478634,212611
10424,jammu & kashmir,ajouri ,2022,1,1014911355.8101926,397302
10425,jammu & kashmir,kulgam ,2022,1,402883161.9725286,300260
10426,jammu & kashmir,budgam ,2022,1,1319712135.4938066,718312
10427,jammu & kashmir,anantnag ,2022,1,1032527025.5719063,728868
10428,jammu & kashmir,kupwara ,2022,1,1300783254.8105645,654488
10429,jammu & kashmir,muzaffarabad ,2022,3,36613737.026607536,12533
10430,jammu & kashmir,oda ,2022,3,609472501.3634437,373904
10431,jammu & kashmir,amba ,2022,3,1581915447.7990084,842829
10432,jammu & kashmir,mirpur ,2022,3,165963511.14880985,57562
10433,jammu & kashmir,nagar ,2022,3,4804161643.106109,2447805
10434,jammu & kashmir,baramulla ,2022,3,2203515919.7910256,1311393
10435,jammu & kashmir,jammu ,2022,3,13607597636.170393,7526503
10436,jammu & kashmir,ganderbal ,2022,3,930632192.6087635,472648
10437,jammu & kashmir,udhampur ,2022,3,1863833971.9477148,997199
10438,jammu & kashmir,bandipore ,2022,3,668983199.9584781,386029
10439,jammu & kashmir,easi ,2022,3,1072011932.774343,570648
10440,jammu & kashmir,hopian ,2022,3,501659068.4017532,320567
10441,jammu & kashmir,poonch ,2022,3,897489057.0183108,388681
10442,jammu & kashmir,kathua ,2022,3,1473463666.339784,834884
10443,jammu & kashmir,kishtwar ,2022,3,396196222.3084749,225295
10444,jammu & kashmir,pulwama ,2022,3,1623093820.1695747,847472
10445,jammu & kashmir,amban ,2022,3,680698346.3950101,366778
10446,jammu & kashmir,ajouri ,2022,3,1320001714.339793,579577
10447,jammu & kashmir,kulgam ,2022,3,763535701.9158515,539004
10448,jammu & kashmir,budgam ,2022,3,1992489881.6152542,1140418
10449,jammu & kashmir,anantnag ,2022,3,1939518538.6283112,1263844
10450,jammu & kashmir,kupwara ,2022,3,1830706791.4213793,1028821
10451,jammu & kashmir,muzaffarabad ,2022,2,33449179.766689982,10444
10452,jammu & kashmir,oda ,2022,2,563086389.1667428,339886
10453,jammu & kashmir,amba ,2022,2,1573110669.1012697,783532
10454,jammu & kashmir,mirpur ,2022,2,166355428.48376888,56603
10455,jammu & kashmir,nagar ,2022,2,9640282801.134443,4660647
10456,jammu & kashmir,baramulla ,2022,2,2154959862.6085277,1226879
10457,jammu & kashmir,jammu ,2022,2,14880950856.224466,7441002
10458,jammu & kashmir,ganderbal ,2022,2,736411674.659951,408175
10459,jammu & kashmir,udhampur ,2022,2,1877648827.4614248,947548
10460,jammu & kashmir,bandipore ,2022,2,621882624.2601936,360875
10461,jammu & kashmir,easi ,2022,2,1063805328.4910237,548687
10462,jammu & kashmir,hopian ,2022,2,434290103.6395203,268677
10463,jammu & kashmir,poonch ,2022,2,884012060.8643444,357832
10464,jammu & kashmir,kathua ,2022,2,1514113031.121934,817009
10465,jammu & kashmir,kishtwar ,2022,2,322575247.5125381,188126
10466,jammu & kashmir,pulwama ,2022,2,1527002272.083313,790442
10467,jammu & kashmir,amban ,2022,2,607095737.0299164,320262
10468,jammu & kashmir,ajouri ,2022,2,1321641184.8698494,565064
10469,jammu & kashmir,kulgam ,2022,2,650870806.9906567,479844
10470,jammu & kashmir,budgam ,2022,2,1977187447.2169597,1052343
10471,jammu & kashmir,anantnag ,2022,2,1884518051.065606,1214291
10472,jammu & kashmir,kupwara ,2022,2,1819041252.88245,975579
10473,jammu & kashmir,muzaffarabad ,2020,4,8320762.641519774,2190
10474,jammu & kashmir,oda ,2020,4,228886606.7496394,101107
10475,jammu & kashmir,amba ,2020,4,485508786.5685181,192767
10476,jammu & kashmir,mirpur ,2020,4,79706376.63871619,22039
10477,jammu & kashmir,nagar ,2020,4,2177635781.644431,731076
10478,jammu & kashmir,baramulla ,2020,4,862594987.5778542,412433
10479,jammu & kashmir,jammu ,2020,4,5696308275.135366,1776840
10480,jammu & kashmir,ganderbal ,2020,4,201135628.2568581,92285
10481,jammu & kashmir,udhampur ,2020,4,646828971.36521,248906
10482,jammu & kashmir,bandipore ,2020,4,229201197.19575912,106767
10483,jammu & kashmir,easi ,2020,4,229255669.2348591,100618
10484,jammu & kashmir,hopian ,2020,4,161658443.40664437,71983
10485,jammu & kashmir,poonch ,2020,4,342505124.4352001,117245
10486,jammu & kashmir,kathua ,2020,4,463045666.1261914,226360
10487,jammu & kashmir,kishtwar ,2020,4,107185861.51281238,51330
10488,jammu & kashmir,pulwama ,2020,4,551823991.7884358,219731
10489,jammu & kashmir,amban ,2020,4,192684246.34585124,78367
10490,jammu & kashmir,ajouri ,2020,4,567890456.5176737,196713
10491,jammu & kashmir,kulgam ,2020,4,220794472.45019814,124253
10492,jammu & kashmir,budgam ,2020,4,692267475.7911439,295461
10493,jammu & kashmir,anantnag ,2020,4,514346950.9515931,282499
10494,jammu & kashmir,kupwara ,2020,4,721320071.0437154,303474
10495,jammu & kashmir,muzaffarabad ,2020,1,436693.6274538382,112
10496,jammu & kashmir,oda ,2020,1,38583563.327599555,14126
10497,jammu & kashmir,amba ,2020,1,90185246.2200037,32933
10498,jammu & kashmir,mirpur ,2020,1,11580819.24606758,3104
10499,jammu & kashmir,nagar ,2020,1,474473029.57881373,127979
10500,jammu & kashmir,baramulla ,2020,1,102651433.96810117,38477
10501,jammu & kashmir,jammu ,2020,1,1275561405.7653875,363150
10502,jammu & kashmir,ganderbal ,2020,1,28214462.840443924,10813
10503,jammu & kashmir,udhampur ,2020,1,137536252.00526458,45339
10504,jammu & kashmir,bandipore ,2020,1,27789837.54150642,10311
10505,jammu & kashmir,easi ,2020,1,69003941.03140756,24431
10506,jammu & kashmir,hopian ,2020,1,18157391.903722018,7878
10507,jammu & kashmir,poonch ,2020,1,52760138.965863004,16709
10508,jammu & kashmir,kathua ,2020,1,107171478.55933961,48120
10509,jammu & kashmir,kishtwar ,2020,1,27259898.028504793,9710
10510,jammu & kashmir,pulwama ,2020,1,76212175.43966158,26598
10511,jammu & kashmir,amban ,2020,1,34487947.978801765,12796
10512,jammu & kashmir,ajouri ,2020,1,88475364.88892928,28561
10513,jammu & kashmir,kulgam ,2020,1,24289856.01002881,12394
10514,jammu & kashmir,budgam ,2020,1,95338551.22633348,32991
10515,jammu & kashmir,anantnag ,2020,1,70085624.44047819,25741
10516,jammu & kashmir,kupwara ,2020,1,87388063.94032452,29357
10517,jammu & kashmir,muzaffarabad ,2020,3,5773809.286486714,1572
10518,jammu & kashmir,oda ,2020,3,173984872.11111727,68744
10519,jammu & kashmir,amba ,2020,3,309268006.2905833,113571
10520,jammu & kashmir,mirpur ,2020,3,54072783.391636506,15019
10521,jammu & kashmir,nagar ,2020,3,1879035426.896187,461915
10522,jammu & kashmir,baramulla ,2020,3,580425624.3604748,183583
10523,jammu & kashmir,jammu ,2020,3,4876922229.442625,1266667
10524,jammu & kashmir,ganderbal ,2020,3,155780382.9954802,50743
10525,jammu & kashmir,udhampur ,2020,3,445180791.5536319,154296
10526,jammu & kashmir,bandipore ,2020,3,147013052.43061084,48450
10527,jammu & kashmir,easi ,2020,3,135099068.4405353,56486
10528,jammu & kashmir,hopian ,2020,3,101326986.58238825,34708
10529,jammu & kashmir,poonch ,2020,3,263707934.54872236,76518
10530,jammu & kashmir,kathua ,2020,3,311678208.3628339,126283
10531,jammu & kashmir,kishtwar ,2020,3,83180064.56537089,31188
10532,jammu & kashmir,pulwama ,2020,3,372238070.397479,114833
10533,jammu & kashmir,amban ,2020,3,125848917.44620399,45879
10534,jammu & kashmir,ajouri ,2020,3,413621357.5955142,125973
10535,jammu & kashmir,kulgam ,2020,3,145784144.81867468,55854
10536,jammu & kashmir,budgam ,2020,3,477023512.9076569,148225
10537,jammu & kashmir,anantnag ,2020,3,403569858.30771744,128022
10538,jammu & kashmir,kupwara ,2020,3,516694658.1405349,157369
10539,jammu & kashmir,muzaffarabad ,2020,2,2880433.662297405,656
10540,jammu & kashmir,oda ,2020,2,135990634.9908951,57928
10541,jammu & kashmir,amba ,2020,2,202733580.03466016,92336
10542,jammu & kashmir,mirpur ,2020,2,44622104.6311252,14046
10543,jammu & kashmir,nagar ,2020,2,1810806888.436264,440808
10544,jammu & kashmir,baramulla ,2020,2,414666518.8451662,139478
10545,jammu & kashmir,jammu ,2020,2,2746977181.9002085,819252
10546,jammu & kashmir,ganderbal ,2020,2,106190105.59913673,36483
10547,jammu & kashmir,udhampur ,2020,2,319173115.28145945,127419
10548,jammu & kashmir,bandipore ,2020,2,102723529.86849661,36152
10549,jammu & kashmir,easi ,2020,2,106410135.68047369,49746
10550,jammu & kashmir,hopian ,2020,2,66217970.77443329,24785
10551,jammu & kashmir,poonch ,2020,2,192100840.0578707,65969
10552,jammu & kashmir,kathua ,2020,2,227977779.90759313,114835
10553,jammu & kashmir,kishtwar ,2020,2,75514041.19893728,29206
10554,jammu & kashmir,pulwama ,2020,2,271480260.94137585,85402
10555,jammu & kashmir,amban ,2020,2,102642842.42209667,39854
10556,jammu & kashmir,ajouri ,2020,2,305656997.14551216,104655
10557,jammu & kashmir,kulgam ,2020,2,100175288.12866533,42870
10558,jammu & kashmir,budgam ,2020,2,331830464.6882304,112970
10559,jammu & kashmir,anantnag ,2020,2,239711526.255058,85384
10560,jammu & kashmir,kupwara ,2020,2,359166698.8086049,114772
10561,jammu & kashmir,muzaffarabad ,2018,4,1159496.382415084,267
10562,jammu & kashmir,oda ,2018,4,50665168.801815644,16990
10563,jammu & kashmir,amba ,2018,4,110909698.34958589,43623
10564,jammu & kashmir,mirpur ,2018,4,17198501.877917536,4525
10565,jammu & kashmir,nagar ,2018,4,329216330.48735344,144970
10566,jammu & kashmir,baramulla ,2018,4,212164676.56823462,109702
10567,jammu & kashmir,jammu ,2018,4,670989049.2596997,226829
10568,jammu & kashmir,ganderbal ,2018,4,51463841.198077515,28646
10569,jammu & kashmir,udhampur ,2018,4,158443928.52744907,50056
10570,jammu & kashmir,bandipore ,2018,4,56020937.99422079,27073
10571,jammu & kashmir,easi ,2018,4,57918446.21121466,21464
10572,jammu & kashmir,hopian ,2018,4,27856762.58382556,11706
10573,jammu & kashmir,poonch ,2018,4,2992752160.889104,1642053
10574,jammu & kashmir,kathua ,2018,4,115344936.11363688,50640
10575,jammu & kashmir,kishtwar ,2018,4,22848654.263971046,6978
10576,jammu & kashmir,pulwama ,2018,4,109777843.14790586,43706
10577,jammu & kashmir,amban ,2018,4,52646196.621844925,18133
10578,jammu & kashmir,ajouri ,2018,4,132340219.58698925,39629
10579,jammu & kashmir,kulgam ,2018,4,53586270.06020345,32550
10580,jammu & kashmir,budgam ,2018,4,175490225.93721515,75940
10581,jammu & kashmir,anantnag ,2018,4,110778790.88365649,79193
10582,jammu & kashmir,kupwara ,2018,4,155148129.95113623,46637
10583,jammu & kashmir,muzaffarabad ,2018,1,14559.803406151601,13
10584,jammu & kashmir,oda ,2018,1,7065930.233463201,4108
10585,jammu & kashmir,amba ,2018,1,21534891.0416242,14795
10586,jammu & kashmir,mirpur ,2018,1,3052181.909064396,1320
10587,jammu & kashmir,nagar ,2018,1,62676256.75828372,47285
10588,jammu & kashmir,baramulla ,2018,1,44215018.00395158,83775
10589,jammu & kashmir,jammu ,2018,1,127452979.35873458,81381
10590,jammu & kashmir,ganderbal ,2018,1,9107649.670974826,20571
10591,jammu & kashmir,udhampur ,2018,1,31451872.26861042,17620
10592,jammu & kashmir,bandipore ,2018,1,11885513.905010346,38208
10593,jammu & kashmir,easi ,2018,1,12816155.33273841,7433
10594,jammu & kashmir,hopian ,2018,1,3598498.6345729744,5083
10595,jammu & kashmir,poonch ,2018,1,509120439.3079825,398963
10596,jammu & kashmir,kathua ,2018,1,22353839.21295397,17643
10597,jammu & kashmir,kishtwar ,2018,1,3514299.9889703216,2054
10598,jammu & kashmir,pulwama ,2018,1,24777476.308443584,35793
10599,jammu & kashmir,amban ,2018,1,7284248.818676664,5326
10600,jammu & kashmir,ajouri ,2018,1,16045672.106446449,10199
10601,jammu & kashmir,kulgam ,2018,1,9213671.326669723,23587
10602,jammu & kashmir,budgam ,2018,1,36218453.70685134,50748
10603,jammu & kashmir,anantnag ,2018,1,24885721.231939793,64478
10604,jammu & kashmir,kupwara ,2018,1,17085910.326759618,11185
10605,jammu & kashmir,muzaffarabad ,2018,3,581878.7760569004,211
10606,jammu & kashmir,oda ,2018,3,34027590.92391601,12645
10607,jammu & kashmir,amba ,2018,3,62913580.60213567,28728
10608,jammu & kashmir,mirpur ,2018,3,7804797.778845614,2789
10609,jammu & kashmir,nagar ,2018,3,270405876.71132636,154314
10610,jammu & kashmir,baramulla ,2018,3,195960360.05707502,210619
10611,jammu & kashmir,jammu ,2018,3,376452715.050717,145123
10612,jammu & kashmir,ganderbal ,2018,3,55650497.72050136,52136
10613,jammu & kashmir,udhampur ,2018,3,92258254.83476219,37014
10614,jammu & kashmir,bandipore ,2018,3,60815662.86494814,87129
10615,jammu & kashmir,easi ,2018,3,42269613.56023088,16409
10616,jammu & kashmir,hopian ,2018,3,13724387.244946066,8156
10617,jammu & kashmir,poonch ,2018,3,2093062576.1870332,1189512
10618,jammu & kashmir,kathua ,2018,3,65729742.878893405,35991
10619,jammu & kashmir,kishtwar ,2018,3,14394238.733370475,5911
10620,jammu & kashmir,pulwama ,2018,3,93861999.52986418,65491
10621,jammu & kashmir,amban ,2018,3,31095426.6143336,13585
10622,jammu & kashmir,ajouri ,2018,3,73897455.39817372,25458
10623,jammu & kashmir,kulgam ,2018,3,38482884.37476657,36648
10624,jammu & kashmir,budgam ,2018,3,120545227.15939456,74691
10625,jammu & kashmir,anantnag ,2018,3,95642801.11475597,69967
10626,jammu & kashmir,kupwara ,2018,3,95123431.34163423,31434
10627,jammu & kashmir,muzaffarabad ,2018,2,368823.4836135323,75
10628,jammu & kashmir,oda ,2018,2,16114372.115183618,7631
10629,jammu & kashmir,amba ,2018,2,36387040.50852826,20917
10630,jammu & kashmir,mirpur ,2018,2,4089198.7363343993,1885
10631,jammu & kashmir,nagar ,2018,2,140893315.71476018,92244
10632,jammu & kashmir,baramulla ,2018,2,100055918.36977986,188100
10633,jammu & kashmir,jammu ,2018,2,232232787.92328903,112434
10634,jammu & kashmir,ganderbal ,2018,2,24295329.738405794,41415
10635,jammu & kashmir,udhampur ,2018,2,60326675.00386811,27804
10636,jammu & kashmir,bandipore ,2018,2,26799256.94581057,64888
10637,jammu & kashmir,easi ,2018,2,27106631.47361443,11296
10638,jammu & kashmir,hopian ,2018,2,8454705.838859541,8017
10639,jammu & kashmir,poonch ,2018,2,1627868128.4895806,891298
10640,jammu & kashmir,kathua ,2018,2,39744879.134225145,25411
10641,jammu & kashmir,kishtwar ,2018,2,10312057.062347615,3797
10642,jammu & kashmir,pulwama ,2018,2,53382825.78039837,54034
10643,jammu & kashmir,amban ,2018,2,14388161.945558583,7715
10644,jammu & kashmir,ajouri ,2018,2,40023701.506525375,17110
10645,jammu & kashmir,kulgam ,2018,2,17711007.626695577,30822
10646,jammu & kashmir,budgam ,2018,2,77122240.2755234,89823
10647,jammu & kashmir,anantnag ,2018,2,43529509.03427214,70838
10648,jammu & kashmir,kupwara ,2018,2,49999669.795696385,28772
10649,jammu & kashmir,muzaffarabad ,2024,1,66093964.0,40747
10650,jammu & kashmir,oda ,2024,1,1803820761.0,1698725
10651,jammu & kashmir,amba ,2024,1,4686290713.0,3596063
10652,jammu & kashmir,mirpur ,2024,1,412413801.0,232220
10653,jammu & kashmir,nagar ,2024,1,9356469544.0,6986808
10654,jammu & kashmir,baramulla ,2024,1,6071530650.0,5226975
10655,jammu & kashmir,jammu ,2024,1,25207763123.0,19249444
10656,jammu & kashmir,ganderbal ,2024,1,1400242655.0,1242894
10657,jammu & kashmir,udhampur ,2024,1,5290784055.0,3997488
10658,jammu & kashmir,bandipore ,2024,1,1477623697.0,1434008
10659,jammu & kashmir,easi ,2024,1,3091231846.0,2407000
10660,jammu & kashmir,hopian ,2024,1,1290884288.0,1343419
10661,jammu & kashmir,poonch ,2024,1,2790015980.0,1915682
10662,jammu & kashmir,kathua ,2024,1,4828507691.0,3624676
10663,jammu & kashmir,kishtwar ,2024,1,1056960046.0,981291
10664,jammu & kashmir,pulwama ,2024,1,3669354561.0,2847167
10665,jammu & kashmir,amban ,2024,1,1662336955.0,1407020
10666,jammu & kashmir,ajouri ,2024,1,4275411889.0,2835974
10667,jammu & kashmir,kulgam ,2024,1,1924634062.0,2067915
10668,jammu & kashmir,budgam ,2024,1,4842048433.0,3901134
10669,jammu & kashmir,anantnag ,2024,1,4233564352.0,4038432
10670,jammu & kashmir,kupwara ,2024,1,4522945875.0,4041273
10671,punjab,hahid bhagat singh nagar ,2021,4,677038189.9428892,292751
10672,punjab,fazilka ,2021,4,4131028405.490648,1650972
10673,punjab,barnala ,2021,4,1018474611.0955205,384260
10674,punjab,mansa ,2021,4,1152855636.813005,431397
10675,punjab,ludhiana ,2021,4,39292772660.87953,19553778
10676,punjab, muktsar sahib ,2021,4,1754917964.1061363,679638
10677,punjab,patiala ,2021,4,6755184061.574617,2901070
10678,punjab,pathankot ,2021,4,2875653268.713999,1200445
10679,punjab,fatehgarh sahib ,2021,4,1400988326.952087,724497
10680,punjab,upnagar ,2021,4,1677659589.705927,794332
10681,punjab,arn taran ,2021,4,2342100805.235133,773669
10682,punjab,as nagar ,2021,4,11088791931.951628,7503637
10683,punjab,angrur ,2021,4,3205553098.0632915,1205039
10684,punjab,jalandhar ,2021,4,7030833843.587089,3218973
10685,punjab,bathinda ,2021,4,4674339276.828988,2056317
10686,punjab,kapurthala ,2021,4,2110713842.5000901,1175355
10687,punjab,firozepur ,2021,4,2296641050.612264,873797
10688,punjab,gurdaspur ,2021,4,2953340265.967179,1063972
10689,punjab,amritsar ,2021,4,8606940269.65073,3576353
10690,punjab,faridkot ,2021,4,1451743775.3929482,566020
10691,punjab,hoshiarpur ,2021,4,2635348134.766356,1126456
10692,punjab,moga ,2021,4,1577207232.1698253,606632
10693,punjab,hahid bhagat singh nagar ,2021,1,362806795.4619291,162140
10694,punjab,fazilka ,2021,1,2485697202.7721486,926196
10695,punjab,barnala ,2021,1,567704477.2682207,213402
10696,punjab,mansa ,2021,1,676069005.1052742,244012
10697,punjab,ludhiana ,2021,1,19225271865.793266,8956495
10698,punjab, muktsar sahib ,2021,1,969640044.7918326,378201
10699,punjab,patiala ,2021,1,3743416293.2960615,1594101
10700,punjab,pathankot ,2021,1,1486337867.452893,570864
10701,punjab,fatehgarh sahib ,2021,1,762704864.751643,395693
10702,punjab,upnagar ,2021,1,943540386.5908539,431769
10703,punjab,arn taran ,2021,1,1100852834.0893908,372077
10704,punjab,as nagar ,2021,1,6737530092.4958515,4469959
10705,punjab,angrur ,2021,1,1779386402.710884,697801
10706,punjab,jalandhar ,2021,1,3828908006.2314005,1716126
10707,punjab,bathinda ,2021,1,2681512020.113289,1089719
10708,punjab,kapurthala ,2021,1,1037569858.5888398,546584
10709,punjab,firozepur ,2021,1,1235768673.1019611,447201
10710,punjab,gurdaspur ,2021,1,1479254052.7352686,535219
10711,punjab,amritsar ,2021,1,4535248139.891067,1823100
10712,punjab,faridkot ,2021,1,800134592.0725646,295483
10713,punjab,hoshiarpur ,2021,1,1384031539.442925,585780
10714,punjab,moga ,2021,1,867502076.3491857,318913
10715,punjab,hahid bhagat singh nagar ,2021,3,522681572.63744915,246166
10716,punjab,fazilka ,2021,3,3111874915.8745384,1378018
10717,punjab,barnala ,2021,3,763404748.4096816,320049
10718,punjab,mansa ,2021,3,930129970.1113764,358173
10719,punjab,ludhiana ,2021,3,30807741534.262596,16104345
10720,punjab, muktsar sahib ,2021,3,1387666369.4370604,565139
10721,punjab,patiala ,2021,3,5270148761.145614,2400121
10722,punjab,pathankot ,2021,3,2224480978.571439,936270
10723,punjab,fatehgarh sahib ,2021,3,1082095437.8984244,578476
10724,punjab,upnagar ,2021,3,1299731447.9082217,643288
10725,punjab,arn taran ,2021,3,1622461111.8295758,605311
10726,punjab,as nagar ,2021,3,8963728598.89373,6040235
10727,punjab,angrur ,2021,3,2422730555.689826,1015897
10728,punjab,jalandhar ,2021,3,5579482421.017923,2663707
10729,punjab,bathinda ,2021,3,3788551283.1761484,1647401
10730,punjab,kapurthala ,2021,3,1431884221.121972,750543
10731,punjab,firozepur ,2021,3,1775054774.924417,726158
10732,punjab,gurdaspur ,2021,3,2134471376.4741166,826384
10733,punjab,amritsar ,2021,3,6530832877.10007,2859630
10734,punjab,faridkot ,2021,3,1139863249.9626758,459444
10735,punjab,hoshiarpur ,2021,3,1983363435.829631,907847
10736,punjab,moga ,2021,3,1220181198.335445,500887
10737,punjab,hahid bhagat singh nagar ,2021,2,428472492.11062515,199137
10738,punjab,fazilka ,2021,2,2840373948.4850025,1140866
10739,punjab,barnala ,2021,2,682913602.7028843,260490
10740,punjab,mansa ,2021,2,842455754.8990321,299561
10741,punjab,ludhiana ,2021,2,23530471085.652363,11475061
10742,punjab, muktsar sahib ,2021,2,1217120126.5530572,461666
10743,punjab,patiala ,2021,2,4409169677.402311,1870993
10744,punjab,pathankot ,2021,2,1772534610.4927375,731752
10745,punjab,fatehgarh sahib ,2021,2,882379156.0519567,432074
10746,punjab,upnagar ,2021,2,1107250487.3937266,519639
10747,punjab,arn taran ,2021,2,1414918504.4248867,478877
10748,punjab,as nagar ,2021,2,7288830376.63194,4707042
10749,punjab,angrur ,2021,2,2194371528.5795517,852138
10750,punjab,jalandhar ,2021,2,4316968650.261899,1968477
10751,punjab,bathinda ,2021,2,3102199906.6400814,1271905
10752,punjab,kapurthala ,2021,2,1181217113.1622295,617180
10753,punjab,firozepur ,2021,2,1515459267.406472,566212
10754,punjab,gurdaspur ,2021,2,1859640037.2663374,679681
10755,punjab,amritsar ,2021,2,5279064151.566084,2166296
10756,punjab,faridkot ,2021,2,970606063.4479282,360862
10757,punjab,hoshiarpur ,2021,2,1657693325.435227,721249
10758,punjab,moga ,2021,2,1036948696.0490458,390090
10759,punjab,hahid bhagat singh nagar ,2019,4,184021087.4101696,97328
10760,punjab,fazilka ,2019,4,946156853.0160115,425525
10761,punjab,barnala ,2019,4,280115511.0868528,107774
10762,punjab,mansa ,2019,4,329920119.34094095,144806
10763,punjab,ludhiana ,2019,4,9747197706.866158,3939299
10764,punjab, muktsar sahib ,2019,4,413295689.8833984,174837
10765,punjab,patiala ,2019,4,1781269263.4522262,799674
10766,punjab,pathankot ,2019,4,697314026.1980982,280434
10767,punjab,fatehgarh sahib ,2019,4,344564209.86620235,202590
10768,punjab,upnagar ,2019,4,422311925.5608656,207966
10769,punjab,arn taran ,2019,4,428158903.79129857,146185
10770,punjab,as nagar ,2019,4,4949390532.2517605,2685032
10771,punjab,angrur ,2019,4,870965377.8083141,448960
10772,punjab,jalandhar ,2019,4,2169729877.261026,980520
10773,punjab,bathinda ,2019,4,1239636960.6158314,532029
10774,punjab,kapurthala ,2019,4,741334179.2344623,667137
10775,punjab,firozepur ,2019,4,598259521.4426302,236069
10776,punjab,gurdaspur ,2019,4,562687785.2054114,230721
10777,punjab,amritsar ,2019,4,1950326012.564148,829302
10778,punjab,faridkot ,2019,4,369929524.3916741,141787
10779,punjab,hoshiarpur ,2019,4,558332563.69823,266853
10780,punjab,moga ,2019,4,404884615.2468643,153797
10781,punjab,hahid bhagat singh nagar ,2019,1,119470786.45116943,79445
10782,punjab,fazilka ,2019,1,537572832.3080034,273038
10783,punjab,barnala ,2019,1,138982287.33293203,57783
10784,punjab,mansa ,2019,1,199555980.949518,101738
10785,punjab,ludhiana ,2019,1,3406467299.5810013,1955827
10786,punjab, muktsar sahib ,2019,1,247591887.230813,118323
10787,punjab,patiala ,2019,1,957447018.1314603,440799
10788,punjab,pathankot ,2019,1,397808784.7010554,155221
10789,punjab,fatehgarh sahib ,2019,1,183861710.6287366,111014
10790,punjab,upnagar ,2019,1,228939443.20501804,118161
10791,punjab,arn taran ,2019,1,216842790.53044975,75154
10792,punjab,as nagar ,2019,1,2129328199.7382362,1284091
10793,punjab,angrur ,2019,1,472831751.34869504,366386
10794,punjab,jalandhar ,2019,1,969367415.6462662,463733
10795,punjab,bathinda ,2019,1,712296730.4083406,323075
10796,punjab,kapurthala ,2019,1,366249498.0736331,262162
10797,punjab,firozepur ,2019,1,336231172.167504,144747
10798,punjab,gurdaspur ,2019,1,294899537.8631194,121130
10799,punjab,amritsar ,2019,1,922712816.3038394,404192
10800,punjab,faridkot ,2019,1,194474367.60989583,84034
10801,punjab,hoshiarpur ,2019,1,333307889.2385825,159087
10802,punjab,moga ,2019,1,208249802.40473542,72997
10803,punjab,hahid bhagat singh nagar ,2019,3,137706616.3027521,71100
10804,punjab,fazilka ,2019,3,672363454.3736749,314556
10805,punjab,barnala ,2019,3,206292404.52154917,81230
10806,punjab,mansa ,2019,3,241069722.39522848,107608
10807,punjab,ludhiana ,2019,3,7455507218.782127,3105207
10808,punjab, muktsar sahib ,2019,3,304802373.2532274,136350
10809,punjab,patiala ,2019,3,1363591162.6136816,648561
10810,punjab,pathankot ,2019,3,530602505.216503,217743
10811,punjab,fatehgarh sahib ,2019,3,269496857.32575244,163432
10812,punjab,upnagar ,2019,3,321175757.7604524,165669
10813,punjab,arn taran ,2019,3,291314287.4955853,108099
10814,punjab,as nagar ,2019,3,3949329973.001935,2133485
10815,punjab,angrur ,2019,3,654399189.9915571,330365
10816,punjab,jalandhar ,2019,3,1632069019.2274182,758891
10817,punjab,bathinda ,2019,3,972384572.4071745,416734
10818,punjab,kapurthala ,2019,3,565670361.9945633,494918
10819,punjab,firozepur ,2019,3,423101165.67959905,172273
10820,punjab,gurdaspur ,2019,3,427373054.5045661,177719
10821,punjab,amritsar ,2019,3,1486947290.2848449,675647
10822,punjab,faridkot ,2019,3,266083823.16042566,105569
10823,punjab,hoshiarpur ,2019,3,443522959.350034,209241
10824,punjab,moga ,2019,3,291011836.2005368,112415
10825,punjab,hahid bhagat singh nagar ,2019,2,120509707.58351144,59789
10826,punjab,fazilka ,2019,2,576108452.4565028,244089
10827,punjab,barnala ,2019,2,163538632.70974863,57879
10828,punjab,mansa ,2019,2,202384608.52867323,88864
10829,punjab,ludhiana ,2019,2,6103196266.995374,2861806
10830,punjab, muktsar sahib ,2019,2,262034642.12698382,108234
10831,punjab,patiala ,2019,2,1033453294.3993945,428732
10832,punjab,pathankot ,2019,2,445515294.3077082,160293
10833,punjab,fatehgarh sahib ,2019,2,203367837.89242333,110319
10834,punjab,upnagar ,2019,2,261172224.31965393,113884
10835,punjab,arn taran ,2019,2,239937523.59817305,77759
10836,punjab,as nagar ,2019,2,3186753121.6444726,1651321
10837,punjab,angrur ,2019,2,525049272.43425035,288602
10838,punjab,jalandhar ,2019,2,1344928164.5729108,606445
10839,punjab,bathinda ,2019,2,796164323.076735,314775
10840,punjab,kapurthala ,2019,2,450106236.8055291,289692
10841,punjab,firozepur ,2019,2,377909050.9291493,138798
10842,punjab,gurdaspur ,2019,2,350183439.0598329,131173
10843,punjab,amritsar ,2019,2,1153431871.5571177,464671
10844,punjab,faridkot ,2019,2,209541896.99854863,81331
10845,punjab,hoshiarpur ,2019,2,365526746.74445283,152379
10846,punjab,moga ,2019,2,243980786.03114355,78995
10847,punjab,hahid bhagat singh nagar ,2023,4,2021751538.0,1123770
10848,punjab,fazilka ,2023,4,10527432082.0,5456891
10849,punjab,barnala ,2023,4,2602695575.0,1284800
10850,punjab,mansa ,2023,4,2878010722.0,1334612
10851,punjab,ludhiana ,2023,4,45277102986.0,29131325
10852,punjab, muktsar sahib ,2023,4,4151197290.0,2045694
10853,punjab,patiala ,2023,4,15616650177.0,8999714
10854,punjab,pathankot ,2023,4,7819150106.0,4549073
10855,punjab,fatehgarh sahib ,2023,4,4084017108.0,2845045
10856,punjab,upnagar ,2023,4,4530666398.0,2930134
10857,punjab,arn taran ,2023,4,7777824182.0,3037536
10858,punjab,as nagar ,2023,4,27479968336.0,25135447
10859,punjab,angrur ,2023,4,8192226833.0,4019832
10860,punjab,jalandhar ,2023,4,16663883512.0,10055008
10861,punjab,bathinda ,2023,4,10839611189.0,6390967
10862,punjab,kapurthala ,2023,4,6648655548.0,6930286
10863,punjab,firozepur ,2023,4,5895244377.0,2984805
10864,punjab,gurdaspur ,2023,4,9265478448.0,4299685
10865,punjab,amritsar ,2023,4,23067243188.0,11560351
10866,punjab,faridkot ,2023,4,3362136822.0,1651401
10867,punjab,hoshiarpur ,2023,4,7936122207.0,4336445
10868,punjab,moga ,2023,4,4502393541.0,2126174
10869,punjab,hahid bhagat singh nagar ,2023,1,1549389213.0,762817
10870,punjab,fazilka ,2023,1,8647844615.0,4028383
10871,punjab,barnala ,2023,1,2095766994.0,911170
10872,punjab,mansa ,2023,1,2378165204.0,1024444
10873,punjab,ludhiana ,2023,1,32156700975.0,17816751
10874,punjab, muktsar sahib ,2023,1,3519288231.0,1574293
10875,punjab,patiala ,2023,1,12454554359.0,6495233
10876,punjab,pathankot ,2023,1,5705395017.0,2993773
10877,punjab,fatehgarh sahib ,2023,1,3091398150.0,1871298
10878,punjab,upnagar ,2023,1,3561717869.0,2111550
10879,punjab,arn taran ,2023,1,5566929182.0,2072413
10880,punjab,as nagar ,2023,1,21373928207.0,17880615
10881,punjab,angrur ,2023,1,6302620245.0,2855725
10882,punjab,jalandhar ,2023,1,12439854504.0,6621689
10883,punjab,bathinda ,2023,1,8510699918.0,4479830
10884,punjab,kapurthala ,2023,1,5052282821.0,4789609
10885,punjab,firozepur ,2023,1,4473003004.0,2066667
10886,punjab,gurdaspur ,2023,1,6723220933.0,2880763
10887,punjab,amritsar ,2023,1,17668281523.0,8054134
10888,punjab,faridkot ,2023,1,2747619264.0,1242984
10889,punjab,hoshiarpur ,2023,1,5925389993.0,2892240
10890,punjab,moga ,2023,1,3564626639.0,1484440
10891,punjab,hahid bhagat singh nagar ,2023,3,1796250186.0,1020079
10892,punjab,fazilka ,2023,3,8904742155.0,5029109
10893,punjab,barnala ,2023,3,2427488803.0,1245357
10894,punjab,mansa ,2023,3,2563363379.0,1264799
10895,punjab,ludhiana ,2023,3,39199512085.0,26197826
10896,punjab, muktsar sahib ,2023,3,3717952904.0,1940379
10897,punjab,patiala ,2023,3,14171977602.0,8618118
10898,punjab,pathankot ,2023,3,6931637759.0,4086823
10899,punjab,fatehgarh sahib ,2023,3,3548610755.0,2546345
10900,punjab,upnagar ,2023,3,3910709687.0,2745705
10901,punjab,arn taran ,2023,3,6335206922.0,2801708
10902,punjab,as nagar ,2023,3,26069215846.0,24525297
10903,punjab,angrur ,2023,3,6943384637.0,3694492
10904,punjab,jalandhar ,2023,3,15046792606.0,9368891
10905,punjab,bathinda ,2023,3,9873063412.0,5929054
10906,punjab,kapurthala ,2023,3,6220356184.0,6129308
10907,punjab,firozepur ,2023,3,5115782089.0,2748903
10908,punjab,gurdaspur ,2023,3,7922986481.0,3920430
10909,punjab,amritsar ,2023,3,20713328672.0,10868758
10910,punjab,faridkot ,2023,3,2997308620.0,1565343
10911,punjab,hoshiarpur ,2023,3,6835046755.0,3941309
10912,punjab,moga ,2023,3,3980865198.0,1973148
10913,punjab,hahid bhagat singh nagar ,2023,2,1655361524.0,909459
10914,punjab,fazilka ,2023,2,8985950540.0,4579105
10915,punjab,barnala ,2023,2,2234762008.0,1083069
10916,punjab,mansa ,2023,2,2555189924.0,1166654
10917,punjab,ludhiana ,2023,2,35359847523.0,22554895
10918,punjab, muktsar sahib ,2023,2,3787996805.0,1798233
10919,punjab,patiala ,2023,2,13547068283.0,7663061
10920,punjab,pathankot ,2023,2,6676143350.0,3767003
10921,punjab,fatehgarh sahib ,2023,2,3444403301.0,2335028
10922,punjab,upnagar ,2023,2,3942178736.0,2538437
10923,punjab,arn taran ,2023,2,6382296582.0,2504225
10924,punjab,as nagar ,2023,2,24569235951.0,22117025
10925,punjab,angrur ,2023,2,6900598692.0,3359666
10926,punjab,jalandhar ,2023,2,14019874795.0,8143317
10927,punjab,bathinda ,2023,2,9341313275.0,5256705
10928,punjab,kapurthala ,2023,2,5468505445.0,5289233
10929,punjab,firozepur ,2023,2,5166272646.0,2527606
10930,punjab,gurdaspur ,2023,2,7577546856.0,3477902
10931,punjab,amritsar ,2023,2,19512814116.0,9585528
10932,punjab,faridkot ,2023,2,2864591622.0,1422332
10933,punjab,hoshiarpur ,2023,2,6428820643.0,3461203
10934,punjab,moga ,2023,2,3760802837.0,1750603
10935,punjab,hahid bhagat singh nagar ,2022,4,1036326150.1465516,494561
10936,punjab,fazilka ,2022,4,5829795275.137226,2704233
10937,punjab,barnala ,2022,4,1434862340.6905954,585335
10938,punjab,mansa ,2022,4,1876731923.1424594,769910
10939,punjab,ludhiana ,2022,4,57521708592.127266,33298864
10940,punjab, muktsar sahib ,2022,4,2402195509.732108,1009512
10941,punjab,patiala ,2022,4,10462961913.338879,5290182
10942,punjab,pathankot ,2022,4,3988014816.413114,1988527
10943,punjab,fatehgarh sahib ,2022,4,2113673021.265589,1225324
10944,punjab,upnagar ,2022,4,2451007584.2788887,1414580
10945,punjab,arn taran ,2022,4,3910778998.784025,1330967
10946,punjab,as nagar ,2022,4,18113344764.852985,13686435
10947,punjab,angrur ,2022,4,4766598735.8214445,2004123
10948,punjab,jalandhar ,2022,4,10699280684.068102,5556816
10949,punjab,bathinda ,2022,4,6432660306.980121,3201266
10950,punjab,kapurthala ,2022,4,3945783181.7842913,3514599
10951,punjab,firozepur ,2022,4,3366846951.55657,1446886
10952,punjab,gurdaspur ,2022,4,4605541778.647883,1880141
10953,punjab,amritsar ,2022,4,13743135320.995771,6049600
10954,punjab,faridkot ,2022,4,2440606872.510115,1155081
10955,punjab,hoshiarpur ,2022,4,4366867188.489857,2110456
10956,punjab,moga ,2022,4,2598705267.174854,1117782
10957,punjab,hahid bhagat singh nagar ,2022,1,754808886.4344003,340553
10958,punjab,fazilka ,2022,1,4723173436.355923,1942203
10959,punjab,barnala ,2022,1,1118667240.8246746,442916
10960,punjab,mansa ,2022,1,1332400622.572297,493051
10961,punjab,ludhiana ,2022,1,40193189296.74829,21131450
10962,punjab, muktsar sahib ,2022,1,1988145225.4732466,774921
10963,punjab,patiala ,2022,1,7185470674.538302,3167322
10964,punjab,pathankot ,2022,1,3057799524.7086434,1380244
10965,punjab,fatehgarh sahib ,2022,1,1508717083.883378,782421
10966,punjab,upnagar ,2022,1,1779472847.9621623,883623
10967,punjab,arn taran ,2022,1,2646190440.193201,897173
10968,punjab,as nagar ,2022,1,11945087945.784222,8233644
10969,punjab,angrur ,2022,1,3436077358.2981358,1350576
10970,punjab,jalandhar ,2022,1,7482301985.829841,3480708
10971,punjab,bathinda ,2022,1,5132201177.079787,2252561
10972,punjab,kapurthala ,2022,1,2322895082.070088,1326492
10973,punjab,firozepur ,2022,1,2454302345.864997,970466
10974,punjab,gurdaspur ,2022,1,3332722150.3471975,1247036
10975,punjab,amritsar ,2022,1,9595112041.612686,4020245
10976,punjab,faridkot ,2022,1,1585141674.9314694,635912
10977,punjab,hoshiarpur ,2022,1,2922265356.6104655,1287033
10978,punjab,moga ,2022,1,1893835707.8397522,717752
10979,punjab,hahid bhagat singh nagar ,2022,3,937934712.0162878,483153
10980,punjab,fazilka ,2022,3,5147923013.794576,2618054
10981,punjab,barnala ,2022,3,1210798411.0569434,532765
10982,punjab,mansa ,2022,3,1580218153.358941,701264
10983,punjab,ludhiana ,2022,3,52659794645.55728,31697344
10984,punjab, muktsar sahib ,2022,3,2023500642.6358242,908002
10985,punjab,patiala ,2022,3,8011939442.457413,4007021
10986,punjab,pathankot ,2022,3,3662889899.847559,1792893
10987,punjab,fatehgarh sahib ,2022,3,2017933257.7632415,1208117
10988,punjab,upnagar ,2022,3,2082392159.9584696,1215417
10989,punjab,arn taran ,2022,3,3069186486.8758945,1165600
10990,punjab,as nagar ,2022,3,18050299571.024506,13524410
10991,punjab,angrur ,2022,3,3906837027.394226,1738211
10992,punjab,jalandhar ,2022,3,9243374092.577248,4730075
10993,punjab,bathinda ,2022,3,5852032739.03561,2929344
10994,punjab,kapurthala ,2022,3,3702626207.3035703,2952123
10995,punjab,firozepur ,2022,3,2715437422.3525076,1258324
10996,punjab,gurdaspur ,2022,3,3946159562.031533,1703819
10997,punjab,amritsar ,2022,3,11781862029.205471,5353882
10998,punjab,faridkot ,2022,3,1828525829.564373,862675
10999,punjab,hoshiarpur ,2022,3,3625177520.5732203,1789334
11000,punjab,moga ,2022,3,2262600179.9705143,1006070
11001,punjab,hahid bhagat singh nagar ,2022,2,879715988.2182677,424028
11002,punjab,fazilka ,2022,2,5235266714.4649935,2322893
11003,punjab,barnala ,2022,2,1248712053.1667004,525478
11004,punjab,mansa ,2022,2,1420971531.9434173,559935
11005,punjab,ludhiana ,2022,2,46924183892.05508,26982785
11006,punjab, muktsar sahib ,2022,2,2303584705.240619,918419
11007,punjab,patiala ,2022,2,8150713456.483325,3836784
11008,punjab,pathankot ,2022,2,3654246286.072719,1733490
11009,punjab,fatehgarh sahib ,2022,2,1727745885.5397563,989866
11010,punjab,upnagar ,2022,2,2049364030.2508736,1133293
11011,punjab,arn taran ,2022,2,3167618397.2631435,1110292
11012,punjab,as nagar ,2022,2,13821174897.264776,10260992
11013,punjab,angrur ,2022,2,3950202304.5569453,1640279
11014,punjab,jalandhar ,2022,2,8843362969.637712,4368370
11015,punjab,bathinda ,2022,2,5859074278.903449,2774270
11016,punjab,kapurthala ,2022,2,2826285167.86687,1900455
11017,punjab,firozepur ,2022,2,2856210280.610547,1194856
11018,punjab,gurdaspur ,2022,2,3866251481.902442,1502920
11019,punjab,amritsar ,2022,2,11388945408.674242,4934930
11020,punjab,faridkot ,2022,2,1728817176.2765183,739348
11021,punjab,hoshiarpur ,2022,2,3301188092.428963,1566325
11022,punjab,moga ,2022,2,2141791370.405548,852815
11023,punjab,hahid bhagat singh nagar ,2020,4,364671502.35093296,171514
11024,punjab,fazilka ,2020,4,2330645109.184926,898108
11025,punjab,barnala ,2020,4,543907704.3118169,211664
11026,punjab,mansa ,2020,4,690386270.4409262,251729
11027,punjab,ludhiana ,2020,4,16002263104.777649,6433526
11028,punjab, muktsar sahib ,2020,4,943798169.2289516,374112
11029,punjab,patiala ,2020,4,3741094568.09765,1580719
11030,punjab,pathankot ,2020,4,1556030355.8837295,613446
11031,punjab,fatehgarh sahib ,2020,4,773200338.865615,376380
11032,punjab,upnagar ,2020,4,957695711.549835,432993
11033,punjab,arn taran ,2020,4,1101751631.844421,371134
11034,punjab,as nagar ,2020,4,6001552668.838072,3755533
11035,punjab,angrur ,2020,4,1815228277.1126366,709657
11036,punjab,jalandhar ,2020,4,3490141380.4519215,1514774
11037,punjab,bathinda ,2020,4,2560230080.072486,1029813
11038,punjab,kapurthala ,2020,4,913947164.6455272,436469
11039,punjab,firozepur ,2020,4,1296371290.8645093,461706
11040,punjab,gurdaspur ,2020,4,1458949621.439971,536367
11041,punjab,amritsar ,2020,4,4214164098.316762,1634555
11042,punjab,faridkot ,2020,4,825084777.2741756,306409
11043,punjab,hoshiarpur ,2020,4,1343655246.8605404,584688
11044,punjab,moga ,2020,4,850637407.1420672,312629
11045,punjab,hahid bhagat singh nagar ,2020,1,206585474.39298913,110675
11046,punjab,fazilka ,2020,1,1106991298.8320842,500308
11047,punjab,barnala ,2020,1,313081637.3420816,132642
11048,punjab,mansa ,2020,1,362704934.75361466,173601
11049,punjab,ludhiana ,2020,1,9811040748.858643,4234211
11050,punjab, muktsar sahib ,2020,1,456795598.75286245,208829
11051,punjab,patiala ,2020,1,1884698406.1873355,886202
11052,punjab,pathankot ,2020,1,712417309.7860878,319051
11053,punjab,fatehgarh sahib ,2020,1,364427850.20396817,225225
11054,punjab,upnagar ,2020,1,464355645.35315883,251877
11055,punjab,arn taran ,2020,1,523230607.2132381,198070
11056,punjab,as nagar ,2020,1,4802064278.867108,2856044
11057,punjab,angrur ,2020,1,899705429.0338153,464316
11058,punjab,jalandhar ,2020,1,2475070637.207554,1138166
11059,punjab,bathinda ,2020,1,1321796468.7923625,601259
11060,punjab,kapurthala ,2020,1,736259091.7068343,733357
11061,punjab,firozepur ,2020,1,646106297.4635148,267749
11062,punjab,gurdaspur ,2020,1,629640243.3035197,282241
11063,punjab,amritsar ,2020,1,2170491285.561859,960246
11064,punjab,faridkot ,2020,1,395495517.13154745,160949
11065,punjab,hoshiarpur ,2020,1,613999219.7583513,321185
11066,punjab,moga ,2020,1,477227285.3974912,191581
11067,punjab,hahid bhagat singh nagar ,2020,3,266667583.91423178,133766
11068,punjab,fazilka ,2020,3,1533956137.401909,650223
11069,punjab,barnala ,2020,3,376310320.760211,153737
11070,punjab,mansa ,2020,3,491905113.01903284,203014
11071,punjab,ludhiana ,2020,3,13411978555.224403,5373096
11072,punjab, muktsar sahib ,2020,3,638000001.3578072,264597
11073,punjab,patiala ,2020,3,2639345147.6046906,1133088
11074,punjab,pathankot ,2020,3,1117386418.785541,447422
11075,punjab,fatehgarh sahib ,2020,3,517956571.88600314,271574
11076,punjab,upnagar ,2020,3,660672227.5681767,311185
11077,punjab,arn taran ,2020,3,697808778.4232113,261186
11078,punjab,as nagar ,2020,3,4322991690.252305,2481665
11079,punjab,angrur ,2020,3,1244533965.4714077,520244
11080,punjab,jalandhar ,2020,3,2630961420.321203,1143419
11081,punjab,bathinda ,2020,3,1942683602.933688,761837
11082,punjab,kapurthala ,2020,3,651056198.9365519,304892
11083,punjab,firozepur ,2020,3,915595083.5539353,343064
11084,punjab,gurdaspur ,2020,3,964246073.2802038,390401
11085,punjab,amritsar ,2020,3,2977010022.917255,1171180
11086,punjab,faridkot ,2020,3,581223102.7123432,219522
11087,punjab,hoshiarpur ,2020,3,938565050.5404744,444703
11088,punjab,moga ,2020,3,602239080.9487607,225758
11089,punjab,hahid bhagat singh nagar ,2020,2,249321420.60742584,146772
11090,punjab,fazilka ,2020,2,1345296833.0455809,593260
11091,punjab,barnala ,2020,2,318774599.41186976,140707
11092,punjab,mansa ,2020,2,427470268.0398929,195305
11093,punjab,ludhiana ,2020,2,9202417232.515121,3918678
11094,punjab, muktsar sahib ,2020,2,534460969.84198153,241518
11095,punjab,patiala ,2020,2,1936659811.7674751,922228
11096,punjab,pathankot ,2020,2,828442435.8246017,394701
11097,punjab,fatehgarh sahib ,2020,2,361269235.7237024,226303
11098,punjab,upnagar ,2020,2,495729228.3409338,280893
11099,punjab,arn taran ,2020,2,645838390.469635,262356
11100,punjab,as nagar ,2020,2,3374122041.3441267,1839791
11101,punjab,angrur ,2020,2,1065127674.2908587,497181
11102,punjab,jalandhar ,2020,2,2169814875.621091,1023443
11103,punjab,bathinda ,2020,2,1418732928.7795854,627821
11104,punjab,kapurthala ,2020,2,531729022.5877429,283656
11105,punjab,firozepur ,2020,2,762478210.8187581,312560
11106,punjab,gurdaspur ,2020,2,785055258.3011489,368986
11107,punjab,amritsar ,2020,2,2109955827.7419932,968730
11108,punjab,faridkot ,2020,2,473676684.22172886,194882
11109,punjab,hoshiarpur ,2020,2,740901804.834342,430930
11110,punjab,moga ,2020,2,507379498.0839576,210593
11111,punjab,hahid bhagat singh nagar ,2018,4,101794334.72433561,52020
11112,punjab,fazilka ,2018,4,434770271.47232676,213017
11113,punjab,barnala ,2018,4,120710676.87662092,47591
11114,punjab,mansa ,2018,4,170157569.79721564,97259
11115,punjab,ludhiana ,2018,4,2226953590.8612576,1098598
11116,punjab, muktsar sahib ,2018,4,206325699.0007839,93772
11117,punjab,patiala ,2018,4,854933124.0667864,343229
11118,punjab,pathankot ,2018,4,443194938.3785553,155199
11119,punjab,fatehgarh sahib ,2018,4,157545285.39016566,76726
11120,punjab,upnagar ,2018,4,193579955.2188816,83391
11121,punjab,arn taran ,2018,4,180051384.3071888,61707
11122,punjab,as nagar ,2018,4,1538255981.1155858,771033
11123,punjab,angrur ,2018,4,429092237.0505666,300930
11124,punjab,jalandhar ,2018,4,787278146.4736681,309298
11125,punjab,bathinda ,2018,4,614565899.4866277,253384
11126,punjab,kapurthala ,2018,4,271879526.83803904,140093
11127,punjab,firozepur ,2018,4,288718525.23498666,119242
11128,punjab,gurdaspur ,2018,4,266120794.01177457,99359
11129,punjab,amritsar ,2018,4,797440476.1615218,300266
11130,punjab,faridkot ,2018,4,190667368.606776,69239
11131,punjab,hoshiarpur ,2018,4,301407123.2684921,126429
11132,punjab,moga ,2018,4,206539665.30748087,75355
11133,punjab,hahid bhagat singh nagar ,2018,1,31984799.717137292,20891
11134,punjab,fazilka ,2018,1,118915901.3809619,100864
11135,punjab,barnala ,2018,1,30779491.360747688,20348
11136,punjab,mansa ,2018,1,41535817.90595643,47047
11137,punjab,ludhiana ,2018,1,563038260.5420344,427197
11138,punjab, muktsar sahib ,2018,1,54146157.15264935,44697
11139,punjab,patiala ,2018,1,216716752.3274328,131111
11140,punjab,pathankot ,2018,1,81047251.32470225,51474
11141,punjab,fatehgarh sahib ,2018,1,43563884.00230488,31868
11142,punjab,upnagar ,2018,1,51094982.228189036,33059
11143,punjab,arn taran ,2018,1,43205533.216036156,23026
11144,punjab,as nagar ,2018,1,465850273.6343405,285119
11145,punjab,angrur ,2018,1,118420389.52793653,89227
11146,punjab,jalandhar ,2018,1,193577710.74675983,118981
11147,punjab,bathinda ,2018,1,151709303.3472533,96310
11148,punjab,kapurthala ,2018,1,79325181.77412872,65770
11149,punjab,firozepur ,2018,1,68077291.26643817,43858
11150,punjab,gurdaspur ,2018,1,57534101.01561795,33787
11151,punjab,amritsar ,2018,1,200091373.4518867,98115
11152,punjab,faridkot ,2018,1,45932933.79169293,31684
11153,punjab,hoshiarpur ,2018,1,64771754.252753496,43008
11154,punjab,moga ,2018,1,59439080.88744533,32992
11155,punjab,hahid bhagat singh nagar ,2018,3,75243771.62254676,50360
11156,punjab,fazilka ,2018,3,270023103.2648601,157892
11157,punjab,barnala ,2018,3,73261685.88822013,30636
11158,punjab,mansa ,2018,3,109278595.36315215,66110
11159,punjab,ludhiana ,2018,3,1456417150.3474631,778963
11160,punjab, muktsar sahib ,2018,3,136393053.694744,68801
11161,punjab,patiala ,2018,3,563579570.2701482,250988
11162,punjab,pathankot ,2018,3,279349329.1457398,108152
11163,punjab,fatehgarh sahib ,2018,3,106015403.04070948,54979
11164,punjab,upnagar ,2018,3,124959700.08678234,58143
11165,punjab,arn taran ,2018,3,100240826.21259984,38829
11166,punjab,as nagar ,2018,3,1070550639.2870404,547349
11167,punjab,angrur ,2018,3,284133550.35333884,206582
11168,punjab,jalandhar ,2018,3,521388263.73223054,215686
11169,punjab,bathinda ,2018,3,400049254.5805787,187177
11170,punjab,kapurthala ,2018,3,188312115.6799224,106984
11171,punjab,firozepur ,2018,3,171196760.05485505,82490
11172,punjab,gurdaspur ,2018,3,164460952.48305684,63775
11173,punjab,amritsar ,2018,3,530829226.63244426,195357
11174,punjab,faridkot ,2018,3,115912811.53407659,50038
11175,punjab,hoshiarpur ,2018,3,187505087.74747258,85294
11176,punjab,moga ,2018,3,136586192.7992548,57523
11177,punjab,hahid bhagat singh nagar ,2018,2,57097563.75463554,27601
11178,punjab,fazilka ,2018,2,203431002.47284475,132032
11179,punjab,barnala ,2018,2,55951707.92772633,27175
11180,punjab,mansa ,2018,2,73350476.69493681,61637
11181,punjab,ludhiana ,2018,2,935892631.8609879,572930
11182,punjab, muktsar sahib ,2018,2,98991562.11189887,62150
11183,punjab,patiala ,2018,2,371254259.4379476,196259
11184,punjab,pathankot ,2018,2,158739383.40365845,78612
11185,punjab,fatehgarh sahib ,2018,2,73715314.65665385,45947
11186,punjab,upnagar ,2018,2,84494301.9300065,44278
11187,punjab,arn taran ,2018,2,62616087.618352324,30289
11188,punjab,as nagar ,2018,2,730035482.9606797,387752
11189,punjab,angrur ,2018,2,193602226.83944377,125761
11190,punjab,jalandhar ,2018,2,333928450.34592813,158547
11191,punjab,bathinda ,2018,2,267391852.08765233,146307
11192,punjab,kapurthala ,2018,2,143776925.54049534,80199
11193,punjab,firozepur ,2018,2,112984834.34917663,61163
11194,punjab,gurdaspur ,2018,2,96002110.3022901,51270
11195,punjab,amritsar ,2018,2,334246873.79937446,147287
11196,punjab,faridkot ,2018,2,82684843.48048516,39283
11197,punjab,hoshiarpur ,2018,2,115287400.4575735,61527
11198,punjab,moga ,2018,2,99196919.97429472,43157
11199,punjab,hahid bhagat singh nagar ,2024,1,2001358348.0,1120961
11200,punjab,fazilka ,2024,1,10679946746.0,5730030
11201,punjab,barnala ,2024,1,2515737920.0,1301048
11202,punjab,mansa ,2024,1,2718149854.0,1315319
11203,punjab,ludhiana ,2024,1,41343031752.0,28568525
11204,punjab, muktsar sahib ,2024,1,4050064084.0,2053673
11205,punjab,patiala ,2024,1,14870461841.0,8831645
11206,punjab,pathankot ,2024,1,7842947838.0,4742132
11207,punjab,fatehgarh sahib ,2024,1,4061546566.0,2897384
11208,punjab,upnagar ,2024,1,4525931510.0,2973867
11209,punjab,arn taran ,2024,1,7039088991.0,2936388
11210,punjab,as nagar ,2024,1,27372958741.0,25433845
11211,punjab,angrur ,2024,1,7553904251.0,3917873
11212,punjab,jalandhar ,2024,1,16446082951.0,10132962
11213,punjab,bathinda ,2024,1,10904849700.0,6617924
11214,punjab,kapurthala ,2024,1,6618033639.0,6765244
11215,punjab,firozepur ,2024,1,5632814225.0,3041776
11216,punjab,gurdaspur ,2024,1,9029067819.0,4352183
11217,punjab,amritsar ,2024,1,22419893464.0,11540229
11218,punjab,faridkot ,2024,1,3286209392.0,1681643
11219,punjab,hoshiarpur ,2024,1,8004719170.0,4461001
11220,punjab,moga ,2024,1,4386621520.0,2121527
11221,jharkhand,amgarh ,2021,4,6432497429.630726,3983583
11222,jharkhand,anchi ,2021,4,39912526848.089005,24545152
11223,jharkhand,east singhbhum ,2021,4,12866334499.288763,8580079
11224,jharkhand,jamtara ,2021,4,899430757.6446146,420110
11225,jharkhand,umka ,2021,4,1995978391.5600896,1007415
11226,jharkhand,koderma ,2021,4,5203974984.686633,2621669
11227,jharkhand,hazaribagh ,2021,4,13886616619.230751,7977180
11228,jharkhand,mdega ,2021,4,938425675.838901,337680
11229,jharkhand,garhwa ,2021,4,6434562133.24218,2450056
11230,jharkhand,araikela kharsawan ,2021,4,3572566246.9868546,2464688
11231,jharkhand,gumla ,2021,4,1527038244.986805,636433
11232,jharkhand,hatra ,2021,4,4513039854.003838,1941040
11233,jharkhand,khunti ,2021,4,2066589985.050446,1041603
11234,jharkhand,hanbad ,2021,4,14274464381.899334,9479444
11235,jharkhand,godda ,2021,4,2759418369.0632443,1280918
11236,jharkhand,eoghar ,2021,4,3870686738.9693007,2254328
11237,jharkhand,palamu ,2021,4,10484190181.850275,4766385
11238,jharkhand,latehar ,2021,4,3090427190.28729,1244068
11239,jharkhand,west singhbhum ,2021,4,2426160587.4312463,1326606
11240,jharkhand,pakur ,2021,4,1387823403.0125422,569777
11241,jharkhand,lohardaga ,2021,4,1354289419.7989063,573613
11242,jharkhand,ahebganj ,2021,4,2906816927.8439384,1245223
11243,jharkhand,giridih ,2021,4,11092190597.045721,5962192
11244,jharkhand,bokaro ,2021,4,12121069536.264236,9299800
11245,jharkhand,amgarh ,2021,1,3113016266.674764,1838015
11246,jharkhand,anchi ,2021,1,20516524899.03152,11611641
11247,jharkhand,east singhbhum ,2021,1,6647300274.483877,4431654
11248,jharkhand,jamtara ,2021,1,456838927.1135131,208526
11249,jharkhand,umka ,2021,1,1054597944.1023581,485116
11250,jharkhand,koderma ,2021,1,2379867579.0265236,1058803
11251,jharkhand,hazaribagh ,2021,1,6866253812.618536,3539762
11252,jharkhand,mdega ,2021,1,443425869.7908051,163159
11253,jharkhand,garhwa ,2021,1,3661839156.3892975,1096691
11254,jharkhand,araikela kharsawan ,2021,1,1846065133.2774882,1224133
11255,jharkhand,gumla ,2021,1,700017298.5308061,300767
11256,jharkhand,hatra ,2021,1,2171985101.448553,839701
11257,jharkhand,khunti ,2021,1,1047603370.1557792,464048
11258,jharkhand,hanbad ,2021,1,6811987883.293642,4584110
11259,jharkhand,godda ,2021,1,1457345939.5015016,584620
11260,jharkhand,eoghar ,2021,1,1876182730.6236756,1017919
11261,jharkhand,palamu ,2021,1,5697480883.817553,2014288
11262,jharkhand,latehar ,2021,1,1732342142.5834413,546679
11263,jharkhand,west singhbhum ,2021,1,1322374324.8912904,670523
11264,jharkhand,pakur ,2021,1,682145434.961675,263883
11265,jharkhand,lohardaga ,2021,1,625119351.870021,259945
11266,jharkhand,ahebganj ,2021,1,1456515063.8178966,517329
11267,jharkhand,giridih ,2021,1,5277166388.790894,2479885
11268,jharkhand,bokaro ,2021,1,5905357346.344383,4420466
11269,jharkhand,amgarh ,2021,3,4729136754.335512,2997440
11270,jharkhand,anchi ,2021,3,29840666997.95928,18164412
11271,jharkhand,east singhbhum ,2021,3,9865148330.327866,6664581
11272,jharkhand,jamtara ,2021,3,648846970.5691583,309392
11273,jharkhand,umka ,2021,3,1457487337.7677379,738218
11274,jharkhand,koderma ,2021,3,3791284439.1618476,1915108
11275,jharkhand,hazaribagh ,2021,3,10260697900.091328,5890582
11276,jharkhand,mdega ,2021,3,660899558.6634479,250147
11277,jharkhand,garhwa ,2021,3,4548792921.936173,1683530
11278,jharkhand,araikela kharsawan ,2021,3,2794551681.2667665,1902736
11279,jharkhand,gumla ,2021,3,1094145300.9796107,476983
11280,jharkhand,hatra ,2021,3,3145217133.680824,1402714
11281,jharkhand,khunti ,2021,3,1555491870.4693995,788933
11282,jharkhand,hanbad ,2021,3,10358661169.007961,7087770
11283,jharkhand,godda ,2021,3,2073832346.8346558,942468
11284,jharkhand,eoghar ,2021,3,2727738277.4550085,1605675
11285,jharkhand,palamu ,2021,3,7464641801.918359,3314946
11286,jharkhand,latehar ,2021,3,2134940878.023822,854352
11287,jharkhand,west singhbhum ,2021,3,1879543305.8712544,1029963
11288,jharkhand,pakur ,2021,3,996153827.0320704,429912
11289,jharkhand,lohardaga ,2021,3,973484842.9819839,433222
11290,jharkhand,ahebganj ,2021,3,2163112863.5354643,902632
11291,jharkhand,giridih ,2021,3,7817410903.974937,4225858
11292,jharkhand,bokaro ,2021,3,8909127705.00824,6784128
11293,jharkhand,amgarh ,2021,2,3877533810.611661,2288585
11294,jharkhand,anchi ,2021,2,24097148083.85807,12803752
11295,jharkhand,east singhbhum ,2021,2,7485477213.88922,4844508
11296,jharkhand,jamtara ,2021,2,576323502.2984698,268046
11297,jharkhand,umka ,2021,2,1248082915.3199866,579153
11298,jharkhand,koderma ,2021,2,3471429723.7763453,1572074
11299,jharkhand,hazaribagh ,2021,2,8773101232.77659,4311550
11300,jharkhand,mdega ,2021,2,556206846.121381,204689
11301,jharkhand,garhwa ,2021,2,4795351244.711267,1508109
11302,jharkhand,araikela kharsawan ,2021,2,2222711733.4601,1440421
11303,jharkhand,gumla ,2021,2,873032795.9258515,389400
11304,jharkhand,hatra ,2021,2,3030531855.554953,1183845
11305,jharkhand,khunti ,2021,2,1375114068.8753088,623106
11306,jharkhand,hanbad ,2021,2,8209158081.62978,5334482
11307,jharkhand,godda ,2021,2,1898253133.9049225,788804
11308,jharkhand,eoghar ,2021,2,2376011132.9046144,1262537
11309,jharkhand,palamu ,2021,2,7542921519.250463,2758556
11310,jharkhand,latehar ,2021,2,2053012067.274984,706554
11311,jharkhand,west singhbhum ,2021,2,1521313659.4784636,794591
11312,jharkhand,pakur ,2021,2,833572858.5864425,337610
11313,jharkhand,lohardaga ,2021,2,800493627.1009691,339384
11314,jharkhand,ahebganj ,2021,2,1910517620.5575867,703625
11315,jharkhand,giridih ,2021,2,7492833865.491149,3689998
11316,jharkhand,bokaro ,2021,2,7412510718.099218,5268766
11317,jharkhand,amgarh ,2019,4,907240261.0972492,606260
11318,jharkhand,anchi ,2019,4,8766487755.261751,4962725
11319,jharkhand,east singhbhum ,2019,4,2454308540.295499,1743320
11320,jharkhand,jamtara ,2019,4,181420052.0316623,128678
11321,jharkhand,umka ,2019,4,333225930.0008347,246083
11322,jharkhand,koderma ,2019,4,620039096.2061743,300610
11323,jharkhand,hazaribagh ,2019,4,1919987793.5106766,1115893
11324,jharkhand,mdega ,2019,4,111985838.91556814,50843
11325,jharkhand,garhwa ,2019,4,1079121447.7061095,353292
11326,jharkhand,araikela kharsawan ,2019,4,632386702.9813409,542522
11327,jharkhand,gumla ,2019,4,182271440.1914146,88718
11328,jharkhand,hatra ,2019,4,605474152.4401714,266238
11329,jharkhand,khunti ,2019,4,141760019.40566558,63682
11330,jharkhand,hanbad ,2019,4,2559078950.795422,2966376
11331,jharkhand,godda ,2019,4,498672089.4866885,223042
11332,jharkhand,eoghar ,2019,4,652381524.6441478,411994
11333,jharkhand,palamu ,2019,4,1542916983.3263822,568241
11334,jharkhand,latehar ,2019,4,527968456.97653687,178887
11335,jharkhand,west singhbhum ,2019,4,373351248.94109875,237879
11336,jharkhand,pakur ,2019,4,169185786.96339715,101976
11337,jharkhand,lohardaga ,2019,4,178315463.61294547,84315
11338,jharkhand,ahebganj ,2019,4,378366809.0588422,148678
11339,jharkhand,giridih ,2019,4,1173756910.3354383,664950
11340,jharkhand,bokaro ,2019,4,2158045122.491934,2193416
11341,jharkhand,amgarh ,2019,1,489903880.8153255,349693
11342,jharkhand,anchi ,2019,1,3112736131.120337,1958897
11343,jharkhand,east singhbhum ,2019,1,1244357275.145483,909285
11344,jharkhand,jamtara ,2019,1,106210459.76307851,92090
11345,jharkhand,umka ,2019,1,170044993.11020815,161100
11346,jharkhand,koderma ,2019,1,382615731.9092488,206484
11347,jharkhand,hazaribagh ,2019,1,1096533636.5584443,658381
11348,jharkhand,mdega ,2019,1,49042353.79927784,21230
11349,jharkhand,garhwa ,2019,1,622547866.7237244,189007
11350,jharkhand,araikela kharsawan ,2019,1,376316821.2155843,395831
11351,jharkhand,gumla ,2019,1,89190224.49664608,44668
11352,jharkhand,hatra ,2019,1,349699443.98078203,139459
11353,jharkhand,khunti ,2019,1,76762554.1396697,36962
11354,jharkhand,hanbad ,2019,1,1330543703.1307168,1390250
11355,jharkhand,godda ,2019,1,262228609.84591857,193681
11356,jharkhand,eoghar ,2019,1,311986223.28785783,204610
11357,jharkhand,palamu ,2019,1,875063883.7575887,336935
11358,jharkhand,latehar ,2019,1,304872788.6697321,105495
11359,jharkhand,west singhbhum ,2019,1,203416567.0013063,132348
11360,jharkhand,pakur ,2019,1,101085742.56454855,89881
11361,jharkhand,lohardaga ,2019,1,101421187.79935181,44688
11362,jharkhand,ahebganj ,2019,1,229450483.51369292,111302
11363,jharkhand,giridih ,2019,1,695057378.0180323,540524
11364,jharkhand,bokaro ,2019,1,1046148508.9114575,1074907
11365,jharkhand,amgarh ,2019,3,666327597.117374,466086
11366,jharkhand,anchi ,2019,3,6987035689.115903,3924885
11367,jharkhand,east singhbhum ,2019,3,1863746509.1365323,1439445
11368,jharkhand,jamtara ,2019,3,142379562.4853839,74851
11369,jharkhand,umka ,2019,3,254711658.17907476,163465
11370,jharkhand,koderma ,2019,3,472984198.32100344,218889
11371,jharkhand,hazaribagh ,2019,3,1501364416.6671975,917999
11372,jharkhand,mdega ,2019,3,71672793.4660503,32543
11373,jharkhand,garhwa ,2019,3,766713453.1640826,253092
11374,jharkhand,araikela kharsawan ,2019,3,499189494.0970435,436371
11375,jharkhand,gumla ,2019,3,120987411.12363127,60628
11376,jharkhand,hatra ,2019,3,462948245.07882226,191618
11377,jharkhand,khunti ,2019,3,96458968.46191373,46902
11378,jharkhand,hanbad ,2019,3,1900631592.4346042,2290227
11379,jharkhand,godda ,2019,3,330294444.3316301,156420
11380,jharkhand,eoghar ,2019,3,555613175.4677337,344455
11381,jharkhand,palamu ,2019,3,1090919704.3977737,408718
11382,jharkhand,latehar ,2019,3,398425179.6788881,144588
11383,jharkhand,west singhbhum ,2019,3,269069817.53950894,172682
11384,jharkhand,pakur ,2019,3,127897219.12087816,70296
11385,jharkhand,lohardaga ,2019,3,122597923.83547777,60724
11386,jharkhand,ahebganj ,2019,3,274001393.08005285,109215
11387,jharkhand,giridih ,2019,3,876022719.9153262,498118
11388,jharkhand,bokaro ,2019,3,1613980827.1432543,1738430
11389,jharkhand,amgarh ,2019,2,593592675.6244884,331688
11390,jharkhand,anchi ,2019,2,5924687357.225821,3147028
11391,jharkhand,east singhbhum ,2019,2,1505995808.375913,960100
11392,jharkhand,jamtara ,2019,2,117513448.63148057,62476
11393,jharkhand,umka ,2019,2,195596448.81764007,120692
11394,jharkhand,koderma ,2019,2,466014390.1260528,194180
11395,jharkhand,hazaribagh ,2019,2,1332857266.8961062,633673
11396,jharkhand,mdega ,2019,2,68451218.94833788,27420
11397,jharkhand,garhwa ,2019,2,744151237.499465,205986
11398,jharkhand,araikela kharsawan ,2019,2,412040653.554274,328153
11399,jharkhand,gumla ,2019,2,105885709.66313219,49344
11400,jharkhand,hatra ,2019,2,427446541.16172373,145939
11401,jharkhand,khunti ,2019,2,92472196.04874589,38486
11402,jharkhand,hanbad ,2019,2,1614589568.7048624,1279110
11403,jharkhand,godda ,2019,2,298191584.8881432,143913
11404,jharkhand,eoghar ,2019,2,385121235.7476239,216404
11405,jharkhand,palamu ,2019,2,1046448701.3271729,330327
11406,jharkhand,latehar ,2019,2,330417179.3593244,104321
11407,jharkhand,west singhbhum ,2019,2,243625440.90217423,127553
11408,jharkhand,pakur ,2019,2,110901285.51662283,67895
11409,jharkhand,lohardaga ,2019,2,114529140.20313537,49909
11410,jharkhand,ahebganj ,2019,2,250029522.62360385,95569
11411,jharkhand,giridih ,2019,2,872870570.3762811,447860
11412,jharkhand,bokaro ,2019,2,1369272123.3242126,1020185
11413,jharkhand,amgarh ,2023,4,20925583396.0,16402320
11414,jharkhand,anchi ,2023,4,84447813476.0,69176541
11415,jharkhand,east singhbhum ,2023,4,37241315137.0,31393152
11416,jharkhand,jamtara ,2023,4,3787110307.0,2632927
11417,jharkhand,umka ,2023,4,8137362539.0,5409203
11418,jharkhand,koderma ,2023,4,18369345142.0,12145150
11419,jharkhand,hazaribagh ,2023,4,45112161509.0,33141785
11420,jharkhand,mdega ,2023,4,3302361995.0,1658106
11421,jharkhand,garhwa ,2023,4,21621464354.0,13992079
11422,jharkhand,araikela kharsawan ,2023,4,11998121013.0,10920881
11423,jharkhand,gumla ,2023,4,5661731529.0,3359882
11424,jharkhand,hatra ,2023,4,15327690328.0,9632409
11425,jharkhand,khunti ,2023,4,3186259555.0,1791013
11426,jharkhand,hanbad ,2023,4,47298852662.0,36728784
11427,jharkhand,godda ,2023,4,10502565474.0,7209526
11428,jharkhand,eoghar ,2023,4,15925308807.0,12502549
11429,jharkhand,palamu ,2023,4,34728776320.0,24008097
11430,jharkhand,latehar ,2023,4,10103132822.0,6647539
11431,jharkhand,west singhbhum ,2023,4,8123630287.0,5961234
11432,jharkhand,pakur ,2023,4,7335916247.0,3655708
11433,jharkhand,lohardaga ,2023,4,5297851852.0,3553193
11434,jharkhand,ahebganj ,2023,4,11233885653.0,6972070
11435,jharkhand,giridih ,2023,4,32891441717.0,24340167
11436,jharkhand,bokaro ,2023,4,36160422804.0,31304047
11437,jharkhand,amgarh ,2023,1,15324220562.0,10688070
11438,jharkhand,anchi ,2023,1,61307442040.0,45763754
11439,jharkhand,east singhbhum ,2023,1,27275071566.0,20695978
11440,jharkhand,jamtara ,2023,1,2635180765.0,1481517
11441,jharkhand,umka ,2023,1,5906944175.0,3372232
11442,jharkhand,koderma ,2023,1,13917251391.0,7645154
11443,jharkhand,hazaribagh ,2023,1,33995623801.0,21228363
11444,jharkhand,mdega ,2023,1,2450550375.0,1036519
11445,jharkhand,garhwa ,2023,1,16499335691.0,8515861
11446,jharkhand,araikela kharsawan ,2023,1,8827383450.0,6970257
11447,jharkhand,gumla ,2023,1,4104891588.0,2029725
11448,jharkhand,hatra ,2023,1,12017808736.0,6232470
11449,jharkhand,khunti ,2023,1,2377175763.0,1168717
11450,jharkhand,hanbad ,2023,1,34527716262.0,24716624
11451,jharkhand,godda ,2023,1,7555569726.0,4482399
11452,jharkhand,eoghar ,2023,1,11237573934.0,7539800
11453,jharkhand,palamu ,2023,1,25744336745.0,14108801
11454,jharkhand,latehar ,2023,1,7646682896.0,4198964
11455,jharkhand,west singhbhum ,2023,1,5818704742.0,3753368
11456,jharkhand,pakur ,2023,1,4746109417.0,2070848
11457,jharkhand,lohardaga ,2023,1,3759027316.0,2031412
11458,jharkhand,ahebganj ,2023,1,8107176317.0,4110076
11459,jharkhand,giridih ,2023,1,24387875902.0,15163904
11460,jharkhand,bokaro ,2023,1,27201682861.0,21453290
11461,jharkhand,amgarh ,2023,3,17218151387.0,13753003
11462,jharkhand,anchi ,2023,3,73785110638.0,61665875
11463,jharkhand,east singhbhum ,2023,3,31746251236.0,26988630
11464,jharkhand,jamtara ,2023,3,3111562197.0,2102990
11465,jharkhand,umka ,2023,3,7388925997.0,5191079
11466,jharkhand,koderma ,2023,3,15357997085.0,10079795
11467,jharkhand,hazaribagh ,2023,3,37673365655.0,28489993
11468,jharkhand,mdega ,2023,3,2731537284.0,1350650
11469,jharkhand,garhwa ,2023,3,17283715899.0,10676485
11470,jharkhand,araikela kharsawan ,2023,3,10262405065.0,9293293
11471,jharkhand,gumla ,2023,3,4596853001.0,2748636
11472,jharkhand,hatra ,2023,3,12611533840.0,7970245
11473,jharkhand,khunti ,2023,3,2695005847.0,1536082
11474,jharkhand,hanbad ,2023,3,39800801596.0,31598540
11475,jharkhand,godda ,2023,3,8712360510.0,6006505
11476,jharkhand,eoghar ,2023,3,14729191576.0,11731754
11477,jharkhand,palamu ,2023,3,27484048125.0,18677005
11478,jharkhand,latehar ,2023,3,8124327376.0,5365793
11479,jharkhand,west singhbhum ,2023,3,6929829879.0,5088547
11480,jharkhand,pakur ,2023,3,5770361930.0,2954626
11481,jharkhand,lohardaga ,2023,3,4330400291.0,2912194
11482,jharkhand,ahebganj ,2023,3,8991472428.0,5546596
11483,jharkhand,giridih ,2023,3,26592147773.0,19757747
11484,jharkhand,bokaro ,2023,3,30457067405.0,26751363
11485,jharkhand,amgarh ,2023,2,17474298562.0,12806601
11486,jharkhand,anchi ,2023,2,71798538513.0,55131854
11487,jharkhand,east singhbhum ,2023,2,30294655974.0,23821061
11488,jharkhand,jamtara ,2023,2,2957871110.0,1855906
11489,jharkhand,umka ,2023,2,6740644342.0,4073834
11490,jharkhand,koderma ,2023,2,16208234341.0,9342877
11491,jharkhand,hazaribagh ,2023,2,38465409550.0,25466457
11492,jharkhand,mdega ,2023,2,2811797948.0,1266262
11493,jharkhand,garhwa ,2023,2,19635730833.0,10814050
11494,jharkhand,araikela kharsawan ,2023,2,9948103696.0,8301368
11495,jharkhand,gumla ,2023,2,4810641476.0,2549588
11496,jharkhand,hatra ,2023,2,13276799070.0,7502236
11497,jharkhand,khunti ,2023,2,2843169541.0,1436778
11498,jharkhand,hanbad ,2023,2,38413855098.0,28623519
11499,jharkhand,godda ,2023,2,8748501333.0,5402896
11500,jharkhand,eoghar ,2023,2,13565681676.0,9554315
11501,jharkhand,palamu ,2023,2,30840862063.0,18171987
11502,jharkhand,latehar ,2023,2,8654316037.0,5169626
11503,jharkhand,west singhbhum ,2023,2,6735455503.0,4574627
11504,jharkhand,pakur ,2023,2,5489249909.0,2536299
11505,jharkhand,lohardaga ,2023,2,4433859327.0,2634450
11506,jharkhand,ahebganj ,2023,2,9131862326.0,4854224
11507,jharkhand,giridih ,2023,2,28408986717.0,18718375
11508,jharkhand,bokaro ,2023,2,30526202563.0,24624703
11509,jharkhand,amgarh ,2022,4,10303594244.585339,6829219
11510,jharkhand,anchi ,2022,4,63819119475.171,41821467
11511,jharkhand,east singhbhum ,2022,4,36996606734.88582,24875930
11512,jharkhand,jamtara ,2022,4,1452980042.7320683,788453
11513,jharkhand,umka ,2022,4,3293615886.0002213,1803301
11514,jharkhand,koderma ,2022,4,7861436768.904085,4355218
11515,jharkhand,hazaribagh ,2022,4,20746013914.46022,13124400
11516,jharkhand,mdega ,2022,4,1441320978.7525017,581669
11517,jharkhand,garhwa ,2022,4,8930245496.96877,4570205
11518,jharkhand,araikela kharsawan ,2022,4,5149925217.078531,3981420
11519,jharkhand,gumla ,2022,4,2389426171.4415545,1097729
11520,jharkhand,hatra ,2022,4,7692113539.161083,4086659
11521,jharkhand,khunti ,2022,4,1389615318.5767865,663055
11522,jharkhand,hanbad ,2022,4,27724792259.010098,18383284
11523,jharkhand,godda ,2022,4,5171409110.291876,2949010
11524,jharkhand,eoghar ,2022,4,6832642718.442625,4399812
11525,jharkhand,palamu ,2022,4,15143138186.199799,8295151
11526,jharkhand,latehar ,2022,4,4319127421.563878,2253112
11527,jharkhand,west singhbhum ,2022,4,3768591306.008004,2362475
11528,jharkhand,pakur ,2022,4,2648838438.839152,1175359
11529,jharkhand,lohardaga ,2022,4,2159930311.3398304,1095064
11530,jharkhand,ahebganj ,2022,4,4932348254.143383,2474476
11531,jharkhand,giridih ,2022,4,13630978502.274261,8482602
11532,jharkhand,bokaro ,2022,4,20173927151.750206,14851022
11533,jharkhand,amgarh ,2022,1,7357524201.067263,4563913
11534,jharkhand,anchi ,2022,1,46123330242.43965,28253540
11535,jharkhand,east singhbhum ,2022,1,14369232011.490185,9576498
11536,jharkhand,jamtara ,2022,1,1146919042.9367557,509710
11537,jharkhand,umka ,2022,1,2515250142.3814683,1217056
11538,jharkhand,koderma ,2022,1,6307772153.647697,3110218
11539,jharkhand,hazaribagh ,2022,1,16229125858.21476,9038043
11540,jharkhand,mdega ,2022,1,1158227728.2014425,404144
11541,jharkhand,garhwa ,2022,1,8114726164.818387,3083712
11542,jharkhand,araikela kharsawan ,2022,1,4186515207.9306135,2898782
11543,jharkhand,gumla ,2022,1,1879874426.2507083,754224
11544,jharkhand,hatra ,2022,1,5533043421.845955,2374388
11545,jharkhand,khunti ,2022,1,2485225606.253108,1216509
11546,jharkhand,hanbad ,2022,1,16014299345.818779,10895145
11547,jharkhand,godda ,2022,1,3345307617.917452,1566829
11548,jharkhand,eoghar ,2022,1,4605824380.020501,2703664
11549,jharkhand,palamu ,2022,1,13079772637.081738,5805932
11550,jharkhand,latehar ,2022,1,3766466584.8529816,1472028
11551,jharkhand,west singhbhum ,2022,1,2898889391.9400935,1552052
11552,jharkhand,pakur ,2022,1,1905982392.0394137,707821
11553,jharkhand,lohardaga ,2022,1,1639015955.027969,689219
11554,jharkhand,ahebganj ,2022,1,3691126213.517649,1485645
11555,jharkhand,giridih ,2022,1,13042929318.085455,7126103
11556,jharkhand,bokaro ,2022,1,13303827043.387667,9906035
11557,jharkhand,amgarh ,2022,3,7941969760.320181,5408270
11558,jharkhand,anchi ,2022,3,58067147243.96931,39158673
11559,jharkhand,east singhbhum ,2022,3,27908242815.704754,19160036
11560,jharkhand,jamtara ,2022,3,1260620645.935399,676421
11561,jharkhand,umka ,2022,3,2922736710.4129534,1656873
11562,jharkhand,koderma ,2022,3,6719612545.072683,3729215
11563,jharkhand,hazaribagh ,2022,3,17774103981.03254,11491587
11564,jharkhand,mdega ,2022,3,1181675630.8471434,480280
11565,jharkhand,garhwa ,2022,3,7408995093.104103,3534059
11566,jharkhand,araikela kharsawan ,2022,3,4549539388.877192,3494650
11567,jharkhand,gumla ,2022,3,1891320940.1551285,889566
11568,jharkhand,hatra ,2022,3,5579743807.929993,2869004
11569,jharkhand,khunti ,2022,3,1358819088.0725036,664562
11570,jharkhand,hanbad ,2022,3,20625687079.700974,14284651
11571,jharkhand,godda ,2022,3,3774386753.0280037,2090055
11572,jharkhand,eoghar ,2022,3,6301182422.022277,4037018
11573,jharkhand,palamu ,2022,3,12637980151.71046,6770650
11574,jharkhand,latehar ,2022,3,3651232343.971246,1882171
11575,jharkhand,west singhbhum ,2022,3,3064413681.831046,1924846
11576,jharkhand,pakur ,2022,3,2120076141.536376,932909
11577,jharkhand,lohardaga ,2022,3,1956180288.182396,998534
11578,jharkhand,ahebganj ,2022,3,4069365294.255315,1978228
11579,jharkhand,giridih ,2022,3,11920111086.952282,7398254
11580,jharkhand,bokaro ,2022,3,14727741169.334763,11304820
11581,jharkhand,amgarh ,2022,2,8627263910.657629,5430685
11582,jharkhand,anchi ,2022,2,52558538612.80676,33436768
11583,jharkhand,east singhbhum ,2022,2,16073962066.52158,10983841
11584,jharkhand,jamtara ,2022,2,1258716824.4797027,619795
11585,jharkhand,umka ,2022,2,2887204901.1222754,1462611
11586,jharkhand,koderma ,2022,2,7755155139.208385,3886718
11587,jharkhand,hazaribagh ,2022,2,19190223094.567883,11022611
11588,jharkhand,mdega ,2022,2,1301745859.7078989,476399
11589,jharkhand,garhwa ,2022,2,9098354638.470043,3818360
11590,jharkhand,araikela kharsawan ,2022,2,4759690389.251504,3466392
11591,jharkhand,gumla ,2022,2,2129816836.3231485,894409
11592,jharkhand,hatra ,2022,2,6243395011.904849,2879443
11593,jharkhand,khunti ,2022,2,3011232151.6080604,1517634
11594,jharkhand,hanbad ,2022,2,18944522591.96142,12714016
11595,jharkhand,godda ,2022,2,3891623258.9863048,1939947
11596,jharkhand,eoghar ,2022,2,5576372696.354474,3358367
11597,jharkhand,palamu ,2022,2,14888012258.109343,7012344
11598,jharkhand,latehar ,2022,2,3972328234.621932,1795281
11599,jharkhand,west singhbhum ,2022,2,3224899769.178769,1845089
11600,jharkhand,pakur ,2022,2,2166514537.3977833,842074
11601,jharkhand,lohardaga ,2022,2,1806961503.0803266,801026
11602,jharkhand,ahebganj ,2022,2,4274424134.7660823,1792974
11603,jharkhand,giridih ,2022,2,16356999528.590523,9232036
11604,jharkhand,bokaro ,2022,2,15638269878.460331,11696455
11605,jharkhand,amgarh ,2020,4,3007749575.42791,1794655
11606,jharkhand,anchi ,2020,4,15659917253.677042,8317124
11607,jharkhand,east singhbhum ,2020,4,6186133250.919455,4179679
11608,jharkhand,jamtara ,2020,4,411533853.2107391,219668
11609,jharkhand,umka ,2020,4,945885729.6587029,477931
11610,jharkhand,koderma ,2020,4,2084555455.864562,1009906
11611,jharkhand,hazaribagh ,2020,4,6000420755.634438,3130010
11612,jharkhand,mdega ,2020,4,394670989.1547481,159242
11613,jharkhand,garhwa ,2020,4,3132518917.570641,1066915
11614,jharkhand,araikela kharsawan ,2020,4,1733160460.894959,1193402
11615,jharkhand,gumla ,2020,4,683638237.6119499,304672
11616,jharkhand,hatra ,2020,4,1902306145.1554122,803578
11617,jharkhand,khunti ,2020,4,747006598.3386451,308867
11618,jharkhand,hanbad ,2020,4,6659934484.806874,4393208
11619,jharkhand,godda ,2020,4,1281356655.8426871,565640
11620,jharkhand,eoghar ,2020,4,1729898241.8346453,997893
11621,jharkhand,palamu ,2020,4,4863829078.659186,1861344
11622,jharkhand,latehar ,2020,4,1484525842.3836887,528656
11623,jharkhand,west singhbhum ,2020,4,1292020190.6032867,681181
11624,jharkhand,pakur ,2020,4,572066553.6930829,250419
11625,jharkhand,lohardaga ,2020,4,604770618.0510373,270837
11626,jharkhand,ahebganj ,2020,4,1235490291.6690285,480796
11627,jharkhand,giridih ,2020,4,4345307139.123083,2130742
11628,jharkhand,bokaro ,2020,4,5846478510.257725,4305268
11629,jharkhand,amgarh ,2020,1,1086274774.7268305,695324
11630,jharkhand,anchi ,2020,1,10593904951.012724,5132983
11631,jharkhand,east singhbhum ,2020,1,3099559621.386287,1934537
11632,jharkhand,jamtara ,2020,1,209697372.97611183,110484
11633,jharkhand,umka ,2020,1,383229546.99452996,224016
11634,jharkhand,koderma ,2020,1,822439808.7029362,365431
11635,jharkhand,hazaribagh ,2020,1,2376853316.738264,1199387
11636,jharkhand,mdega ,2020,1,137272246.4613846,64462
11637,jharkhand,garhwa ,2020,1,1339489644.523571,428582
11638,jharkhand,araikela kharsawan ,2020,1,742590781.671559,595845
11639,jharkhand,gumla ,2020,1,222110686.8773355,111756
11640,jharkhand,hatra ,2020,1,788916110.327395,313522
11641,jharkhand,khunti ,2020,1,152340107.1539104,75552
11642,jharkhand,hanbad ,2020,1,2650637205.6009936,2193642
11643,jharkhand,godda ,2020,1,564748152.099283,249509
11644,jharkhand,eoghar ,2020,1,757609415.2029015,434837
11645,jharkhand,palamu ,2020,1,2015033114.7157931,715476
11646,jharkhand,latehar ,2020,1,639364154.4533424,217475
11647,jharkhand,west singhbhum ,2020,1,454415645.6741731,285811
11648,jharkhand,pakur ,2020,1,205523234.31388295,108230
11649,jharkhand,lohardaga ,2020,1,204296439.89280277,104542
11650,jharkhand,ahebganj ,2020,1,487455326.4314028,177230
11651,jharkhand,giridih ,2020,1,1422925290.0151396,724320
11652,jharkhand,bokaro ,2020,1,2254545205.3164005,1819760
11653,jharkhand,amgarh ,2020,3,1969854247.423759,1222166
11654,jharkhand,anchi ,2020,3,12343755027.43895,6079407
11655,jharkhand,east singhbhum ,2020,3,4116728544.957738,2722454
11656,jharkhand,jamtara ,2020,3,337059955.068951,167054
11657,jharkhand,umka ,2020,3,648063334.9878433,329425
11658,jharkhand,koderma ,2020,3,1354273356.911725,670438
11659,jharkhand,hazaribagh ,2020,3,3943736117.757715,2043474
11660,jharkhand,mdega ,2020,3,257055553.20793328,114037
11661,jharkhand,garhwa ,2020,3,1995620748.670542,691808
11662,jharkhand,araikela kharsawan ,2020,3,1185068471.0752506,813102
11663,jharkhand,gumla ,2020,3,453944247.74527246,211669
11664,jharkhand,hatra ,2020,3,1310278826.408379,553055
11665,jharkhand,khunti ,2020,3,653803866.6006848,259453
11666,jharkhand,hanbad ,2020,3,4328813599.670497,2897219
11667,jharkhand,godda ,2020,3,946721454.8104622,419522
11668,jharkhand,eoghar ,2020,3,1245632763.5577192,696852
11669,jharkhand,palamu ,2020,3,3029928179.9686275,1186565
11670,jharkhand,latehar ,2020,3,979875803.5760496,354462
11671,jharkhand,west singhbhum ,2020,3,884348327.5039041,471912
11672,jharkhand,pakur ,2020,3,376632378.6947435,177650
11673,jharkhand,lohardaga ,2020,3,425384823.0010126,195656
11674,jharkhand,ahebganj ,2020,3,828597626.3482716,298379
11675,jharkhand,giridih ,2020,3,3133920203.0911756,1577805
11676,jharkhand,bokaro ,2020,3,3873518361.5365276,2914909
11677,jharkhand,amgarh ,2020,2,1300903967.457524,881527
11678,jharkhand,anchi ,2020,2,10380666521.918905,4656822
11679,jharkhand,east singhbhum ,2020,2,2840155683.786606,1939867
11680,jharkhand,jamtara ,2020,2,350691494.27817845,161843
11681,jharkhand,umka ,2020,2,469191055.92352027,259862
11682,jharkhand,koderma ,2020,2,912366534.8065351,493830
11683,jharkhand,hazaribagh ,2020,2,2588140607.1389537,1409834
11684,jharkhand,mdega ,2020,2,195028382.9212324,100085
11685,jharkhand,garhwa ,2020,2,1748704415.4989936,599059
11686,jharkhand,araikela kharsawan ,2020,2,766916078.3234978,587527
11687,jharkhand,gumla ,2020,2,330789187.03839815,175059
11688,jharkhand,hatra ,2020,2,1108137355.0743728,476954
11689,jharkhand,khunti ,2020,2,263827186.5077803,127141
11690,jharkhand,hanbad ,2020,2,2849779826.644753,2069288
11691,jharkhand,godda ,2020,2,727907900.2439984,342499
11692,jharkhand,eoghar ,2020,2,910853520.4686105,517347
11693,jharkhand,palamu ,2020,2,2564725761.923155,977293
11694,jharkhand,latehar ,2020,2,870606389.4069383,301760
11695,jharkhand,west singhbhum ,2020,2,582210638.4847379,384576
11696,jharkhand,pakur ,2020,2,275919707.4833728,147662
11697,jharkhand,lohardaga ,2020,2,289764741.07358885,149462
11698,jharkhand,ahebganj ,2020,2,659620579.2781014,245058
11699,jharkhand,giridih ,2020,2,1886588905.3434167,1094408
11700,jharkhand,bokaro ,2020,2,2612705534.8983884,2042748
11701,jharkhand,amgarh ,2018,4,412829670.89178383,245189
11702,jharkhand,anchi ,2018,4,1817673935.7006779,997887
11703,jharkhand,east singhbhum ,2018,4,990453488.2225387,616640
11704,jharkhand,jamtara ,2018,4,88236099.31173173,69899
11705,jharkhand,umka ,2018,4,130199956.43032046,108716
11706,jharkhand,koderma ,2018,4,347563723.9094753,145018
11707,jharkhand,hazaribagh ,2018,4,843013094.1120856,454790
11708,jharkhand,mdega ,2018,4,44876911.67864157,19546
11709,jharkhand,garhwa ,2018,4,498426272.61469066,150200
11710,jharkhand,araikela kharsawan ,2018,4,296733243.1740029,242853
11711,jharkhand,gumla ,2018,4,74139877.45931,35436
11712,jharkhand,hatra ,2018,4,275373551.3442755,99556
11713,jharkhand,khunti ,2018,4,58660541.43013879,27189
11714,jharkhand,hanbad ,2018,4,1128043527.8329782,1062585
11715,jharkhand,godda ,2018,4,195266208.56380132,111530
11716,jharkhand,eoghar ,2018,4,236116834.01685223,152383
11717,jharkhand,palamu ,2018,4,620094977.5658048,234378
11718,jharkhand,latehar ,2018,4,215459501.83440596,69590
11719,jharkhand,west singhbhum ,2018,4,161602065.21757331,94778
11720,jharkhand,pakur ,2018,4,76373283.19081725,58677
11721,jharkhand,lohardaga ,2018,4,81171963.13151148,35604
11722,jharkhand,ahebganj ,2018,4,175686520.1584292,88654
11723,jharkhand,giridih ,2018,4,575695972.035529,364032
11724,jharkhand,bokaro ,2018,4,898225421.2948879,798913
11725,jharkhand,amgarh ,2018,1,85844869.66475454,97459
11726,jharkhand,anchi ,2018,1,434234048.4962647,356622
11727,jharkhand,east singhbhum ,2018,1,257229540.65490007,220276
11728,jharkhand,jamtara ,2018,1,37530176.98115201,21925
11729,jharkhand,umka ,2018,1,33366389.64390042,37867
11730,jharkhand,koderma ,2018,1,76001334.68492848,58922
11731,jharkhand,hazaribagh ,2018,1,171297280.2361688,150709
11732,jharkhand,mdega ,2018,1,9328083.907140622,6739
11733,jharkhand,garhwa ,2018,1,105426064.77369875,47858
11734,jharkhand,araikela kharsawan ,2018,1,74573902.81878725,83449
11735,jharkhand,gumla ,2018,1,15422722.31229529,12079
11736,jharkhand,hatra ,2018,1,48808252.9144469,28364
11737,jharkhand,khunti ,2018,1,12238451.413852565,10377
11738,jharkhand,hanbad ,2018,1,271973005.2993548,340878
11739,jharkhand,godda ,2018,1,36033979.36832302,36994
11740,jharkhand,eoghar ,2018,1,91100585.73781538,70058
11741,jharkhand,palamu ,2018,1,128141542.2688809,84608
11742,jharkhand,latehar ,2018,1,35121829.70128228,20416
11743,jharkhand,west singhbhum ,2018,1,38008802.03968498,34197
11744,jharkhand,pakur ,2018,1,10639883.904580789,17321
11745,jharkhand,lohardaga ,2018,1,16349311.325518148,15716
11746,jharkhand,ahebganj ,2018,1,44038697.06983768,30741
11747,jharkhand,giridih ,2018,1,131409945.94483337,131905
11748,jharkhand,bokaro ,2018,1,210067688.75698972,263441
11749,jharkhand,amgarh ,2018,3,310366602.6469911,264474
11750,jharkhand,anchi ,2018,3,1373309866.0578432,1040485
11751,jharkhand,east singhbhum ,2018,3,825516933.9712927,716556
11752,jharkhand,jamtara ,2018,3,76580887.24947754,73849
11753,jharkhand,umka ,2018,3,133011457.10467342,151655
11754,jharkhand,koderma ,2018,3,249949409.4803542,138942
11755,jharkhand,hazaribagh ,2018,3,663718370.6947035,542701
11756,jharkhand,mdega ,2018,3,25648369.734839424,13726
11757,jharkhand,garhwa ,2018,3,336403685.7283772,108433
11758,jharkhand,araikela kharsawan ,2018,3,265695487.6867497,290800
11759,jharkhand,gumla ,2018,3,42595638.74931184,25772
11760,jharkhand,hatra ,2018,3,174206860.24867332,79849
11761,jharkhand,khunti ,2018,3,44676454.34154199,21153
11762,jharkhand,hanbad ,2018,3,1383326534.6497746,2064271
11763,jharkhand,godda ,2018,3,125755382.3951503,74223
11764,jharkhand,eoghar ,2018,3,198908051.87959886,152113
11765,jharkhand,palamu ,2018,3,405648506.51824975,166304
11766,jharkhand,latehar ,2018,3,121527383.17373994,44859
11767,jharkhand,west singhbhum ,2018,3,112805093.1913876,79053
11768,jharkhand,pakur ,2018,3,53635968.332766,40103
11769,jharkhand,lohardaga ,2018,3,51299901.60382438,29529
11770,jharkhand,ahebganj ,2018,3,126227082.25502507,63020
11771,jharkhand,giridih ,2018,3,457115389.3922781,334079
11772,jharkhand,bokaro ,2018,3,1103642100.617909,1606672
11773,jharkhand,amgarh ,2018,2,173725383.96619216,120655
11774,jharkhand,anchi ,2018,2,820976014.2247977,501072
11775,jharkhand,east singhbhum ,2018,2,467008622.29054534,323829
11776,jharkhand,jamtara ,2018,2,65954452.967897445,33336
11777,jharkhand,umka ,2018,2,62513760.31002599,52730
11778,jharkhand,koderma ,2018,2,157457238.23045406,78447
11779,jharkhand,hazaribagh ,2018,2,371520189.2845477,214298
11780,jharkhand,mdega ,2018,2,19536971.86893055,9842
11781,jharkhand,garhwa ,2018,2,248149219.75080514,80546
11782,jharkhand,araikela kharsawan ,2018,2,128312051.58743985,117686
11783,jharkhand,gumla ,2018,2,30300849.443379648,18470
11784,jharkhand,hatra ,2018,2,103935683.23963837,42721
11785,jharkhand,khunti ,2018,2,24028506.190518655,14808
11786,jharkhand,hanbad ,2018,2,503649314.08955395,520547
11787,jharkhand,godda ,2018,2,94877071.5958207,55790
11788,jharkhand,eoghar ,2018,2,148363954.84218916,96438
11789,jharkhand,palamu ,2018,2,325976624.8230643,131021
11790,jharkhand,latehar ,2018,2,78012578.84608759,31244
11791,jharkhand,west singhbhum ,2018,2,69912382.99671319,49609
11792,jharkhand,pakur ,2018,2,32269216.251769222,24613
11793,jharkhand,lohardaga ,2018,2,31539375.169917487,20959
11794,jharkhand,ahebganj ,2018,2,97661893.23262924,44517
11795,jharkhand,giridih ,2018,2,267172044.8851918,172783
11796,jharkhand,bokaro ,2018,2,398722258.97476417,396119
11797,jharkhand,amgarh ,2024,1,23213014919.0,18859845
11798,jharkhand,anchi ,2024,1,91801382841.0,76443714
11799,jharkhand,east singhbhum ,2024,1,39363591560.0,33874562
11800,jharkhand,jamtara ,2024,1,4476680156.0,3264361
11801,jharkhand,umka ,2024,1,9466820917.0,6450692
11802,jharkhand,koderma ,2024,1,21677938296.0,14104201
11803,jharkhand,hazaribagh ,2024,1,51969064818.0,37517485
11804,jharkhand,mdega ,2024,1,3519490197.0,1888276
11805,jharkhand,garhwa ,2024,1,25195919015.0,16557456
11806,jharkhand,araikela kharsawan ,2024,1,13276359179.0,12348333
11807,jharkhand,gumla ,2024,1,6219539468.0,3902283
11808,jharkhand,hatra ,2024,1,18082395242.0,11351430
11809,jharkhand,khunti ,2024,1,3488474941.0,2029097
11810,jharkhand,hanbad ,2024,1,50030548909.0,41304611
11811,jharkhand,godda ,2024,1,12687077386.0,8746649
11812,jharkhand,eoghar ,2024,1,18738468685.0,15074977
11813,jharkhand,palamu ,2024,1,41090282105.0,28576931
11814,jharkhand,latehar ,2024,1,11408522528.0,7606366
11815,jharkhand,west singhbhum ,2024,1,9134890121.0,6825888
11816,jharkhand,pakur ,2024,1,8998664805.0,4513198
11817,jharkhand,lohardaga ,2024,1,5873645210.0,4192216
11818,jharkhand,ahebganj ,2024,1,13684477234.0,8529374
11819,jharkhand,giridih ,2024,1,37418089818.0,27630147
11820,jharkhand,bokaro ,2024,1,38904898723.0,35167003
11821,uttarakhand,bageshwar ,2021,4,429855016.57681274,228125
11822,uttarakhand,udham singh nagar ,2021,4,9041480525.639933,5131031
11823,uttarakhand,haridwar ,2021,4,11490457874.693764,7030490
11824,uttarakhand,hampawat ,2021,4,581241391.496042,279541
11825,uttarakhand,nainital ,2021,4,5812451204.097101,3236410
11826,uttarakhand,ehradun ,2021,4,30616000516.70843,20099531
11827,uttarakhand,hamoli ,2021,4,935680417.2825816,444044
11828,uttarakhand,almora ,2021,4,1157426313.556387,621457
11829,uttarakhand,uttarkashi ,2021,4,699763855.0503579,340832
11830,uttarakhand,pithoragarh ,2021,4,1047695615.6454681,493686
11831,uttarakhand,udraprayag ,2021,4,644334317.5148525,296477
11832,uttarakhand,pauri garhwal ,2021,4,2087257954.5768223,1252707
11833,uttarakhand,ehri garhwal ,2021,4,1604463156.5824413,906949
11834,uttarakhand,bageshwar ,2021,1,228097046.62067777,125650
11835,uttarakhand,udham singh nagar ,2021,1,4698429212.673304,2400713
11836,uttarakhand,haridwar ,2021,1,6655847670.435171,3637862
11837,uttarakhand,hampawat ,2021,1,313298147.11381817,144019
11838,uttarakhand,nainital ,2021,1,3267711093.9339843,1656353
11839,uttarakhand,ehradun ,2021,1,16714266661.471684,10341368
11840,uttarakhand,hamoli ,2021,1,534930142.84450316,251971
11841,uttarakhand,almora ,2021,1,567283572.0401663,315595
11842,uttarakhand,uttarkashi ,2021,1,419933605.44935334,199972
11843,uttarakhand,pithoragarh ,2021,1,560157950.425506,261250
11844,uttarakhand,udraprayag ,2021,1,301622374.0812526,139023
11845,uttarakhand,pauri garhwal ,2021,1,1098791516.9842882,637099
11846,uttarakhand,ehri garhwal ,2021,1,927820405.8247087,497527
11847,uttarakhand,bageshwar ,2021,3,339140370.82216936,195216
11848,uttarakhand,udham singh nagar ,2021,3,6845281919.429771,3972342
11849,uttarakhand,haridwar ,2021,3,8989314144.10345,5509173
11850,uttarakhand,hampawat ,2021,3,452316414.89691293,225508
11851,uttarakhand,nainital ,2021,3,4647117597.836014,2632707
11852,uttarakhand,ehradun ,2021,3,22990701165.284504,15063442
11853,uttarakhand,hamoli ,2021,3,738267624.1421455,352899
11854,uttarakhand,almora ,2021,3,912391176.2694778,518423
11855,uttarakhand,uttarkashi ,2021,3,564935671.3357033,280090
11856,uttarakhand,pithoragarh ,2021,3,818234590.9716287,405020
11857,uttarakhand,udraprayag ,2021,3,391423419.13020337,198589
11858,uttarakhand,pauri garhwal ,2021,3,1594948974.778614,969356
11859,uttarakhand,ehri garhwal ,2021,3,1243423714.563628,719519
11860,uttarakhand,bageshwar ,2021,2,300595070.57305586,200623
11861,uttarakhand,udham singh nagar ,2021,2,5332715640.386387,2949644
11862,uttarakhand,haridwar ,2021,2,7206283398.339356,4083950
11863,uttarakhand,hampawat ,2021,2,391186970.2603439,209830
11864,uttarakhand,nainital ,2021,2,3666864167.0763474,2022948
11865,uttarakhand,ehradun ,2021,2,18841754559.75351,11452915
11866,uttarakhand,hamoli ,2021,2,592961500.5480487,335548
11867,uttarakhand,almora ,2021,2,813684022.7677014,516291
11868,uttarakhand,uttarkashi ,2021,2,493313162.98720294,272386
11869,uttarakhand,pithoragarh ,2021,2,706633659.8182425,373518
11870,uttarakhand,udraprayag ,2021,2,358593778.78038114,198601
11871,uttarakhand,pauri garhwal ,2021,2,1284331635.4191165,772232
11872,uttarakhand,ehri garhwal ,2021,2,1001900308.1286169,611946
11873,uttarakhand,bageshwar ,2019,4,74106171.90251683,44970
11874,uttarakhand,udham singh nagar ,2019,4,1847912911.0312634,1067254
11875,uttarakhand,haridwar ,2019,4,2912268373.080662,1661936
11876,uttarakhand,hampawat ,2019,4,105727261.6222372,60354
11877,uttarakhand,nainital ,2019,4,938607132.5862873,510868
11878,uttarakhand,ehradun ,2019,4,4994340229.552402,3069497
11879,uttarakhand,hamoli ,2019,4,207905779.61748406,104404
11880,uttarakhand,almora ,2019,4,226549226.13870552,147270
11881,uttarakhand,uttarkashi ,2019,4,174141275.3253441,82965
11882,uttarakhand,pithoragarh ,2019,4,200782149.05021042,112708
11883,uttarakhand,udraprayag ,2019,4,121690003.20270392,63743
11884,uttarakhand,pauri garhwal ,2019,4,438116662.3129741,260210
11885,uttarakhand,ehri garhwal ,2019,4,331559129.7280453,175937
11886,uttarakhand,bageshwar ,2019,1,41562836.347878136,26789
11887,uttarakhand,udham singh nagar ,2019,1,1489217231.336874,1872126
11888,uttarakhand,haridwar ,2019,1,1744127095.0116453,1412730
11889,uttarakhand,hampawat ,2019,1,62479997.7978691,40675
11890,uttarakhand,nainital ,2019,1,528892751.995024,366310
11891,uttarakhand,ehradun ,2019,1,2353709229.488825,1291566
11892,uttarakhand,hamoli ,2019,1,109897209.50624073,57245
11893,uttarakhand,almora ,2019,1,133142670.68267205,84510
11894,uttarakhand,uttarkashi ,2019,1,85792881.24604434,43500
11895,uttarakhand,pithoragarh ,2019,1,126782378.71489981,67059
11896,uttarakhand,udraprayag ,2019,1,60259060.58910632,35834
11897,uttarakhand,pauri garhwal ,2019,1,259133683.45728147,154873
11898,uttarakhand,ehri garhwal ,2019,1,188532149.09953338,92784
11899,uttarakhand,bageshwar ,2019,3,51115257.990878195,36951
11900,uttarakhand,udham singh nagar ,2019,3,1448854013.7749524,881091
11901,uttarakhand,haridwar ,2019,3,2350808805.151039,1408219
11902,uttarakhand,hampawat ,2019,3,84731426.51331419,50176
11903,uttarakhand,nainital ,2019,3,703565372.0754354,410561
11904,uttarakhand,ehradun ,2019,3,3787761714.5911207,2163047
11905,uttarakhand,hamoli ,2019,3,159441929.61206484,88665
11906,uttarakhand,almora ,2019,3,163341415.00345957,110098
11907,uttarakhand,uttarkashi ,2019,3,126468996.95084272,68144
11908,uttarakhand,pithoragarh ,2019,3,157938393.66508043,93746
11909,uttarakhand,udraprayag ,2019,3,89159258.0557906,53994
11910,uttarakhand,pauri garhwal ,2019,3,337105679.89840025,206617
11911,uttarakhand,ehri garhwal ,2019,3,268739806.73495024,139167
11912,uttarakhand,bageshwar ,2019,2,52020772.88719916,31665
11913,uttarakhand,udham singh nagar ,2019,2,1378582227.1383595,964467
11914,uttarakhand,haridwar ,2019,2,1993331114.9490423,1109390
11915,uttarakhand,hampawat ,2019,2,83652585.73778167,43329
11916,uttarakhand,nainital ,2019,2,641075253.7010634,347099
11917,uttarakhand,ehradun ,2019,2,3149635867.735813,1628356
11918,uttarakhand,hamoli ,2019,2,146135260.66002762,71211
11919,uttarakhand,almora ,2019,2,169588331.81787175,110119
11920,uttarakhand,uttarkashi ,2019,2,116326460.03063229,52899
11921,uttarakhand,pithoragarh ,2019,2,158772474.7061255,81162
11922,uttarakhand,udraprayag ,2019,2,105793130.67286699,46374
11923,uttarakhand,pauri garhwal ,2019,2,330941586.17840505,201286
11924,uttarakhand,ehri garhwal ,2019,2,262677784.70331165,125918
11925,uttarakhand,bageshwar ,2023,4,1054498578.0,784103
11926,uttarakhand,udham singh nagar ,2023,4,28068932760.0,21410120
11927,uttarakhand,haridwar ,2023,4,36736177867.0,28637960
11928,uttarakhand,hampawat ,2023,4,1669257641.0,1140896
11929,uttarakhand,nainital ,2023,4,13092884973.0,10021918
11930,uttarakhand,ehradun ,2023,4,45527971116.0,39924330
11931,uttarakhand,hamoli ,2023,4,2641361200.0,1829681
11932,uttarakhand,almora ,2023,4,2880351271.0,2132117
11933,uttarakhand,uttarkashi ,2023,4,1873135253.0,1280636
11934,uttarakhand,pithoragarh ,2023,4,2679789715.0,1905720
11935,uttarakhand,udraprayag ,2023,4,2445583289.0,1556978
11936,uttarakhand,pauri garhwal ,2023,4,5117131019.0,4056147
11937,uttarakhand,ehri garhwal ,2023,4,4296372580.0,3390834
11938,uttarakhand,bageshwar ,2023,1,789534270.0,548380
11939,uttarakhand,udham singh nagar ,2023,1,20542684972.0,13978521
11940,uttarakhand,haridwar ,2023,1,26500543614.0,18798046
11941,uttarakhand,hampawat ,2023,1,1226950637.0,779378
11942,uttarakhand,nainital ,2023,1,9531910281.0,6645871
11943,uttarakhand,ehradun ,2023,1,33916386161.0,28447368
11944,uttarakhand,hamoli ,2023,1,1609382133.0,1029945
11945,uttarakhand,almora ,2023,1,2028760785.0,1388916
11946,uttarakhand,uttarkashi ,2023,1,1329618478.0,839385
11947,uttarakhand,pithoragarh ,2023,1,1892055904.0,1284719
11948,uttarakhand,udraprayag ,2023,1,1003356899.0,647909
11949,uttarakhand,pauri garhwal ,2023,1,3734478564.0,2750629
11950,uttarakhand,ehri garhwal ,2023,1,3074244887.0,2246608
11951,uttarakhand,bageshwar ,2023,3,884550586.0,666377
11952,uttarakhand,udham singh nagar ,2023,3,23427520009.0,18606679
11953,uttarakhand,haridwar ,2023,3,32455299270.0,26611336
11954,uttarakhand,hampawat ,2023,3,1409437100.0,980015
11955,uttarakhand,nainital ,2023,3,11035263272.0,8620296
11956,uttarakhand,ehradun ,2023,3,40603170022.0,36594851
11957,uttarakhand,hamoli ,2023,3,2311170473.0,1628923
11958,uttarakhand,almora ,2023,3,2475467644.0,1840191
11959,uttarakhand,uttarkashi ,2023,3,1795883675.0,1203734
11960,uttarakhand,pithoragarh ,2023,3,2330514157.0,1640048
11961,uttarakhand,udraprayag ,2023,3,2139338372.0,1476972
11962,uttarakhand,pauri garhwal ,2023,3,4209599000.0,3468288
11963,uttarakhand,ehri garhwal ,2023,3,3685184541.0,2946977
11964,uttarakhand,bageshwar ,2023,2,985959187.0,726950
11965,uttarakhand,udham singh nagar ,2023,2,22588115268.0,16932356
11966,uttarakhand,haridwar ,2023,2,32327305602.0,24260673
11967,uttarakhand,hampawat ,2023,2,1524868083.0,1047124
11968,uttarakhand,nainital ,2023,2,11941153554.0,8645252
11969,uttarakhand,ehradun ,2023,2,40261073972.0,34692859
11970,uttarakhand,hamoli ,2023,2,2983545303.0,1825969
11971,uttarakhand,almora ,2023,2,2786364746.0,2020325
11972,uttarakhand,uttarkashi ,2023,2,2344893299.0,1342970
11973,uttarakhand,pithoragarh ,2023,2,2468595556.0,1742817
11974,uttarakhand,udraprayag ,2023,2,3485553463.0,1800936
11975,uttarakhand,pauri garhwal ,2023,2,5335354696.0,4018333
11976,uttarakhand,ehri garhwal ,2023,2,5040089669.0,3701650
11977,uttarakhand,bageshwar ,2022,4,572631360.7164435,377996
11978,uttarakhand,udham singh nagar ,2022,4,16094358620.839266,10333475
11979,uttarakhand,haridwar ,2022,4,19912247185.811954,13503692
11980,uttarakhand,hampawat ,2022,4,807571212.9402206,469043
11981,uttarakhand,nainital ,2022,4,7697883412.598278,5012268
11982,uttarakhand,ehradun ,2022,4,58612213437.28185,40807331
11983,uttarakhand,hamoli ,2022,4,1880933827.7386518,1117730
11984,uttarakhand,almora ,2022,4,1571073455.8092246,1009910
11985,uttarakhand,uttarkashi ,2022,4,916448376.726758,539699
11986,uttarakhand,pithoragarh ,2022,4,1481932435.116687,920523
11987,uttarakhand,udraprayag ,2022,4,951611612.2036073,492035
11988,uttarakhand,pauri garhwal ,2022,4,2930488128.435723,1993213
11989,uttarakhand,ehri garhwal ,2022,4,2066653765.1403933,1406965
11990,uttarakhand,bageshwar ,2022,1,464249473.4222708,240815
11991,uttarakhand,udham singh nagar ,2022,1,10009445962.437685,5878926
11992,uttarakhand,haridwar ,2022,1,12739141532.519213,7982968
11993,uttarakhand,hampawat ,2022,1,618157667.8282931,307080
11994,uttarakhand,nainital ,2022,1,5973753416.613321,3419287
11995,uttarakhand,ehradun ,2022,1,33123635654.16364,22257700
11996,uttarakhand,hamoli ,2022,1,908267962.1925865,447942
11997,uttarakhand,almora ,2022,1,1114809944.882173,615373
11998,uttarakhand,uttarkashi ,2022,1,690101594.2170823,354038
11999,uttarakhand,pithoragarh ,2022,1,1077070807.370165,513359
12000,uttarakhand,udraprayag ,2022,1,498507056.829461,254813
12001,uttarakhand,pauri garhwal ,2022,1,2160205589.4174557,1340407
12002,uttarakhand,ehri garhwal ,2022,1,1601435838.181318,948064
12003,uttarakhand,bageshwar ,2022,3,438943544.9939508,280678
12004,uttarakhand,udham singh nagar ,2022,3,12605973683.641441,8359056
12005,uttarakhand,haridwar ,2022,3,17469868639.355198,12207906
12006,uttarakhand,hampawat ,2022,3,690132451.4541664,409237
12007,uttarakhand,nainital ,2022,3,7504228522.498605,4918426
12008,uttarakhand,ehradun ,2022,3,43421889600.77414,31286908
12009,uttarakhand,hamoli ,2022,3,1357043504.4213452,759073
12010,uttarakhand,almora ,2022,3,1333633913.7202659,862733
12011,uttarakhand,uttarkashi ,2022,3,1020415832.5023174,574366
12012,uttarakhand,pithoragarh ,2022,3,1386396764.7434978,824882
12013,uttarakhand,udraprayag ,2022,3,1035378469.1373514,538517
12014,uttarakhand,pauri garhwal ,2022,3,2462947906.054614,1692144
12015,uttarakhand,ehri garhwal ,2022,3,1914407105.066064,1282593
12016,uttarakhand,bageshwar ,2022,2,546605012.7624527,337262
12017,uttarakhand,udham singh nagar ,2022,2,11516900702.588758,7173658
12018,uttarakhand,haridwar ,2022,2,16128591903.365211,10586018
12019,uttarakhand,hampawat ,2022,2,802026422.3335738,441429
12020,uttarakhand,nainital ,2022,2,6957275629.433159,4229607
12021,uttarakhand,ehradun ,2022,2,40081073999.877716,28405360
12022,uttarakhand,hamoli ,2022,2,1456305122.8944721,724863
12023,uttarakhand,almora ,2022,2,1470548875.9558089,917436
12024,uttarakhand,uttarkashi ,2022,2,1141949487.1675887,540533
12025,uttarakhand,pithoragarh ,2022,2,1370280861.667244,744947
12026,uttarakhand,udraprayag ,2022,2,1343191881.07683,555674
12027,uttarakhand,pauri garhwal ,2022,2,2946932725.366783,1914947
12028,uttarakhand,ehri garhwal ,2022,2,2551688400.844716,1595144
12029,uttarakhand,bageshwar ,2020,4,243513878.83942905,175079
12030,uttarakhand,udham singh nagar ,2020,4,4514038446.219884,2363335
12031,uttarakhand,haridwar ,2020,4,6085979623.74952,3321783
12032,uttarakhand,hampawat ,2020,4,339178308.3489728,184738
12033,uttarakhand,nainital ,2020,4,2922713378.2238545,1517073
12034,uttarakhand,ehradun ,2020,4,12878001020.781935,7225475
12035,uttarakhand,hamoli ,2020,4,608689356.7896259,334855
12036,uttarakhand,almora ,2020,4,655069287.4592457,448847
12037,uttarakhand,uttarkashi ,2020,4,446087898.9016932,248828
12038,uttarakhand,pithoragarh ,2020,4,642959649.9234655,341824
12039,uttarakhand,udraprayag ,2020,4,391044736.1112037,205575
12040,uttarakhand,pauri garhwal ,2020,4,1126540354.654028,683792
12041,uttarakhand,ehri garhwal ,2020,4,938923389.1074793,562067
12042,uttarakhand,bageshwar ,2020,1,84722349.28857002,58220
12043,uttarakhand,udham singh nagar ,2020,1,2462031686.6688175,1320641
12044,uttarakhand,haridwar ,2020,1,2829682337.55844,1746548
12045,uttarakhand,hampawat ,2020,1,114406606.10337359,71250
12046,uttarakhand,nainital ,2020,1,1012419762.4026624,591916
12047,uttarakhand,ehradun ,2020,1,7855577949.518105,4292172
12048,uttarakhand,hamoli ,2020,1,211908675.2839394,122706
12049,uttarakhand,almora ,2020,1,262516586.53569755,158941
12050,uttarakhand,uttarkashi ,2020,1,176256181.79746825,96469
12051,uttarakhand,pithoragarh ,2020,1,231555480.8832615,132585
12052,uttarakhand,udraprayag ,2020,1,122618449.68931642,74461
12053,uttarakhand,pauri garhwal ,2020,1,428956086.0113152,265239
12054,uttarakhand,ehri garhwal ,2020,1,365428107.2466619,200636
12055,uttarakhand,bageshwar ,2020,3,158927994.60522747,113186
12056,uttarakhand,udham singh nagar ,2020,3,2930954022.9558268,1570042
12057,uttarakhand,haridwar ,2020,3,4070826642.206731,2251448
12058,uttarakhand,hampawat ,2020,3,216919449.54937637,129549
12059,uttarakhand,nainital ,2020,3,1918487570.1438391,984746
12060,uttarakhand,ehradun ,2020,3,9682445376.09395,4899672
12061,uttarakhand,hamoli ,2020,3,388151115.2672857,219226
12062,uttarakhand,almora ,2020,3,453570746.46387815,319939
12063,uttarakhand,uttarkashi ,2020,3,318056161.8167209,166514
12064,uttarakhand,pithoragarh ,2020,3,421302996.40247244,237817
12065,uttarakhand,udraprayag ,2020,3,214478001.77062732,133146
12066,uttarakhand,pauri garhwal ,2020,3,734135974.61854,441783
12067,uttarakhand,ehri garhwal ,2020,3,595254916.1120149,351867
12068,uttarakhand,bageshwar ,2020,2,115622508.26946892,91958
12069,uttarakhand,udham singh nagar ,2020,2,2605047531.8868837,1430868
12070,uttarakhand,haridwar ,2020,2,2717831193.887991,1633204
12071,uttarakhand,hampawat ,2020,2,162391481.0259492,109021
12072,uttarakhand,nainital ,2020,2,1075299747.5588312,661723
12073,uttarakhand,ehradun ,2020,2,7204561616.48045,3619286
12074,uttarakhand,hamoli ,2020,2,274419553.19735515,180349
12075,uttarakhand,almora ,2020,2,333359506.69689095,256356
12076,uttarakhand,uttarkashi ,2020,2,241132342.2347738,143866
12077,uttarakhand,pithoragarh ,2020,2,309868814.02295196,193141
12078,uttarakhand,udraprayag ,2020,2,156079665.36803532,115692
12079,uttarakhand,pauri garhwal ,2020,2,488475349.76430535,337679
12080,uttarakhand,ehri garhwal ,2020,2,410098391.70712256,274627
12081,uttarakhand,bageshwar ,2018,4,36931703.42569672,21496
12082,uttarakhand,udham singh nagar ,2018,4,1063327513.805676,817760
12083,uttarakhand,haridwar ,2018,4,1361862781.3811455,780667
12084,uttarakhand,hampawat ,2018,4,54097463.5833426,29492
12085,uttarakhand,nainital ,2018,4,434444465.8451766,262453
12086,uttarakhand,ehradun ,2018,4,1866928298.8196144,839564
12087,uttarakhand,hamoli ,2018,4,93713092.70470297,44084
12088,uttarakhand,almora ,2018,4,117821119.63767174,71874
12089,uttarakhand,uttarkashi ,2018,4,74788538.69988398,32970
12090,uttarakhand,pithoragarh ,2018,4,120923916.07731065,54756
12091,uttarakhand,udraprayag ,2018,4,54341747.19830029,26900
12092,uttarakhand,pauri garhwal ,2018,4,217330050.30159777,124351
12093,uttarakhand,ehri garhwal ,2018,4,157761446.48374176,72394
12094,uttarakhand,bageshwar ,2018,1,8645020.086163377,10580
12095,uttarakhand,udham singh nagar ,2018,1,273540317.8466592,319290
12096,uttarakhand,haridwar ,2018,1,394604404.70860887,308588
12097,uttarakhand,hampawat ,2018,1,9818454.777565042,11037
12098,uttarakhand,nainital ,2018,1,116698562.48367879,106949
12099,uttarakhand,ehradun ,2018,1,512888194.28700817,329459
12100,uttarakhand,hamoli ,2018,1,19931685.344290152,15936
12101,uttarakhand,almora ,2018,1,24966386.517174132,26086
12102,uttarakhand,uttarkashi ,2018,1,15898878.29543098,12342
12103,uttarakhand,pithoragarh ,2018,1,19129399.861616693,18593
12104,uttarakhand,udraprayag ,2018,1,12517358.300915807,10107
12105,uttarakhand,pauri garhwal ,2018,1,58626307.503576376,49412
12106,uttarakhand,ehri garhwal ,2018,1,41280388.51120189,28306
12107,uttarakhand,bageshwar ,2018,3,21819053.81952673,14993
12108,uttarakhand,udham singh nagar ,2018,3,750899273.4469256,635903
12109,uttarakhand,haridwar ,2018,3,904828173.1140293,516553
12110,uttarakhand,hampawat ,2018,3,34495610.12735177,20788
12111,uttarakhand,nainital ,2018,3,272528677.45278066,164989
12112,uttarakhand,ehradun ,2018,3,1233501843.6407683,580817
12113,uttarakhand,hamoli ,2018,3,57607070.75418808,28392
12114,uttarakhand,almora ,2018,3,73631915.94944787,50491
12115,uttarakhand,uttarkashi ,2018,3,44762533.115959145,22900
12116,uttarakhand,pithoragarh ,2018,3,66592869.052209534,37382
12117,uttarakhand,udraprayag ,2018,3,28621234.093816403,18476
12118,uttarakhand,pauri garhwal ,2018,3,139462380.15680635,88372
12119,uttarakhand,ehri garhwal ,2018,3,97822405.13469782,49076
12120,uttarakhand,bageshwar ,2018,2,17461881.43219953,13413
12121,uttarakhand,udham singh nagar ,2018,2,460064933.193244,396961
12122,uttarakhand,haridwar ,2018,2,653841352.4744893,408449
12123,uttarakhand,hampawat ,2018,2,26298796.010909528,17868
12124,uttarakhand,nainital ,2018,2,221734345.97526038,143993
12125,uttarakhand,ehradun ,2018,2,908634049.1026804,464526
12126,uttarakhand,hamoli ,2018,2,37928070.64293302,23109
12127,uttarakhand,almora ,2018,2,50535626.79560754,39584
12128,uttarakhand,uttarkashi ,2018,2,31584871.420789883,17994
12129,uttarakhand,pithoragarh ,2018,2,51625580.581978634,31473
12130,uttarakhand,udraprayag ,2018,2,23692738.946748238,14267
12131,uttarakhand,pauri garhwal ,2018,2,116427905.16679347,87569
12132,uttarakhand,ehri garhwal ,2018,2,79925226.8074092,44916
12133,uttarakhand,bageshwar ,2024,1,1049823576.0,810801
12134,uttarakhand,udham singh nagar ,2024,1,30266800896.0,23428419
12135,uttarakhand,haridwar ,2024,1,39476373389.0,31584263
12136,uttarakhand,hampawat ,2024,1,1681475960.0,1217925
12137,uttarakhand,nainital ,2024,1,12889542997.0,10078090
12138,uttarakhand,ehradun ,2024,1,45315248648.0,40726888
12139,uttarakhand,hamoli ,2024,1,2089672589.0,1575954
12140,uttarakhand,almora ,2024,1,2762396377.0,2098477
12141,uttarakhand,uttarkashi ,2024,1,1718147542.0,1273114
12142,uttarakhand,pithoragarh ,2024,1,2605021991.0,2010259
12143,uttarakhand,udraprayag ,2024,1,1433689455.0,1071010
12144,uttarakhand,pauri garhwal ,2024,1,4914222910.0,4041114
12145,uttarakhand,ehri garhwal ,2024,1,4074418933.0,3318263
12146,rajasthan,pali ,2021,4,12994115234.340431,6057183
12147,rajasthan,ganganagar ,2021,4,16810621864.152517,8184243
12148,rajasthan,huru ,2021,4,14118707638.256508,5935726
12149,rajasthan,jaipur ,2021,4,394435778364.0141,231804892
12150,rajasthan,baran ,2021,4,5264026397.197663,2793598
12151,rajasthan,bhilwara ,2021,4,29555829037.16449,15373212
12152,rajasthan,banswara ,2021,4,3356204177.0999207,1550961
12153,rajasthan,ungarpur ,2021,4,2828675179.088701,1353577
12154,rajasthan,onk ,2021,4,11053638122.755545,6584281
12155,rajasthan,jodhpur ,2021,4,49201187505.373276,23671637
12156,rajasthan,karauli ,2021,4,8113128022.069071,4265646
12157,rajasthan,udaipur ,2021,4,19874244609.252956,12082286
12158,rajasthan,ausa ,2021,4,16190233721.345505,10142219
12159,rajasthan,nagaur ,2021,4,25959911336.428215,10615952
12160,rajasthan,bharatpur ,2021,4,12862157301.664558,6438461
12161,rajasthan,barmer ,2021,4,22313160419.561607,9363927
12162,rajasthan,ajmer ,2021,4,31040109507.970833,15049250
12163,rajasthan,hittorgarh ,2021,4,12222272566.091549,6261904
12164,rajasthan,hanumangarh ,2021,4,12582463280.75969,5310780
12165,rajasthan,pratapgarh ,2021,4,2850194415.7852297,1246112
12166,rajasthan,awai madhopur ,2021,4,9792493809.93205,6211420
12167,rajasthan,jalore ,2021,4,9829253225.773853,3636011
12168,rajasthan,bikaner ,2021,4,19930824235.996365,9810932
12169,rajasthan,kar ,2021,4,32671486020.051144,14946567
12170,rajasthan,holpur ,2021,4,5074521349.039705,2276540
12171,rajasthan,ohi ,2021,4,5709723256.685272,2938452
12172,rajasthan,ajsamand ,2021,4,7888825387.672116,3904566
12173,rajasthan,jaisalmer ,2021,4,8928650729.233105,4360030
12174,rajasthan,bundi ,2021,4,5985136286.115728,3509775
12175,rajasthan,jhalawar ,2021,4,8244372847.326485,4094768
12176,rajasthan,alwar ,2021,4,40984441151.342705,23661509
12177,rajasthan,kota ,2021,4,24168234009.303993,14912645
12178,rajasthan,jhunjhunu ,2021,4,21099797535.474567,9272535
12179,rajasthan,pali ,2021,1,6767220860.0308275,2984309
12180,rajasthan,ganganagar ,2021,1,8871371302.649477,4118972
12181,rajasthan,huru ,2021,1,6726856130.476598,2731771
12182,rajasthan,jaipur ,2021,1,223771205713.2528,125917532
12183,rajasthan,baran ,2021,1,2847364293.4969606,1448642
12184,rajasthan,bhilwara ,2021,1,16416337441.885864,7672484
12185,rajasthan,banswara ,2021,1,1624792469.818386,691566
12186,rajasthan,ungarpur ,2021,1,1372686858.4650006,611490
12187,rajasthan,onk ,2021,1,6186398097.858411,3421206
12188,rajasthan,jodhpur ,2021,1,24774598219.407482,11409882
12189,rajasthan,karauli ,2021,1,3977897318.1640477,1925731
12190,rajasthan,udaipur ,2021,1,10957000441.952847,6826421
12191,rajasthan,ausa ,2021,1,8786072971.794996,4999310
12192,rajasthan,nagaur ,2021,1,12761075159.690163,4976059
12193,rajasthan,bharatpur ,2021,1,6708987385.966142,3042043
12194,rajasthan,barmer ,2021,1,11264935915.741041,4110660
12195,rajasthan,ajmer ,2021,1,15317166377.74087,7053995
12196,rajasthan,hittorgarh ,2021,1,6425179621.944645,2948289
12197,rajasthan,hanumangarh ,2021,1,6539912589.393607,2701068
12198,rajasthan,pratapgarh ,2021,1,1351138009.4197319,538169
12199,rajasthan,awai madhopur ,2021,1,5382039395.28078,3177944
12200,rajasthan,jalore ,2021,1,4884080088.37758,1718704
12201,rajasthan,bikaner ,2021,1,10056780359.689623,4734203
12202,rajasthan,kar ,2021,1,17303999484.268673,7581768
12203,rajasthan,holpur ,2021,1,2398002048.15006,999900
12204,rajasthan,ohi ,2021,1,3035265055.3381195,1515460
12205,rajasthan,ajsamand ,2021,1,4042427825.4229765,1840526
12206,rajasthan,jaisalmer ,2021,1,3811332821.176595,1725745
12207,rajasthan,bundi ,2021,1,3089653093.519732,1683993
12208,rajasthan,jhalawar ,2021,1,4661637193.755166,2097068
12209,rajasthan,alwar ,2021,1,23497000298.13838,12041829
12210,rajasthan,kota ,2021,1,15546647728.086227,9133910
12211,rajasthan,jhunjhunu ,2021,1,10335519087.29265,4350270
12212,rajasthan,pali ,2021,3,10052201779.647493,4825668
12213,rajasthan,ganganagar ,2021,3,13200151369.29735,6733698
12214,rajasthan,huru ,2021,3,10642136840.10925,4742306
12215,rajasthan,jaipur ,2021,3,313664435689.2998,193839196
12216,rajasthan,baran ,2021,3,3989332794.8644733,2156975
12217,rajasthan,bhilwara ,2021,3,23899765687.001152,12558408
12218,rajasthan,banswara ,2021,3,2610850743.700395,1193693
12219,rajasthan,ungarpur ,2021,3,2146022634.2721655,1021896
12220,rajasthan,onk ,2021,3,8710526983.57809,5293345
12221,rajasthan,jodhpur ,2021,3,38514689412.99684,19263957
12222,rajasthan,karauli ,2021,3,5947115163.517382,3221955
12223,rajasthan,udaipur ,2021,3,15950385929.05402,10000681
12224,rajasthan,ausa ,2021,3,12267753350.999645,8175162
12225,rajasthan,nagaur ,2021,3,19712431242.607426,8542495
12226,rajasthan,bharatpur ,2021,3,9542568538.446917,4840142
12227,rajasthan,barmer ,2021,3,17897391704.43372,7369389
12228,rajasthan,ajmer ,2021,3,23974005140.503323,12039695
12229,rajasthan,hittorgarh ,2021,3,9584592196.425575,4916314
12230,rajasthan,hanumangarh ,2021,3,9676935141.552437,4401750
12231,rajasthan,pratapgarh ,2021,3,2170354158.6816454,951737
12232,rajasthan,awai madhopur ,2021,3,7329478651.814055,4881323
12233,rajasthan,jalore ,2021,3,7412183523.388387,2769584
12234,rajasthan,bikaner ,2021,3,15396174302.54737,7999407
12235,rajasthan,kar ,2021,3,24859966680.623276,12157675
12236,rajasthan,holpur ,2021,3,3666631213.5705867,1667722
12237,rajasthan,ohi ,2021,3,4593398470.638926,2429857
12238,rajasthan,ajsamand ,2021,3,6345862851.265483,3136695
12239,rajasthan,jaisalmer ,2021,3,6241304259.45832,3120934
12240,rajasthan,bundi ,2021,3,4521278251.580663,2707584
12241,rajasthan,jhalawar ,2021,3,6253079109.368879,3141862
12242,rajasthan,alwar ,2021,3,31796623472.554592,18956440
12243,rajasthan,kota ,2021,3,22356848820.753063,13858632
12244,rajasthan,jhunjhunu ,2021,3,15584852433.930729,7368576
12245,rajasthan,pali ,2021,2,7957453111.07078,3745421
12246,rajasthan,ganganagar ,2021,2,10746504871.421946,4753914
12247,rajasthan,huru ,2021,2,8499729274.317602,3649018
12248,rajasthan,jaipur ,2021,2,248390977964.55786,137247139
12249,rajasthan,baran ,2021,2,3411039142.9471807,1657148
12250,rajasthan,bhilwara ,2021,2,17984159143.10391,8735150
12251,rajasthan,banswara ,2021,2,1987559372.9107454,848559
12252,rajasthan,ungarpur ,2021,2,1594168931.4036267,760275
12253,rajasthan,onk ,2021,2,7422412798.293737,4093452
12254,rajasthan,jodhpur ,2021,2,27913789331.6406,12941666
12255,rajasthan,karauli ,2021,2,5673272614.106146,2869692
12256,rajasthan,udaipur ,2021,2,10800769537.661558,6280736
12257,rajasthan,ausa ,2021,2,10828124760.838032,6410357
12258,rajasthan,nagaur ,2021,2,15639817785.864773,6493229
12259,rajasthan,bharatpur ,2021,2,8730800909.246674,4010426
12260,rajasthan,barmer ,2021,2,13831654569.476788,5379586
12261,rajasthan,ajmer ,2021,2,16687418391.08572,7863986
12262,rajasthan,hittorgarh ,2021,2,7084417204.510359,3344931
12263,rajasthan,hanumangarh ,2021,2,8144091679.287372,3380981
12264,rajasthan,pratapgarh ,2021,2,1622148152.082861,671704
12265,rajasthan,awai madhopur ,2021,2,6665184242.376053,3904625
12266,rajasthan,jalore ,2021,2,6248659227.432691,2313815
12267,rajasthan,bikaner ,2021,2,11924692955.149094,5602946
12268,rajasthan,kar ,2021,2,19750164303.674763,8840543
12269,rajasthan,holpur ,2021,2,3139295693.448407,1328838
12270,rajasthan,ohi ,2021,2,3292314136.2959423,1706489
12271,rajasthan,ajsamand ,2021,2,4463576166.852329,2176976
12272,rajasthan,jaisalmer ,2021,2,4346891100.606836,2072381
12273,rajasthan,bundi ,2021,2,3857748495.3471212,1995615
12274,rajasthan,jhalawar ,2021,2,5698521651.03492,2408252
12275,rajasthan,alwar ,2021,2,26436939537.757683,14291357
12276,rajasthan,kota ,2021,2,18087598514.48891,9960676
12277,rajasthan,jhunjhunu ,2021,2,12840869598.946894,5737156
12278,rajasthan,pali ,2019,4,1660765763.6376238,791971
12279,rajasthan,ganganagar ,2019,4,2912480705.829465,1391826
12280,rajasthan,huru ,2019,4,1848837858.8545725,879054
12281,rajasthan,jaipur ,2019,4,81782144762.48987,44335592
12282,rajasthan,baran ,2019,4,797895753.9240403,507856
12283,rajasthan,bhilwara ,2019,4,4716195173.981496,2464660
12284,rajasthan,banswara ,2019,4,478485642.35219395,218021
12285,rajasthan,ungarpur ,2019,4,352774910.84461594,173444
12286,rajasthan,onk ,2019,4,1922431967.3637924,1174542
12287,rajasthan,jodhpur ,2019,4,6915335471.430581,3216115
12288,rajasthan,karauli ,2019,4,1271702296.6152585,690501
12289,rajasthan,udaipur ,2019,4,3313736215.9652596,2311396
12290,rajasthan,ausa ,2019,4,3045918034.1072183,1869433
12291,rajasthan,nagaur ,2019,4,3329099533.1346426,1504020
12292,rajasthan,bharatpur ,2019,4,2133332976.043675,1096048
12293,rajasthan,barmer ,2019,4,2396360291.3363085,1053052
12294,rajasthan,ajmer ,2019,4,4104641128.5320387,2025212
12295,rajasthan,hittorgarh ,2019,4,1770090089.9377208,898355
12296,rajasthan,hanumangarh ,2019,4,2235484544.2508,1000216
12297,rajasthan,pratapgarh ,2019,4,368286395.4191975,170862
12298,rajasthan,awai madhopur ,2019,4,1728688028.3162866,1095250
12299,rajasthan,jalore ,2019,4,1014601976.2509918,476126
12300,rajasthan,bikaner ,2019,4,2842170428.2356625,1472830
12301,rajasthan,kar ,2019,4,5037411453.274342,2248784
12302,rajasthan,holpur ,2019,4,678342072.5490799,313175
12303,rajasthan,ohi ,2019,4,825221649.6069782,420834
12304,rajasthan,ajsamand ,2019,4,1008106865.2200038,464681
12305,rajasthan,jaisalmer ,2019,4,1045053486.753655,452830
12306,rajasthan,bundi ,2019,4,828352858.0284884,575842
12307,rajasthan,jhalawar ,2019,4,1300727270.1881554,742750
12308,rajasthan,alwar ,2019,4,7746529382.883535,4269770
12309,rajasthan,kota ,2019,4,3813622079.5192366,2899819
12310,rajasthan,jhunjhunu ,2019,4,4227582982.791309,1869375
12311,rajasthan,pali ,2019,1,813017709.3563643,458129
12312,rajasthan,ganganagar ,2019,1,1483030347.5346267,820390
12313,rajasthan,huru ,2019,1,891262149.0223866,573196
12314,rajasthan,jaipur ,2019,1,25043540802.372772,19178441
12315,rajasthan,baran ,2019,1,386281315.79196894,401945
12316,rajasthan,bhilwara ,2019,1,2126329687.9390469,1615975
12317,rajasthan,banswara ,2019,1,252141282.62198192,128168
12318,rajasthan,ungarpur ,2019,1,181711642.96546692,97368
12319,rajasthan,onk ,2019,1,911288432.052983,918261
12320,rajasthan,jodhpur ,2019,1,2762592744.334321,1535328
12321,rajasthan,karauli ,2019,1,640605077.9209938,536247
12322,rajasthan,udaipur ,2019,1,1584751474.6534314,998792
12323,rajasthan,ausa ,2019,1,1416280224.7419736,1370483
12324,rajasthan,nagaur ,2019,1,1464335915.8524919,863586
12325,rajasthan,bharatpur ,2019,1,1170616317.6322973,757764
12326,rajasthan,barmer ,2019,1,1166351999.6548977,566001
12327,rajasthan,ajmer ,2019,1,1810602285.2408452,1030802
12328,rajasthan,hittorgarh ,2019,1,929874618.2910461,695076
12329,rajasthan,hanumangarh ,2019,1,1014404082.35279,656471
12330,rajasthan,pratapgarh ,2019,1,193048992.41899642,109425
12331,rajasthan,awai madhopur ,2019,1,872514914.8960073,916728
12332,rajasthan,jalore ,2019,1,465905604.0970943,253294
12333,rajasthan,bikaner ,2019,1,1317130557.2834845,718960
12334,rajasthan,kar ,2019,1,2164835681.27155,1310064
12335,rajasthan,holpur ,2019,1,369840318.9427662,227953
12336,rajasthan,ohi ,2019,1,388223692.8505888,249948
12337,rajasthan,ajsamand ,2019,1,479694936.11877865,246874
12338,rajasthan,jaisalmer ,2019,1,450360216.3689277,222169
12339,rajasthan,bundi ,2019,1,395522468.532065,433877
12340,rajasthan,jhalawar ,2019,1,671919666.2872081,540106
12341,rajasthan,alwar ,2019,1,3949132714.5560074,2791195
12342,rajasthan,kota ,2019,1,1712973062.0583377,1748396
12343,rajasthan,jhunjhunu ,2019,1,1661037639.5409722,984628
12344,rajasthan,pali ,2019,3,1150604796.9701464,585504
12345,rajasthan,ganganagar ,2019,3,2159202441.2050257,1042232
12346,rajasthan,huru ,2019,3,1254479088.313787,622575
12347,rajasthan,jaipur ,2019,3,58402103360.67964,36334520
12348,rajasthan,baran ,2019,3,547340423.568023,399518
12349,rajasthan,bhilwara ,2019,3,3277886476.5106406,1993704
12350,rajasthan,banswara ,2019,3,343397159.37088597,168497
12351,rajasthan,ungarpur ,2019,3,262254624.29245344,130348
12352,rajasthan,onk ,2019,3,1336010096.1127925,896341
12353,rajasthan,jodhpur ,2019,3,4931658536.490534,2465513
12354,rajasthan,karauli ,2019,3,886733240.3000178,513134
12355,rajasthan,udaipur ,2019,3,2352763015.7354145,1643482
12356,rajasthan,ausa ,2019,3,1976649524.9356747,1428706
12357,rajasthan,nagaur ,2019,3,2271859214.894802,1130161
12358,rajasthan,bharatpur ,2019,3,1576762869.2379076,821930
12359,rajasthan,barmer ,2019,3,1736070567.8490462,784994
12360,rajasthan,ajmer ,2019,3,2744812297.8287177,1474810
12361,rajasthan,hittorgarh ,2019,3,1235900901.5576906,688463
12362,rajasthan,hanumangarh ,2019,3,1580772523.5489976,746849
12363,rajasthan,pratapgarh ,2019,3,259036732.75522277,128411
12364,rajasthan,awai madhopur ,2019,3,1133877553.4654796,756052
12365,rajasthan,jalore ,2019,3,725486467.6871967,357987
12366,rajasthan,bikaner ,2019,3,2013882163.376147,1101643
12367,rajasthan,kar ,2019,3,3298948099.2387867,1660524
12368,rajasthan,holpur ,2019,3,501415605.2224871,238638
12369,rajasthan,ohi ,2019,3,560129696.571252,302091
12370,rajasthan,ajsamand ,2019,3,684220951.5877874,338225
12371,rajasthan,jaisalmer ,2019,3,696726627.8248689,327346
12372,rajasthan,bundi ,2019,3,574474158.2062354,491826
12373,rajasthan,jhalawar ,2019,3,954212986.4241881,600830
12374,rajasthan,alwar ,2019,3,5501752093.050633,3359867
12375,rajasthan,kota ,2019,3,2706744841.9360213,2435542
12376,rajasthan,jhunjhunu ,2019,3,2830120895.1819515,1333354
12377,rajasthan,pali ,2019,2,975341901.7993098,451361
12378,rajasthan,ganganagar ,2019,2,1741658993.3466253,793415
12379,rajasthan,huru ,2019,2,1039135501.549032,513343
12380,rajasthan,jaipur ,2019,2,46056907216.76753,27449382
12381,rajasthan,baran ,2019,2,447359506.65462446,307009
12382,rajasthan,bhilwara ,2019,2,2514774803.6248965,1359790
12383,rajasthan,banswara ,2019,2,279052206.162892,122914
12384,rajasthan,ungarpur ,2019,2,204965140.98629788,93534
12385,rajasthan,onk ,2019,2,1042807861.775395,676081
12386,rajasthan,jodhpur ,2019,2,3700049028.622283,1733269
12387,rajasthan,karauli ,2019,2,814768981.4268074,447402
12388,rajasthan,udaipur ,2019,2,1724895638.7887383,1007076
12389,rajasthan,ausa ,2019,2,1644609703.0675397,1063146
12390,rajasthan,nagaur ,2019,2,1785033011.762611,837498
12391,rajasthan,bharatpur ,2019,2,1351944366.2119205,658761
12392,rajasthan,barmer ,2019,2,1311283618.3133707,544410
12393,rajasthan,ajmer ,2019,2,2153453855.4028177,1078977
12394,rajasthan,hittorgarh ,2019,2,1011806081.5923345,525590
12395,rajasthan,hanumangarh ,2019,2,1204528894.500277,591940
12396,rajasthan,pratapgarh ,2019,2,226255749.44039297,98325
12397,rajasthan,awai madhopur ,2019,2,1014792694.044678,646989
12398,rajasthan,jalore ,2019,2,598668374.2386531,269425
12399,rajasthan,bikaner ,2019,2,1577304235.8683362,768368
12400,rajasthan,kar ,2019,2,2624570998.8268456,1198479
12401,rajasthan,holpur ,2019,2,416422999.4052906,199022
12402,rajasthan,ohi ,2019,2,436753439.7548906,220632
12403,rajasthan,ajsamand ,2019,2,506302964.51962256,232891
12404,rajasthan,jaisalmer ,2019,2,486100369.0468752,208146
12405,rajasthan,bundi ,2019,2,452819280.4300123,335788
12406,rajasthan,jhalawar ,2019,2,783030484.2983265,423714
12407,rajasthan,alwar ,2019,2,4430719900.485805,2451727
12408,rajasthan,kota ,2019,2,2185105967.3376136,1571917
12409,rajasthan,jhunjhunu ,2019,2,2364089402.6112127,1128965
12410,rajasthan,pali ,2023,4,39499863348.0,23765724
12411,rajasthan,ganganagar ,2023,4,54608857347.0,33349928
12412,rajasthan,huru ,2023,4,46468173780.0,24325629
12413,rajasthan,jaipur ,2023,4,506659281364.0,364600665
12414,rajasthan,baran ,2023,4,16625096523.0,11593460
12415,rajasthan,bhilwara ,2023,4,91538306045.0,58968074
12416,rajasthan,banswara ,2023,4,13188656202.0,9386810
12417,rajasthan,ungarpur ,2023,4,8927270728.0,5723390
12418,rajasthan,onk ,2023,4,32094327439.0,23295576
12419,rajasthan,jodhpur ,2023,4,137799775489.0,80099069
12420,rajasthan,karauli ,2023,4,24770678505.0,18139937
12421,rajasthan,udaipur ,2023,4,54390693651.0,39752805
12422,rajasthan,ausa ,2023,4,44725523713.0,32972149
12423,rajasthan,nagaur ,2023,4,86407438554.0,43666154
12424,rajasthan,bharatpur ,2023,4,42558169003.0,29912437
12425,rajasthan,barmer ,2023,4,67901461228.0,39465333
12426,rajasthan,ajmer ,2023,4,104211118247.0,61677455
12427,rajasthan,hittorgarh ,2023,4,38348336002.0,24616512
12428,rajasthan,hanumangarh ,2023,4,39699301894.0,21660380
12429,rajasthan,pratapgarh ,2023,4,9580649958.0,6799162
12430,rajasthan,awai madhopur ,2023,4,28519511276.0,21823882
12431,rajasthan,jalore ,2023,4,32199721125.0,15840414
12432,rajasthan,bikaner ,2023,4,65004740509.0,39033903
12433,rajasthan,kar ,2023,4,99274410685.0,54855504
12434,rajasthan,holpur ,2023,4,19234926747.0,12508871
12435,rajasthan,ohi ,2023,4,17125274885.0,11048743
12436,rajasthan,ajsamand ,2023,4,21964936888.0,13804779
12437,rajasthan,jaisalmer ,2023,4,27053067019.0,16582346
12438,rajasthan,bundi ,2023,4,20027131090.0,15033283
12439,rajasthan,jhalawar ,2023,4,24152295586.0,16678568
12440,rajasthan,alwar ,2023,4,122187805239.0,90398765
12441,rajasthan,kota ,2023,4,67851721970.0,54374028
12442,rajasthan,jhunjhunu ,2023,4,61781085762.0,33718419
12443,rajasthan,pali ,2023,1,30545417498.0,16879253
12444,rajasthan,ganganagar ,2023,1,42408661017.0,23684504
12445,rajasthan,huru ,2023,1,34147762001.0,16344145
12446,rajasthan,jaipur ,2023,1,383391511211.0,250101628
12447,rajasthan,baran ,2023,1,12298806556.0,7842338
12448,rajasthan,bhilwara ,2023,1,69684628207.0,40390520
12449,rajasthan,banswara ,2023,1,9767493283.0,5660214
12450,rajasthan,ungarpur ,2023,1,6900946134.0,3932392
12451,rajasthan,onk ,2023,1,24010143759.0,16005039
12452,rajasthan,jodhpur ,2023,1,103638420860.0,55799596
12453,rajasthan,karauli ,2023,1,18244056586.0,11513504
12454,rajasthan,udaipur ,2023,1,42357660825.0,28562794
12455,rajasthan,ausa ,2023,1,33514469427.0,22741458
12456,rajasthan,nagaur ,2023,1,64697662210.0,29670841
12457,rajasthan,bharatpur ,2023,1,30814946734.0,18416483
12458,rajasthan,barmer ,2023,1,55275431518.0,27662361
12459,rajasthan,ajmer ,2023,1,75097900480.0,40711142
12460,rajasthan,hittorgarh ,2023,1,29276597209.0,16681437
12461,rajasthan,hanumangarh ,2023,1,30282012384.0,15106483
12462,rajasthan,pratapgarh ,2023,1,7286096805.0,4341209
12463,rajasthan,awai madhopur ,2023,1,21583710029.0,15034531
12464,rajasthan,jalore ,2023,1,25661512035.0,11125511
12465,rajasthan,bikaner ,2023,1,49018889766.0,27198314
12466,rajasthan,kar ,2023,1,73473038385.0,37352772
12467,rajasthan,holpur ,2023,1,13667472300.0,7493014
12468,rajasthan,ohi ,2023,1,13095239851.0,7693002
12469,rajasthan,ajsamand ,2023,1,17003458719.0,9619287
12470,rajasthan,jaisalmer ,2023,1,18251500453.0,10869848
12471,rajasthan,bundi ,2023,1,14857578015.0,10235348
12472,rajasthan,jhalawar ,2023,1,18648043828.0,11822348
12473,rajasthan,alwar ,2023,1,90609216574.0,59810068
12474,rajasthan,kota ,2023,1,49533748966.0,37756795
12475,rajasthan,jhunjhunu ,2023,1,45869342225.0,23038507
12476,rajasthan,pali ,2023,3,34178473404.0,21320187
12477,rajasthan,ganganagar ,2023,3,47297712558.0,30589814
12478,rajasthan,huru ,2023,3,39273939394.0,21904213
12479,rajasthan,jaipur ,2023,3,452155901967.0,342432937
12480,rajasthan,baran ,2023,3,14222908052.0,10401079
12481,rajasthan,bhilwara ,2023,3,79649818035.0,52915174
12482,rajasthan,banswara ,2023,3,11630633606.0,7900230
12483,rajasthan,ungarpur ,2023,3,7850218671.0,4992020
12484,rajasthan,onk ,2023,3,27386707917.0,20590446
12485,rajasthan,jodhpur ,2023,3,122789673613.0,75070383
12486,rajasthan,karauli ,2023,3,20461344023.0,15606798
12487,rajasthan,udaipur ,2023,3,49779671400.0,37041203
12488,rajasthan,ausa ,2023,3,37823084266.0,30014964
12489,rajasthan,nagaur ,2023,3,74244773949.0,39621859
12490,rajasthan,bharatpur ,2023,3,35924193451.0,25951000
12491,rajasthan,barmer ,2023,3,59672023179.0,35967971
12492,rajasthan,ajmer ,2023,3,89863148675.0,55434114
12493,rajasthan,hittorgarh ,2023,3,34403640233.0,22605457
12494,rajasthan,hanumangarh ,2023,3,34227166459.0,20106351
12495,rajasthan,pratapgarh ,2023,3,8723940853.0,6111837
12496,rajasthan,awai madhopur ,2023,3,23424506562.0,19345472
12497,rajasthan,jalore ,2023,3,27023214912.0,13730091
12498,rajasthan,bikaner ,2023,3,55839779290.0,35792682
12499,rajasthan,kar ,2023,3,84352935822.0,50163961
12500,rajasthan,holpur ,2023,3,15934246192.0,10530544
12501,rajasthan,ohi ,2023,3,15240619896.0,9956602
12502,rajasthan,ajsamand ,2023,3,19467656127.0,12523295
12503,rajasthan,jaisalmer ,2023,3,21593262931.0,14855158
12504,rajasthan,bundi ,2023,3,17272096633.0,13505269
12505,rajasthan,jhalawar ,2023,3,21010378280.0,15360849
12506,rajasthan,alwar ,2023,3,106211136518.0,83622314
12507,rajasthan,kota ,2023,3,59711359939.0,50762499
12508,rajasthan,jhunjhunu ,2023,3,51585276809.0,30505394
12509,rajasthan,pali ,2023,2,34017141062.0,19701272
12510,rajasthan,ganganagar ,2023,2,45965288621.0,26749049
12511,rajasthan,huru ,2023,2,38113001350.0,19951848
12512,rajasthan,jaipur ,2023,2,414094307123.0,291245541
12513,rajasthan,baran ,2023,2,14544076456.0,8989649
12514,rajasthan,bhilwara ,2023,2,76181416686.0,46805864
12515,rajasthan,banswara ,2023,2,11075476953.0,6879066
12516,rajasthan,ungarpur ,2023,2,7578105236.0,4665431
12517,rajasthan,onk ,2023,2,26680900425.0,17948259
12518,rajasthan,jodhpur ,2023,2,111202183454.0,63628518
12519,rajasthan,karauli ,2023,2,20469546864.0,13940159
12520,rajasthan,udaipur ,2023,2,46209374120.0,32859859
12521,rajasthan,ausa ,2023,2,37535725279.0,26533735
12522,rajasthan,nagaur ,2023,2,69594287612.0,34917594
12523,rajasthan,bharatpur ,2023,2,34710648020.0,22780373
12524,rajasthan,barmer ,2023,2,56589731827.0,31092713
12525,rajasthan,ajmer ,2023,2,82448878689.0,47633939
12526,rajasthan,hittorgarh ,2023,2,32681384338.0,20124029
12527,rajasthan,hanumangarh ,2023,2,33002681443.0,17538872
12528,rajasthan,pratapgarh ,2023,2,8339462758.0,5131204
12529,rajasthan,awai madhopur ,2023,2,23618456413.0,16982983
12530,rajasthan,jalore ,2023,2,27736556138.0,12609229
12531,rajasthan,bikaner ,2023,2,53282144682.0,31513648
12532,rajasthan,kar ,2023,2,80007069194.0,43838459
12533,rajasthan,holpur ,2023,2,14977707390.0,9007093
12534,rajasthan,ohi ,2023,2,14353134001.0,8996677
12535,rajasthan,ajsamand ,2023,2,18644211804.0,11717579
12536,rajasthan,jaisalmer ,2023,2,19078104653.0,11787063
12537,rajasthan,bundi ,2023,2,17007074554.0,11766967
12538,rajasthan,jhalawar ,2023,2,21098817601.0,13306994
12539,rajasthan,alwar ,2023,2,100096748505.0,72379746
12540,rajasthan,kota ,2023,2,57552911099.0,42838853
12541,rajasthan,jhunjhunu ,2023,2,49969031950.0,27597073
12542,rajasthan,pali ,2022,4,19884419970.4767,10687142
12543,rajasthan,ganganagar ,2022,4,25826856912.730366,14030401
12544,rajasthan,huru ,2022,4,20708697989.79863,9452402
12545,rajasthan,jaipur ,2022,4,635458549842.8215,404922774
12546,rajasthan,baran ,2022,4,8386783739.108584,5031278
12547,rajasthan,bhilwara ,2022,4,47886590518.51659,27720484
12548,rajasthan,banswara ,2022,4,5651556910.360752,3121397
12549,rajasthan,ungarpur ,2022,4,4156369821.174698,2237173
12550,rajasthan,onk ,2022,4,15727892323.59581,10011229
12551,rajasthan,jodhpur ,2022,4,116215227388.41562,65465040
12552,rajasthan,karauli ,2022,4,10633788953.19469,6393789
12553,rajasthan,udaipur ,2022,4,41938245496.56419,26954261
12554,rajasthan,ausa ,2022,4,21761198700.450893,14234349
12555,rajasthan,nagaur ,2022,4,43215070664.43902,20286836
12556,rajasthan,bharatpur ,2022,4,19248137810.647594,11015440
12557,rajasthan,barmer ,2022,4,31377555272.690876,15852440
12558,rajasthan,ajmer ,2022,4,51933913055.11865,27641155
12559,rajasthan,hittorgarh ,2022,4,18083165087.106323,9828534
12560,rajasthan,hanumangarh ,2022,4,19615022393.032665,9449022
12561,rajasthan,pratapgarh ,2022,4,4292007343.0185347,2356939
12562,rajasthan,awai madhopur ,2022,4,13187564165.09026,8855496
12563,rajasthan,jalore ,2022,4,15044710483.351723,6459635
12564,rajasthan,bikaner ,2022,4,30210151812.097847,16072144
12565,rajasthan,kar ,2022,4,48095846111.82442,23710055
12566,rajasthan,holpur ,2022,4,7920407018.54721,4127164
12567,rajasthan,ohi ,2022,4,8190561974.079561,4625219
12568,rajasthan,ajsamand ,2022,4,11284318473.012938,6151542
12569,rajasthan,jaisalmer ,2022,4,12276117814.198534,6820292
12570,rajasthan,bundi ,2022,4,9265489222.776516,5866314
12571,rajasthan,jhalawar ,2022,4,11281766014.824902,6716599
12572,rajasthan,alwar ,2022,4,61077684974.04574,38922404
12573,rajasthan,kota ,2022,4,37841298987.05793,26571402
12574,rajasthan,jhunjhunu ,2022,4,29279732154.496353,13984497
12575,rajasthan,pali ,2022,1,14978683154.30138,7186562
12576,rajasthan,ganganagar ,2022,1,19810362020.417377,9951712
12577,rajasthan,huru ,2022,1,16182079348.550667,7027393
12578,rajasthan,jaipur ,2022,1,434507898653.2288,262950613
12579,rajasthan,baran ,2022,1,6075628390.959345,3313639
12580,rajasthan,bhilwara ,2022,1,34832214592.68741,18219742
12581,rajasthan,banswara ,2022,1,4305963325.291948,1934543
12582,rajasthan,ungarpur ,2022,1,3333483354.5657682,1601893
12583,rajasthan,onk ,2022,1,12353743560.603878,7525693
12584,rajasthan,jodhpur ,2022,1,56966935615.03049,27810577
12585,rajasthan,karauli ,2022,1,8967316935.909687,4947468
12586,rajasthan,udaipur ,2022,1,22322610837.972824,13527713
12587,rajasthan,ausa ,2022,1,17674189167.00492,11542170
12588,rajasthan,nagaur ,2022,1,30251543728.242836,12629151
12589,rajasthan,bharatpur ,2022,1,14512910848.443268,7655860
12590,rajasthan,barmer ,2022,1,27090053338.4531,11519794
12591,rajasthan,ajmer ,2022,1,36567659945.04271,17973292
12592,rajasthan,hittorgarh ,2022,1,14456333123.863838,7428622
12593,rajasthan,hanumangarh ,2022,1,14758711603.374897,6377544
12594,rajasthan,pratapgarh ,2022,1,3515635369.540432,1599079
12595,rajasthan,awai madhopur ,2022,1,11027855832.279514,7216366
12596,rajasthan,jalore ,2022,1,12375235222.293488,4491298
12597,rajasthan,bikaner ,2022,1,23262580003.212997,11656264
12598,rajasthan,kar ,2022,1,35691652892.445,16975662
12599,rajasthan,holpur ,2022,1,5894331701.791255,2778999
12600,rajasthan,ohi ,2022,1,6402432686.378646,3353014
12601,rajasthan,ajsamand ,2022,1,9132121086.433088,4525911
12602,rajasthan,jaisalmer ,2022,1,9233715982.400576,4838533
12603,rajasthan,bundi ,2022,1,6974583851.094925,4151689
12604,rajasthan,jhalawar ,2022,1,9563582630.651922,5038482
12605,rajasthan,alwar ,2022,1,46051829716.34672,27462202
12606,rajasthan,kota ,2022,1,30335394639.44809,19207151
12607,rajasthan,jhunjhunu ,2022,1,22640907821.866825,10543589
12608,rajasthan,pali ,2022,3,16882438860.192509,9383118
12609,rajasthan,ganganagar ,2022,3,22240341715.78325,12803386
12610,rajasthan,huru ,2022,3,17976361125.250355,8783655
12611,rajasthan,jaipur ,2022,3,564818218571.2906,377469909
12612,rajasthan,baran ,2022,3,6742397008.271659,4125706
12613,rajasthan,bhilwara ,2022,3,37982785217.262955,22210445
12614,rajasthan,banswara ,2022,3,4868669663.686186,2551714
12615,rajasthan,ungarpur ,2022,3,3540885656.2172456,1877661
12616,rajasthan,onk ,2022,3,14504363314.95301,9710550
12617,rajasthan,jodhpur ,2022,3,78522559026.67796,44177624
12618,rajasthan,karauli ,2022,3,8907060018.165571,5485874
12619,rajasthan,udaipur ,2022,3,26920987876.54088,17437737
12620,rajasthan,ausa ,2022,3,17906746198.24476,12485930
12621,rajasthan,nagaur ,2022,3,34696357961.3792,17110682
12622,rajasthan,bharatpur ,2022,3,15557212790.848467,8864216
12623,rajasthan,barmer ,2022,3,27600044726.483513,13922134
12624,rajasthan,ajmer ,2022,3,49547976214.078476,28082495
12625,rajasthan,hittorgarh ,2022,3,15910570305.152487,8973197
12626,rajasthan,hanumangarh ,2022,3,16877518968.368637,8622983
12627,rajasthan,pratapgarh ,2022,3,3978539086.514776,2199404
12628,rajasthan,awai madhopur ,2022,3,11364739097.257002,8296430
12629,rajasthan,jalore ,2022,3,12265545245.71053,5150635
12630,rajasthan,bikaner ,2022,3,27371553576.152893,15580963
12631,rajasthan,kar ,2022,3,40269671901.04936,21334188
12632,rajasthan,holpur ,2022,3,6522103060.292555,3455237
12633,rajasthan,ohi ,2022,3,7173102737.4551525,4160902
12634,rajasthan,ajsamand ,2022,3,10019131487.496407,5484975
12635,rajasthan,jaisalmer ,2022,3,9725918865.998837,5783678
12636,rajasthan,bundi ,2022,3,7814818175.588694,5110230
12637,rajasthan,jhalawar ,2022,3,9351119284.035149,5868488
12638,rajasthan,alwar ,2022,3,53614596972.029465,35823235
12639,rajasthan,kota ,2022,3,32238127933.327984,22439613
12640,rajasthan,jhunjhunu ,2022,3,24776793676.52417,12774366
12641,rajasthan,pali ,2022,2,17160215080.703873,8668074
12642,rajasthan,ganganagar ,2022,2,22557602051.766155,11882025
12643,rajasthan,huru ,2022,2,18081738963.407227,8257600
12644,rajasthan,jaipur ,2022,2,497492495896.22046,314511010
12645,rajasthan,baran ,2022,2,7229260131.890043,3685832
12646,rajasthan,bhilwara ,2022,2,38273076738.35588,20131391
12647,rajasthan,banswara ,2022,2,4900005809.650963,2337103
12648,rajasthan,ungarpur ,2022,2,3638952978.96605,1899171
12649,rajasthan,onk ,2022,2,13811523631.619999,8150133
12650,rajasthan,jodhpur ,2022,2,61614349060.01106,31463295
12651,rajasthan,karauli ,2022,2,9206349483.513716,5012114
12652,rajasthan,udaipur ,2022,2,24912652507.999565,15896129
12653,rajasthan,ausa ,2022,2,19527845596.347805,12578789
12654,rajasthan,nagaur ,2022,2,33408260595.265953,14631304
12655,rajasthan,bharatpur ,2022,2,16444974525.83487,8637412
12656,rajasthan,barmer ,2022,2,29634982538.374557,13273476
12657,rajasthan,ajmer ,2022,2,40715583331.30888,20900496
12658,rajasthan,hittorgarh ,2022,2,16148783709.582657,8396831
12659,rajasthan,hanumangarh ,2022,2,16401668344.542992,7429430
12660,rajasthan,pratapgarh ,2022,2,4033817039.193558,1885590
12661,rajasthan,awai madhopur ,2022,2,12262315403.645233,7873045
12662,rajasthan,jalore ,2022,2,14025921249.715084,5321185
12663,rajasthan,bikaner ,2022,2,26087476960.412987,13694139
12664,rajasthan,kar ,2022,2,40102076741.92372,19932783
12665,rajasthan,holpur ,2022,2,6894675131.058619,3298278
12666,rajasthan,ohi ,2022,2,7194139293.674581,4023871
12667,rajasthan,ajsamand ,2022,2,10184357986.945518,5301424
12668,rajasthan,jaisalmer ,2022,2,9862231669.414537,5269349
12669,rajasthan,bundi ,2022,2,8088389075.404289,4673601
12670,rajasthan,jhalawar ,2022,2,10395227508.431992,5465987
12671,rajasthan,alwar ,2022,2,50746151172.86586,31488094
12672,rajasthan,kota ,2022,2,36055197912.070015,22930803
12673,rajasthan,jhunjhunu ,2022,2,25741220480.27944,12270386
12674,rajasthan,pali ,2020,4,5830180712.220648,2663178
12675,rajasthan,ganganagar ,2020,4,7936384991.350762,3623577
12676,rajasthan,huru ,2020,4,5879435914.898094,2461810
12677,rajasthan,jaipur ,2020,4,159641718978.41745,82378485
12678,rajasthan,baran ,2020,4,2548027239.6824126,1380743
12679,rajasthan,bhilwara ,2020,4,13765886969.32003,6669204
12680,rajasthan,banswara ,2020,4,1380321074.4437904,627538
12681,rajasthan,ungarpur ,2020,4,1180558251.2765656,555914
12682,rajasthan,onk ,2020,4,5701339582.338162,3203388
12683,rajasthan,jodhpur ,2020,4,19107841742.13882,8568947
12684,rajasthan,karauli ,2020,4,3453137389.217123,1675614
12685,rajasthan,udaipur ,2020,4,9376663713.630653,5631994
12686,rajasthan,ausa ,2020,4,7263765843.4996605,3972332
12687,rajasthan,nagaur ,2020,4,10913756198.461227,4447471
12688,rajasthan,bharatpur ,2020,4,5971854299.364286,2744055
12689,rajasthan,barmer ,2020,4,8672444321.318495,3449878
12690,rajasthan,ajmer ,2020,4,12526263260.900742,5843422
12691,rajasthan,hittorgarh ,2020,4,5457760762.425953,2615839
12692,rajasthan,hanumangarh ,2020,4,5925971726.351674,2508714
12693,rajasthan,pratapgarh ,2020,4,1136165440.842043,492384
12694,rajasthan,awai madhopur ,2020,4,4393102786.174934,2509016
12695,rajasthan,jalore ,2020,4,3942410356.803776,1575662
12696,rajasthan,bikaner ,2020,4,8393453473.061908,4005208
12697,rajasthan,kar ,2020,4,15551286576.699251,6635869
12698,rajasthan,holpur ,2020,4,2216588503.285897,936119
12699,rajasthan,ohi ,2020,4,2570610442.3804703,1355839
12700,rajasthan,ajsamand ,2020,4,3430500719.0498085,1614361
12701,rajasthan,jaisalmer ,2020,4,3080601567.770622,1431699
12702,rajasthan,bundi ,2020,4,2682280736.4786053,1553114
12703,rajasthan,jhalawar ,2020,4,4062512989.452203,1906726
12704,rajasthan,alwar ,2020,4,21064630283.17598,10874361
12705,rajasthan,kota ,2020,4,11328763287.37136,6392503
12706,rajasthan,jhunjhunu ,2020,4,9648559702.703949,3978471
12707,rajasthan,pali ,2020,1,2090797317.801927,1057322
12708,rajasthan,ganganagar ,2020,1,3342557352.8771024,1690638
12709,rajasthan,huru ,2020,1,2221433307.9827123,1077936
12710,rajasthan,jaipur ,2020,1,98360847993.80875,52623661
12711,rajasthan,baran ,2020,1,927974168.7760811,608776
12712,rajasthan,bhilwara ,2020,1,5578143401.683448,2976581
12713,rajasthan,banswara ,2020,1,726916344.222628,330880
12714,rajasthan,ungarpur ,2020,1,523389448.8647966,268602
12715,rajasthan,onk ,2020,1,2330303454.09085,1486166
12716,rajasthan,jodhpur ,2020,1,7642170733.961326,3807384
12717,rajasthan,karauli ,2020,1,1576364869.8771904,872739
12718,rajasthan,udaipur ,2020,1,3947849172.8481545,2735381
12719,rajasthan,ausa ,2020,1,3676225560.290492,2290731
12720,rajasthan,nagaur ,2020,1,4010256396.9163275,1885285
12721,rajasthan,bharatpur ,2020,1,2575506371.7818213,1367810
12722,rajasthan,barmer ,2020,1,3237769273.332138,1446721
12723,rajasthan,ajmer ,2020,1,5228150510.999587,2642400
12724,rajasthan,hittorgarh ,2020,1,2269539791.9651814,1182462
12725,rajasthan,hanumangarh ,2020,1,2435546396.3587465,1183791
12726,rajasthan,pratapgarh ,2020,1,454661673.87190163,221448
12727,rajasthan,awai madhopur ,2020,1,2019196353.6303222,1331196
12728,rajasthan,jalore ,2020,1,1393546229.1359434,663865
12729,rajasthan,bikaner ,2020,1,3442445414.497922,1798288
12730,rajasthan,kar ,2020,1,6198159589.270256,2898431
12731,rajasthan,holpur ,2020,1,887503401.4576161,421077
12732,rajasthan,ohi ,2020,1,983010164.2802622,546429
12733,rajasthan,ajsamand ,2020,1,1539560603.1576974,715929
12734,rajasthan,jaisalmer ,2020,1,1161655859.8025932,555603
12735,rajasthan,bundi ,2020,1,1016319030.9169027,712522
12736,rajasthan,jhalawar ,2020,1,1662289227.9253645,894980
12737,rajasthan,alwar ,2020,1,9090012850.268248,5046369
12738,rajasthan,kota ,2020,1,4272102864.0380745,3282916
12739,rajasthan,jhunjhunu ,2020,1,3486033430.3162336,1634493
12740,rajasthan,pali ,2020,3,3848648123.8477793,1854914
12741,rajasthan,ganganagar ,2020,3,5401051022.84089,2506247
12742,rajasthan,huru ,2020,3,3918241716.0620346,1745171
12743,rajasthan,jaipur ,2020,3,138189424031.4575,71797182
12744,rajasthan,baran ,2020,3,1781540360.3579323,990694
12745,rajasthan,bhilwara ,2020,3,9414793215.559494,4656173
12746,rajasthan,banswara ,2020,3,880276877.6494944,402498
12747,rajasthan,ungarpur ,2020,3,780764641.8344581,381150
12748,rajasthan,onk ,2020,3,3947608431.004384,2296368
12749,rajasthan,jodhpur ,2020,3,13714122197.99096,6262826
12750,rajasthan,karauli ,2020,3,2839657293.741401,1489891
12751,rajasthan,udaipur ,2020,3,6351934008.147478,3836995
12752,rajasthan,ausa ,2020,3,5920927935.593803,3552220
12753,rajasthan,nagaur ,2020,3,6903346685.307568,3048026
12754,rajasthan,bharatpur ,2020,3,4350126191.2675495,2064445
12755,rajasthan,barmer ,2020,3,5803287089.799197,2386729
12756,rajasthan,ajmer ,2020,3,8288212743.525795,3910137
12757,rajasthan,hittorgarh ,2020,3,3708385692.683237,1806035
12758,rajasthan,hanumangarh ,2020,3,3999623394.8363576,1785890
12759,rajasthan,pratapgarh ,2020,3,800605053.185355,360412
12760,rajasthan,awai madhopur ,2020,3,3506697099.67498,2157237
12761,rajasthan,jalore ,2020,3,2737316593.1965017,1154031
12762,rajasthan,bikaner ,2020,3,5489007985.768954,2716423
12763,rajasthan,kar ,2020,3,9916206321.877428,4567655
12764,rajasthan,holpur ,2020,3,1506195340.9675245,662790
12765,rajasthan,ohi ,2020,3,1721461838.8895001,931740
12766,rajasthan,ajsamand ,2020,3,2386997647.890356,1127177
12767,rajasthan,jaisalmer ,2020,3,1932636842.6397192,916827
12768,rajasthan,bundi ,2020,3,1857526775.1413836,1081850
12769,rajasthan,jhalawar ,2020,3,3037588892.682854,1396419
12770,rajasthan,alwar ,2020,3,14617913028.152313,7995044
12771,rajasthan,kota ,2020,3,8027789840.771695,4442791
12772,rajasthan,jhunjhunu ,2020,3,6098391248.110207,2804689
12773,rajasthan,pali ,2020,2,2377825476.910169,1372177
12774,rajasthan,ganganagar ,2020,2,3982315547.8458724,2016375
12775,rajasthan,huru ,2020,2,2818320326.495941,1438466
12776,rajasthan,jaipur ,2020,2,88270816977.90562,43871862
12777,rajasthan,baran ,2020,2,1511655624.1755424,838653
12778,rajasthan,bhilwara ,2020,2,5583955261.068823,3144077
12779,rajasthan,banswara ,2020,2,692994808.8284239,370056
12780,rajasthan,ungarpur ,2020,2,580230650.6932058,378890
12781,rajasthan,onk ,2020,2,3108063336.837104,1834820
12782,rajasthan,jodhpur ,2020,2,7649652331.703362,3972317
12783,rajasthan,karauli ,2020,2,2391025440.215171,1408933
12784,rajasthan,udaipur ,2020,2,3491313530.816518,2293910
12785,rajasthan,ausa ,2020,2,4537835885.88078,2849821
12786,rajasthan,nagaur ,2020,2,4856436699.305585,2506689
12787,rajasthan,bharatpur ,2020,2,3561067370.5168934,1861557
12788,rajasthan,barmer ,2020,2,4156124012.015107,2038065
12789,rajasthan,ajmer ,2020,2,4723275736.995972,2539677
12790,rajasthan,hittorgarh ,2020,2,2449356727.6062737,1324205
12791,rajasthan,hanumangarh ,2020,2,3028804525.6269145,1460018
12792,rajasthan,pratapgarh ,2020,2,639106489.104912,321199
12793,rajasthan,awai madhopur ,2020,2,2726823528.0944357,1736691
12794,rajasthan,jalore ,2020,2,1882434514.4086819,1019723
12795,rajasthan,bikaner ,2020,2,3703555515.234845,2034733
12796,rajasthan,kar ,2020,2,6813435569.801193,3448263
12797,rajasthan,holpur ,2020,2,1206739831.8406615,614600
12798,rajasthan,ohi ,2020,2,1088938588.309726,696555
12799,rajasthan,ajsamand ,2020,2,1695442006.4724169,917992
12800,rajasthan,jaisalmer ,2020,2,1378478711.937582,747477
12801,rajasthan,bundi ,2020,2,1460564007.8749743,878144
12802,rajasthan,jhalawar ,2020,2,2559982781.9576573,1120590
12803,rajasthan,alwar ,2020,2,10239649719.690329,5981709
12804,rajasthan,kota ,2020,2,4271159445.4302053,2674020
12805,rajasthan,jhunjhunu ,2020,2,4325892021.664874,2242392
12806,rajasthan,pali ,2018,4,609431076.982086,290078
12807,rajasthan,ganganagar ,2018,4,1174061620.6784885,561084
12808,rajasthan,huru ,2018,4,597107092.4470208,323809
12809,rajasthan,jaipur ,2018,4,12107341570.492035,7271209
12810,rajasthan,baran ,2018,4,281457304.18637633,208117
12811,rajasthan,bhilwara ,2018,4,1420324850.979574,781679
12812,rajasthan,banswara ,2018,4,190699740.94409996,86992
12813,rajasthan,ungarpur ,2018,4,145651692.5202128,67595
12814,rajasthan,onk ,2018,4,578811256.1092772,413601
12815,rajasthan,jodhpur ,2018,4,1928732779.2688758,854003
12816,rajasthan,karauli ,2018,4,474349087.64689904,293453
12817,rajasthan,udaipur ,2018,4,1219187067.8485553,606049
12818,rajasthan,ausa ,2018,4,921613483.0541892,673282
12819,rajasthan,nagaur ,2018,4,1035003943.2920469,532876
12820,rajasthan,bharatpur ,2018,4,882948397.5809573,488393
12821,rajasthan,barmer ,2018,4,817956987.8671718,364271
12822,rajasthan,ajmer ,2018,4,1318562548.8960557,577840
12823,rajasthan,hittorgarh ,2018,4,685409408.5664628,369197
12824,rajasthan,hanumangarh ,2018,4,765990043.7121345,393172
12825,rajasthan,pratapgarh ,2018,4,156122144.79013696,71735
12826,rajasthan,awai madhopur ,2018,4,614546072.1037128,425091
12827,rajasthan,jalore ,2018,4,334580398.82124716,164183
12828,rajasthan,bikaner ,2018,4,1010268341.446856,458094
12829,rajasthan,kar ,2018,4,1558681541.1587114,735428
12830,rajasthan,holpur ,2018,4,276359357.29695934,134973
12831,rajasthan,ohi ,2018,4,302564767.9927356,159190
12832,rajasthan,ajsamand ,2018,4,376790036.6223984,169699
12833,rajasthan,jaisalmer ,2018,4,366747648.9037976,139707
12834,rajasthan,bundi ,2018,4,275015037.17593145,201117
12835,rajasthan,jhalawar ,2018,4,486317778.70758694,272289
12836,rajasthan,alwar ,2018,4,2700489271.370412,1532807
12837,rajasthan,kota ,2018,4,1186913794.1810627,831676
12838,rajasthan,jhunjhunu ,2018,4,1109050939.6950903,507034
12839,rajasthan,pali ,2018,1,141412669.85341728,111172
12840,rajasthan,ganganagar ,2018,1,291145139.76298976,238689
12841,rajasthan,huru ,2018,1,120983003.97469175,141055
12842,rajasthan,jaipur ,2018,1,2953086960.141372,2417174
12843,rajasthan,baran ,2018,1,60944385.49950702,86147
12844,rajasthan,bhilwara ,2018,1,353135371.8842282,305744
12845,rajasthan,banswara ,2018,1,41401806.90073449,35340
12846,rajasthan,ungarpur ,2018,1,42233286.884657994,29611
12847,rajasthan,onk ,2018,1,127600144.91211957,144453
12848,rajasthan,jodhpur ,2018,1,467963867.1674502,317285
12849,rajasthan,karauli ,2018,1,87918690.56937645,97830
12850,rajasthan,udaipur ,2018,1,315736879.7070354,224103
12851,rajasthan,ausa ,2018,1,172923365.80547124,216969
12852,rajasthan,nagaur ,2018,1,245926094.94489202,226358
12853,rajasthan,bharatpur ,2018,1,189769489.37025285,163715
12854,rajasthan,barmer ,2018,1,175604034.27800113,125849
12855,rajasthan,ajmer ,2018,1,347556929.7043874,224405
12856,rajasthan,hittorgarh ,2018,1,149857248.26019156,143009
12857,rajasthan,hanumangarh ,2018,1,184278585.0950017,183162
12858,rajasthan,pratapgarh ,2018,1,35625792.16149665,32262
12859,rajasthan,awai madhopur ,2018,1,126783052.0213095,151565
12860,rajasthan,jalore ,2018,1,75229021.17082818,63373
12861,rajasthan,bikaner ,2018,1,242246395.70936581,176548
12862,rajasthan,kar ,2018,1,354268688.08142877,321709
12863,rajasthan,holpur ,2018,1,58347675.43908934,52731
12864,rajasthan,ohi ,2018,1,74517122.4961609,61986
12865,rajasthan,ajsamand ,2018,1,89471009.7409086,56704
12866,rajasthan,jaisalmer ,2018,1,60441094.765273675,42472
12867,rajasthan,bundi ,2018,1,55554458.56617293,70989
12868,rajasthan,jhalawar ,2018,1,84754167.55596046,84376
12869,rajasthan,alwar ,2018,1,636193637.4406083,511188
12870,rajasthan,kota ,2018,1,313545175.3534258,317338
12871,rajasthan,jhunjhunu ,2018,1,249837885.50885952,216379
12872,rajasthan,pali ,2018,3,391095636.76748323,191813
12873,rajasthan,ganganagar ,2018,3,723321172.5771093,380679
12874,rajasthan,huru ,2018,3,343106985.0666192,207506
12875,rajasthan,jaipur ,2018,3,7882149494.55468,4954443
12876,rajasthan,baran ,2018,3,163979591.41663817,137772
12877,rajasthan,bhilwara ,2018,3,933730468.5283473,544999
12878,rajasthan,banswara ,2018,3,130220301.69576271,72620
12879,rajasthan,ungarpur ,2018,3,104987360.57907946,45926
12880,rajasthan,onk ,2018,3,346853304.273348,242428
12881,rajasthan,jodhpur ,2018,3,1263392447.2576754,570133
12882,rajasthan,karauli ,2018,3,247559484.70318776,173940
12883,rajasthan,udaipur ,2018,3,818672225.2856681,417509
12884,rajasthan,ausa ,2018,3,532308543.22992843,448286
12885,rajasthan,nagaur ,2018,3,696224765.6471555,473481
12886,rajasthan,bharatpur ,2018,3,533384430.61704755,323314
12887,rajasthan,barmer ,2018,3,499069207.0872977,233853
12888,rajasthan,ajmer ,2018,3,841931847.4786526,400284
12889,rajasthan,hittorgarh ,2018,3,424424943.0154623,246933
12890,rajasthan,hanumangarh ,2018,3,487033702.25204706,260525
12891,rajasthan,pratapgarh ,2018,3,120068399.48518565,85749
12892,rajasthan,awai madhopur ,2018,3,347885325.8997539,263670
12893,rajasthan,jalore ,2018,3,212401951.23152333,107595
12894,rajasthan,bikaner ,2018,3,665233369.853325,338960
12895,rajasthan,kar ,2018,3,893538054.1217067,478163
12896,rajasthan,holpur ,2018,3,168509468.8053895,87956
12897,rajasthan,ohi ,2018,3,193176100.36375868,97631
12898,rajasthan,ajsamand ,2018,3,238912181.971353,113423
12899,rajasthan,jaisalmer ,2018,3,205049073.78050357,85833
12900,rajasthan,bundi ,2018,3,163739658.59616172,129192
12901,rajasthan,jhalawar ,2018,3,308845324.34171504,184260
12902,rajasthan,alwar ,2018,3,1687744780.6545582,1024880
12903,rajasthan,kota ,2018,3,821606603.1537721,582519
12904,rajasthan,jhunjhunu ,2018,3,650612466.9197886,350823
12905,rajasthan,pali ,2018,2,256758801.85243502,149724
12906,rajasthan,ganganagar ,2018,2,524823183.8335612,316032
12907,rajasthan,huru ,2018,2,222595465.67834505,186806
12908,rajasthan,jaipur ,2018,2,4952882923.415596,3175255
12909,rajasthan,baran ,2018,2,109875189.89432807,99519
12910,rajasthan,bhilwara ,2018,2,588411664.4366499,379750
12911,rajasthan,banswara ,2018,2,82400617.89669003,50393
12912,rajasthan,ungarpur ,2018,2,72798265.7767843,37436
12913,rajasthan,onk ,2018,2,229193878.63518816,179838
12914,rajasthan,jodhpur ,2018,2,822648668.3773664,435868
12915,rajasthan,karauli ,2018,2,168005885.7784779,127662
12916,rajasthan,udaipur ,2018,2,521933429.80104965,291907
12917,rajasthan,ausa ,2018,2,326639015.8292628,280086
12918,rajasthan,nagaur ,2018,2,430074431.61259633,304856
12919,rajasthan,bharatpur ,2018,2,343423921.2322798,232601
12920,rajasthan,barmer ,2018,2,315020798.5594297,168177
12921,rajasthan,ajmer ,2018,2,573173492.0785939,303419
12922,rajasthan,hittorgarh ,2018,2,274887651.50299513,185152
12923,rajasthan,hanumangarh ,2018,2,356609215.6573,242471
12924,rajasthan,pratapgarh ,2018,2,57806379.0216407,39165
12925,rajasthan,awai madhopur ,2018,2,226831827.63370803,187133
12926,rajasthan,jalore ,2018,2,148358542.8234546,86569
12927,rajasthan,bikaner ,2018,2,437796608.48819125,230781
12928,rajasthan,kar ,2018,2,599106340.7642647,396177
12929,rajasthan,holpur ,2018,2,106898400.56692909,66366
12930,rajasthan,ohi ,2018,2,127025757.25753018,79950
12931,rajasthan,ajsamand ,2018,2,156396864.46539366,83093
12932,rajasthan,jaisalmer ,2018,2,106390025.96356043,55857
12933,rajasthan,bundi ,2018,2,114801275.01015182,98301
12934,rajasthan,jhalawar ,2018,2,186554558.76944995,116621
12935,rajasthan,alwar ,2018,2,1094410044.9229448,700144
12936,rajasthan,kota ,2018,2,569851208.3994043,397475
12937,rajasthan,jhunjhunu ,2018,2,454701839.82302004,289113
12938,rajasthan,pali ,2024,1,45329489656.0,28734898
12939,rajasthan,ganganagar ,2024,1,59681808579.0,38966621
12940,rajasthan,huru ,2024,1,53570457123.0,29084777
12941,rajasthan,jaipur ,2024,1,559737992837.0,417960026
12942,rajasthan,baran ,2024,1,18865780316.0,14158056
12943,rajasthan,bhilwara ,2024,1,105876770009.0,69716571
12944,rajasthan,banswara ,2024,1,16125180528.0,12093085
12945,rajasthan,ungarpur ,2024,1,10552020500.0,6998904
12946,rajasthan,onk ,2024,1,37205767428.0,27984539
12947,rajasthan,jodhpur ,2024,1,154505604386.0,95473393
12948,rajasthan,karauli ,2024,1,29350458634.0,22361566
12949,rajasthan,udaipur ,2024,1,60479308975.0,45778435
12950,rajasthan,ausa ,2024,1,52359242532.0,39936118
12951,rajasthan,nagaur ,2024,1,100182081923.0,52846770
12952,rajasthan,bharatpur ,2024,1,50293466368.0,37262436
12953,rajasthan,barmer ,2024,1,83345520997.0,50374130
12954,rajasthan,ajmer ,2024,1,118678417415.0,73201030
12955,rajasthan,hittorgarh ,2024,1,44560818271.0,29537119
12956,rajasthan,hanumangarh ,2024,1,43856167826.0,25080740
12957,rajasthan,pratapgarh ,2024,1,11486742588.0,8797364
12958,rajasthan,awai madhopur ,2024,1,33408288925.0,26454537
12959,rajasthan,jalore ,2024,1,38584283883.0,19969061
12960,rajasthan,bikaner ,2024,1,75595791287.0,47066973
12961,rajasthan,kar ,2024,1,115438701952.0,66079857
12962,rajasthan,holpur ,2024,1,22782141177.0,15834955
12963,rajasthan,ohi ,2024,1,19463384569.0,12905625
12964,rajasthan,ajsamand ,2024,1,24830976611.0,16103720
12965,rajasthan,jaisalmer ,2024,1,28190183222.0,19278714
12966,rajasthan,bundi ,2024,1,23255319737.0,18318173
12967,rajasthan,jhalawar ,2024,1,28476988919.0,20861878
12968,rajasthan,alwar ,2024,1,140228734870.0,108520009
12969,rajasthan,kota ,2024,1,74950448638.0,62441853
12970,rajasthan,jhunjhunu ,2024,1,69251833109.0,39292074
12971,haryana,yamunanagar ,2021,4,4432197771.83603,2005594
12972,haryana,onipat ,2021,4,18170993284.939045,8588386
12973,haryana,jind ,2021,4,6816681201.932595,2259248
12974,haryana,ohtak ,2021,4,13098837015.965267,5544335
12975,haryana,faridabad ,2021,4,38292223252.23201,23169872
12976,haryana,mahendragarh ,2021,4,9914590329.515892,4181692
12977,haryana,hisar ,2021,4,16081687128.153656,6193863
12978,haryana,karnal ,2021,4,11527031601.801613,5416815
12979,haryana,fatehabad ,2021,4,4609405749.168196,1625730
12980,haryana,palwal ,2021,4,13860018394.657877,7384842
12981,haryana,harkhi dadri ,2021,4,3067273213.74452,1043359
12982,haryana,ambala ,2021,4,8691950949.003767,4375829
12983,haryana,ewari ,2021,4,15492946892.608118,8487387
12984,haryana,panchkula ,2021,4,3658626137.798519,2002888
12985,haryana,bhiwani ,2021,4,10151556217.957071,3472532
12986,haryana,a ,2021,4,6559405966.752363,2446496
12987,haryana,mewat ,2021,4,14906046920.126253,6907605
12988,haryana,panipat ,2021,4,16276012822.879314,7419868
12989,haryana,gurugram ,2021,4,69593103272.65858,56754843
12990,haryana,kaithal ,2021,4,4762264446.440141,1588180
12991,haryana,kurukshetra ,2021,4,8695022744.013264,4001894
12992,haryana,jhajjar ,2021,4,10582723986.276371,4815717
12993,haryana,yamunanagar ,2021,1,2388580347.284953,1043361
12994,haryana,onipat ,2021,1,9992974986.499811,4353956
12995,haryana,jind ,2021,1,3573969997.6140203,1154593
12996,haryana,ohtak ,2021,1,6792159646.7480345,2708295
12997,haryana,faridabad ,2021,1,21241648453.917847,12970900
12998,haryana,mahendragarh ,2021,1,5054815918.884792,2091685
12999,haryana,hisar ,2021,1,8859730937.00682,3294765
13000,haryana,karnal ,2021,1,6379825746.570849,2822406
13001,haryana,fatehabad ,2021,1,2397117720.9094105,997671
13002,haryana,palwal ,2021,1,7214450169.004797,3641453
13003,haryana,harkhi dadri ,2021,1,1545051474.2177424,500029
13004,haryana,ambala ,2021,1,5222888389.089357,2455019
13005,haryana,ewari ,2021,1,8303713646.79833,4385531
13006,haryana,panchkula ,2021,1,2252411265.671176,1145687
13007,haryana,bhiwani ,2021,1,5156315675.845505,1699650
13008,haryana,a ,2021,1,3492030664.7386966,1294809
13009,haryana,mewat ,2021,1,8671355565.335659,3236320
13010,haryana,panipat ,2021,1,7866864997.406405,3288095
13011,haryana,gurugram ,2021,1,39350276708.73313,31719830
13012,haryana,kaithal ,2021,1,2586851316.8576727,852261
13013,haryana,kurukshetra ,2021,1,5110348415.3477,2295153
13014,haryana,jhajjar ,2021,1,5484919037.9458275,2301315
13015,haryana,yamunanagar ,2021,3,3389970834.12311,1645578
13016,haryana,onipat ,2021,3,14357121849.97747,7173052
13017,haryana,jind ,2021,3,5031028936.730069,1850342
13018,haryana,ohtak ,2021,3,10168683402.047003,4615616
13019,haryana,faridabad ,2021,3,30608591108.260963,19367342
13020,haryana,mahendragarh ,2021,3,7301706022.252072,3395777
13021,haryana,hisar ,2021,3,12437366867.171389,5215891
13022,haryana,karnal ,2021,3,8835919266.381252,4403307
13023,haryana,fatehabad ,2021,3,3397455787.171774,1376222
13024,haryana,palwal ,2021,3,10372287086.183144,5875612
13025,haryana,harkhi dadri ,2021,3,2300260231.729553,836718
13026,haryana,ambala ,2021,3,6863762736.196912,3571542
13027,haryana,ewari ,2021,3,12146892237.730429,7225396
13028,haryana,panchkula ,2021,3,3102317465.6037097,1687993
13029,haryana,bhiwani ,2021,3,7537025745.245574,2813880
13030,haryana,a ,2021,3,5060911913.209234,2082195
13031,haryana,mewat ,2021,3,11174788500.58817,5054460
13032,haryana,panipat ,2021,3,12577188571.756681,6120958
13033,haryana,gurugram ,2021,3,55914389975.07391,47680658
13034,haryana,kaithal ,2021,3,3485425651.3276243,1318837
13035,haryana,kurukshetra ,2021,3,6684284263.874128,3292588
13036,haryana,jhajjar ,2021,3,8079713806.573341,3855729
13037,haryana,yamunanagar ,2021,2,2864427756.781926,1288367
13038,haryana,onipat ,2021,2,12924700817.493427,5818055
13039,haryana,jind ,2021,2,4689686886.344697,1550803
13040,haryana,ohtak ,2021,2,8769888644.596024,3586587
13041,haryana,faridabad ,2021,2,23831325859.81366,14467773
13042,haryana,mahendragarh ,2021,2,6287702298.385579,2724054
13043,haryana,hisar ,2021,2,11866795026.651602,4588374
13044,haryana,karnal ,2021,2,7822099240.647442,3501189
13045,haryana,fatehabad ,2021,2,3020218252.6477695,1100601
13046,haryana,palwal ,2021,2,9533885152.80025,4765916
13047,haryana,harkhi dadri ,2021,2,2088906079.701446,684041
13048,haryana,ambala ,2021,2,6179397558.051969,3023586
13049,haryana,ewari ,2021,2,9762169802.61403,5377720
13050,haryana,panchkula ,2021,2,2459954745.8011866,1272702
13051,haryana,bhiwani ,2021,2,6728640756.042201,2267331
13052,haryana,a ,2021,2,4366016286.75495,1608624
13053,haryana,mewat ,2021,2,9985192715.597248,4011429
13054,haryana,panipat ,2021,2,10716524259.182951,4781725
13055,haryana,gurugram ,2021,2,39938868048.39106,32311326
13056,haryana,kaithal ,2021,2,3361028623.8560677,1115241
13057,haryana,kurukshetra ,2021,2,6319003500.327952,2888055
13058,haryana,jhajjar ,2021,2,6840921926.20001,2947357
13059,haryana,yamunanagar ,2019,4,1112625525.9934711,498392
13060,haryana,onipat ,2019,4,3347168252.768132,1368457
13061,haryana,jind ,2019,4,1639970055.1800826,536486
13062,haryana,ohtak ,2019,4,4158625641.7923813,1428337
13063,haryana,faridabad ,2019,4,7782346423.807224,5358174
13064,haryana,mahendragarh ,2019,4,1584910815.2201228,694592
13065,haryana,hisar ,2019,4,3351369912.8069725,1309901
13066,haryana,karnal ,2019,4,3322975421.6792216,1280457
13067,haryana,fatehabad ,2019,4,992743748.5799375,377876
13068,haryana,palwal ,2019,4,2370503274.3677926,1273274
13069,haryana,harkhi dadri ,2019,4,463339408.27955604,168941
13070,haryana,ambala ,2019,4,1895665170.8741636,820296
13071,haryana,ewari ,2019,4,2831585559.7951837,1538398
13072,haryana,panchkula ,2019,4,1179807255.721688,573361
13073,haryana,bhiwani ,2019,4,1752990396.249226,618484
13074,haryana,a ,2019,4,1348363727.6535501,558726
13075,haryana,mewat ,2019,4,2267476888.485292,850275
13076,haryana,panipat ,2019,4,3870819294.7898273,1437677
13077,haryana,gurugram ,2019,4,19000424238.11497,14935865
13078,haryana,kaithal ,2019,4,1329296855.1937056,435877
13079,haryana,kurukshetra ,2019,4,1609238971.3669567,796665
13080,haryana,jhajjar ,2019,4,2147473030.3808532,965474
13081,haryana,yamunanagar ,2019,1,621768079.7163557,316341
13082,haryana,onipat ,2019,1,1419939621.3328834,699422
13083,haryana,jind ,2019,1,901895353.7033024,347169
13084,haryana,ohtak ,2019,1,1345411743.258372,575222
13085,haryana,faridabad ,2019,1,4128377201.436385,4020631
13086,haryana,mahendragarh ,2019,1,700858191.0505589,329809
13087,haryana,hisar ,2019,1,1656524675.572846,703750
13088,haryana,karnal ,2019,1,1295083691.156188,589011
13089,haryana,fatehabad ,2019,1,525503934.381601,241196
13090,haryana,palwal ,2019,1,1032542809.3600863,719323
13091,haryana,harkhi dadri ,2019,1,251032566.66860646,87835
13092,haryana,ambala ,2019,1,923757681.9398445,448912
13093,haryana,ewari ,2019,1,1395914440.321243,992599
13094,haryana,panchkula ,2019,1,690225761.0202861,336765
13095,haryana,bhiwani ,2019,1,911210973.3776145,365815
13096,haryana,a ,2019,1,765910302.0482943,384247
13097,haryana,mewat ,2019,1,978845773.851742,366223
13098,haryana,panipat ,2019,1,1414874465.0357556,685081
13099,haryana,gurugram ,2019,1,10558099866.889874,8723777
13100,haryana,kaithal ,2019,1,720662628.1171092,286388
13101,haryana,kurukshetra ,2019,1,771166495.110753,368183
13102,haryana,jhajjar ,2019,1,1042049466.2823191,548076
13103,haryana,yamunanagar ,2019,3,857965334.812949,399398
13104,haryana,onipat ,2019,3,2495689739.736125,1066029
13105,haryana,jind ,2019,3,1216085135.9555068,408678
13106,haryana,ohtak ,2019,3,3225248552.778762,1158516
13107,haryana,faridabad ,2019,3,5869168552.228926,4701377
13108,haryana,mahendragarh ,2019,3,1079689950.6489153,507177
13109,haryana,hisar ,2019,3,2558826214.5634766,1055411
13110,haryana,karnal ,2019,3,2467996778.7886715,991286
13111,haryana,fatehabad ,2019,3,718709989.016398,283362
13112,haryana,palwal ,2019,3,1687988450.1171808,1061268
13113,haryana,harkhi dadri ,2019,3,339477044.5007904,136612
13114,haryana,ambala ,2019,3,1419170555.3688216,637004
13115,haryana,ewari ,2019,3,2010833861.5122523,1206241
13116,haryana,panchkula ,2019,3,992298739.8465135,484783
13117,haryana,bhiwani ,2019,3,1281625493.351535,475369
13118,haryana,a ,2019,3,994405010.8659168,420805
13119,haryana,mewat ,2019,3,1477213719.6138625,620519
13120,haryana,panipat ,2019,3,2901827842.8905134,1155825
13121,haryana,gurugram ,2019,3,15022524504.76374,11843666
13122,haryana,kaithal ,2019,3,1010171721.1891437,358681
13123,haryana,kurukshetra ,2019,3,1219547000.4705918,616227
13124,haryana,jhajjar ,2019,3,1642655006.4215214,755297
13125,haryana,yamunanagar ,2019,2,733097991.577941,322842
13126,haryana,onipat ,2019,2,2100408323.2797818,888795
13127,haryana,jind ,2019,2,1085616289.0455685,335183
13128,haryana,ohtak ,2019,2,2813329870.614499,1096201
13129,haryana,faridabad ,2019,2,4505940224.12398,3523377
13130,haryana,mahendragarh ,2019,2,903928698.6442676,359714
13131,haryana,hisar ,2019,2,2054472611.492754,761001
13132,haryana,karnal ,2019,2,2062725761.781968,814251
13133,haryana,fatehabad ,2019,2,601431999.6543777,212170
13134,haryana,palwal ,2019,2,1293085677.97656,741633
13135,haryana,harkhi dadri ,2019,2,298692889.2887847,99348
13136,haryana,ambala ,2019,2,1205417087.9927247,516192
13137,haryana,ewari ,2019,2,1639474281.2498112,889511
13138,haryana,panchkula ,2019,2,780115034.3599005,351461
13139,haryana,bhiwani ,2019,2,1139830017.208538,374433
13140,haryana,a ,2019,2,869817209.2879229,344381
13141,haryana,mewat ,2019,2,1221071244.3604546,415855
13142,haryana,panipat ,2019,2,2473242371.019817,1019615
13143,haryana,gurugram ,2019,2,11575310786.46454,8386864
13144,haryana,kaithal ,2019,2,881165185.4286922,298191
13145,haryana,kurukshetra ,2019,2,955339769.7510326,421509
13146,haryana,jhajjar ,2019,2,1308026488.612537,569289
13147,haryana,yamunanagar ,2023,4,11819683477.0,6991742
13148,haryana,onipat ,2023,4,38060293204.0,23629291
13149,haryana,jind ,2023,4,17543501701.0,7226532
13150,haryana,ohtak ,2023,4,27721945728.0,14365051
13151,haryana,faridabad ,2023,4,98044262238.0,77144627
13152,haryana,mahendragarh ,2023,4,27377180805.0,14773841
13153,haryana,hisar ,2023,4,40480356223.0,19279136
13154,haryana,karnal ,2023,4,23923058627.0,13150252
13155,haryana,fatehabad ,2023,4,11852503562.0,5154841
13156,haryana,palwal ,2023,4,39320293870.0,27386099
13157,haryana,harkhi dadri ,2023,4,8719353952.0,3799592
13158,haryana,ambala ,2023,4,12682205404.0,7948396
13159,haryana,ewari ,2023,4,42640323109.0,29185255
13160,haryana,panchkula ,2023,4,8394694513.0,6373601
13161,haryana,bhiwani ,2023,4,27923308511.0,12376271
13162,haryana,a ,2023,4,17979944370.0,8582959
13163,haryana,mewat ,2023,4,44628376293.0,28925897
13164,haryana,panipat ,2023,4,28907667371.0,16907853
13165,haryana,gurugram ,2023,4,196708697020.0,200753426
13166,haryana,kaithal ,2023,4,11306787353.0,4537055
13167,haryana,kurukshetra ,2023,4,14423964029.0,7577329
13168,haryana,jhajjar ,2023,4,31812083240.0,18679187
13169,haryana,yamunanagar ,2023,1,9171861157.0,4918119
13170,haryana,onipat ,2023,1,27671143422.0,14926351
13171,haryana,jind ,2023,1,13385502174.0,5251923
13172,haryana,ohtak ,2023,1,20430910988.0,9725029
13173,haryana,faridabad ,2023,1,76414257465.0,53175744
13174,haryana,mahendragarh ,2023,1,20183169351.0,9912656
13175,haryana,hisar ,2023,1,30219366691.0,13701000
13176,haryana,karnal ,2023,1,18235777673.0,9090175
13177,haryana,fatehabad ,2023,1,9102850639.0,3820064
13178,haryana,palwal ,2023,1,29954221651.0,18488944
13179,haryana,harkhi dadri ,2023,1,6473350369.0,2581032
13180,haryana,ambala ,2023,1,9664464609.0,5655447
13181,haryana,ewari ,2023,1,31293744915.0,19315925
13182,haryana,panchkula ,2023,1,6696325946.0,4529784
13183,haryana,bhiwani ,2023,1,20481542376.0,8488847
13184,haryana,a ,2023,1,13741899241.0,6142496
13185,haryana,mewat ,2023,1,34386439914.0,19821886
13186,haryana,panipat ,2023,1,20832156394.0,10810722
13187,haryana,gurugram ,2023,1,149429170153.0,139674963
13188,haryana,kaithal ,2023,1,8883282220.0,3438425
13189,haryana,kurukshetra ,2023,1,11448146780.0,5631223
13190,haryana,jhajjar ,2023,1,23051039608.0,12217709
13191,haryana,yamunanagar ,2023,3,10177812673.0,6408631
13192,haryana,onipat ,2023,3,32882849453.0,21154223
13193,haryana,jind ,2023,3,14894423555.0,6721726
13194,haryana,ohtak ,2023,3,24254493149.0,13369559
13195,haryana,faridabad ,2023,3,85332036120.0,66682736
13196,haryana,mahendragarh ,2023,3,22922045828.0,13252417
13197,haryana,hisar ,2023,3,35148922011.0,18073013
13198,haryana,karnal ,2023,3,20709050300.0,12073464
13199,haryana,fatehabad ,2023,3,9920913384.0,4797828
13200,haryana,palwal ,2023,3,32341536595.0,22985522
13201,haryana,harkhi dadri ,2023,3,7469802341.0,3433508
13202,haryana,ambala ,2023,3,10979756162.0,7237154
13203,haryana,ewari ,2023,3,36790267491.0,26636621
13204,haryana,panchkula ,2023,3,8010911173.0,6126632
13205,haryana,bhiwani ,2023,3,23378793940.0,11167022
13206,haryana,a ,2023,3,15754461789.0,8038856
13207,haryana,mewat ,2023,3,33007216065.0,21207864
13208,haryana,panipat ,2023,3,24746289923.0,15202667
13209,haryana,gurugram ,2023,3,179654213171.0,188985975
13210,haryana,kaithal ,2023,3,9510552010.0,4196072
13211,haryana,kurukshetra ,2023,3,12496389852.0,6909143
13212,haryana,jhajjar ,2023,3,27109243755.0,16858845
13213,haryana,yamunanagar ,2023,2,9919078218.0,5808079
13214,haryana,onipat ,2023,2,31280283056.0,18352363
13215,haryana,jind ,2023,2,15030128160.0,6187437
13216,haryana,ohtak ,2023,2,23293874429.0,11834768
13217,haryana,faridabad ,2023,2,82469498511.0,62235387
13218,haryana,mahendragarh ,2023,2,22742640627.0,12061191
13219,haryana,hisar ,2023,2,33933659480.0,16085808
13220,haryana,karnal ,2023,2,20061638056.0,10807453
13221,haryana,fatehabad ,2023,2,10133855573.0,4424871
13222,haryana,palwal ,2023,2,33459783079.0,22095549
13223,haryana,harkhi dadri ,2023,2,7557654917.0,3105049
13224,haryana,ambala ,2023,2,10715602407.0,6675407
13225,haryana,ewari ,2023,2,34976781377.0,23333100
13226,haryana,panchkula ,2023,2,7550273654.0,5464299
13227,haryana,bhiwani ,2023,2,24420606605.0,10238046
13228,haryana,a ,2023,2,15394065489.0,7134767
13229,haryana,mewat ,2023,2,39427690839.0,24567537
13230,haryana,panipat ,2023,2,23049537864.0,13037367
13231,haryana,gurugram ,2023,2,167788722810.0,168827725
13232,haryana,kaithal ,2023,2,9724187583.0,3922814
13233,haryana,kurukshetra ,2023,2,12610485630.0,6544160
13234,haryana,jhajjar ,2023,2,26202080272.0,14793013
13235,haryana,yamunanagar ,2022,4,6908891031.202131,3466371
13236,haryana,onipat ,2022,4,32605509131.386887,17683407
13237,haryana,jind ,2022,4,11512394906.155674,4569840
13238,haryana,ohtak ,2022,4,27248544247.193787,14350357
13239,haryana,faridabad ,2022,4,49923713557.162994,33161524
13240,haryana,mahendragarh ,2022,4,13766606940.210634,6486647
13241,haryana,hisar ,2022,4,34368965296.50037,16862076
13242,haryana,karnal ,2022,4,23383107604.30776,12214724
13243,haryana,fatehabad ,2022,4,8995759822.121244,4022738
13244,haryana,palwal ,2022,4,21856737361.773544,13114018
13245,haryana,harkhi dadri ,2022,4,6130087693.027288,2645352
13246,haryana,ambala ,2022,4,13826073864.167889,7963628
13247,haryana,ewari ,2022,4,22585777499.591316,13324092
13248,haryana,panchkula ,2022,4,5413495938.537835,3484454
13249,haryana,bhiwani ,2022,4,16552856640.695545,6808665
13250,haryana,a ,2022,4,9396522425.89089,3999862
13251,haryana,mewat ,2022,4,20507941017.884888,11181774
13252,haryana,panipat ,2022,4,23682687583.537937,12217738
13253,haryana,gurugram ,2022,4,107046551341.7809,92493335
13254,haryana,kaithal ,2022,4,7328533737.39424,2779368
13255,haryana,kurukshetra ,2022,4,10664712701.059044,5165029
13256,haryana,jhajjar ,2022,4,16785189538.5209,8653366
13257,haryana,yamunanagar ,2022,1,4786194823.90891,2253333
13258,haryana,onipat ,2022,1,19484490398.321857,9614092
13259,haryana,jind ,2022,1,7336008430.987074,2576211
13260,haryana,ohtak ,2022,1,14421297234.32816,6268896
13261,haryana,faridabad ,2022,1,42896865210.61576,25918817
13262,haryana,mahendragarh ,2022,1,10481118324.311756,4634666
13263,haryana,hisar ,2022,1,18068574001.484863,7216543
13264,haryana,karnal ,2022,1,12324299904.907103,6097787
13265,haryana,fatehabad ,2022,1,5055875001.302255,1857156
13266,haryana,palwal ,2022,1,15280812571.295765,8401353
13267,haryana,harkhi dadri ,2022,1,3394984317.1234503,1198361
13268,haryana,ambala ,2022,1,8760751717.308666,4660808
13269,haryana,ewari ,2022,1,16678823765.17648,9346086
13270,haryana,panchkula ,2022,1,3869505496.22182,2183923
13271,haryana,bhiwani ,2022,1,10910190978.316551,3961445
13272,haryana,a ,2022,1,7379924149.999417,2831725
13273,haryana,mewat ,2022,1,17806136968.706028,8788025
13274,haryana,panipat ,2022,1,19020193908.564423,9264902
13275,haryana,gurugram ,2022,1,77508209556.89508,63282822
13276,haryana,kaithal ,2022,1,4991707455.869148,1752259
13277,haryana,kurukshetra ,2022,1,9312857727.477526,4494806
13278,haryana,jhajjar ,2022,1,11535220709.655296,5384593
13279,haryana,yamunanagar ,2022,3,6133608086.146572,3301355
13280,haryana,onipat ,2022,3,29152136081.765587,16738938
13281,haryana,jind ,2022,3,9507339927.814547,3980057
13282,haryana,ohtak ,2022,3,18965127888.07128,9939686
13283,haryana,faridabad ,2022,3,46163415393.391945,31002825
13284,haryana,mahendragarh ,2022,3,12093049365.916506,6121120
13285,haryana,hisar ,2022,3,30005386061.118546,15314209
13286,haryana,karnal ,2022,3,16912349321.593098,9139842
13287,haryana,fatehabad ,2022,3,6105812008.823677,2655690
13288,haryana,palwal ,2022,3,17956834811.920967,11032395
13289,haryana,harkhi dadri ,2022,3,4437299973.709106,1905318
13290,haryana,ambala ,2022,3,10116706967.312647,6086047
13291,haryana,ewari ,2022,3,19436985212.741524,12015067
13292,haryana,panchkula ,2022,3,5091947798.204769,3163399
13293,haryana,bhiwani ,2022,3,13530980795.262136,5766666
13294,haryana,a ,2022,3,8047893249.892181,3534343
13295,haryana,mewat ,2022,3,19134475751.357685,10832560
13296,haryana,panipat ,2022,3,24633921100.885296,13837300
13297,haryana,gurugram ,2022,3,99360193857.46599,87103856
13298,haryana,kaithal ,2022,3,6088867214.3334255,2421074
13299,haryana,kurukshetra ,2022,3,10020415182.250603,5217298
13300,haryana,jhajjar ,2022,3,15159748528.04851,8252765
13301,haryana,yamunanagar ,2022,2,5530827750.428615,2726028
13302,haryana,onipat ,2022,2,22987659569.928097,11943138
13303,haryana,jind ,2022,2,8415027257.794132,3043047
13304,haryana,ohtak ,2022,2,16685032554.576132,7714114
13305,haryana,faridabad ,2022,2,48406473821.00494,30409719
13306,haryana,mahendragarh ,2022,2,11861770615.020473,5525636
13307,haryana,hisar ,2022,2,20864338832.46772,8798889
13308,haryana,karnal ,2022,2,14355989091.566263,7462000
13309,haryana,fatehabad ,2022,2,5634767483.027428,2150031
13310,haryana,palwal ,2022,2,17323076797.706825,9782307
13311,haryana,harkhi dadri ,2022,2,3932766336.636679,1432206
13312,haryana,ambala ,2022,2,10618896839.332031,6192518
13313,haryana,ewari ,2022,2,19046645607.857338,11224593
13314,haryana,panchkula ,2022,2,4456867627.309149,2677014
13315,haryana,bhiwani ,2022,2,12775972575.885208,4742369
13316,haryana,a ,2022,2,8249933481.558682,3313264
13317,haryana,mewat ,2022,2,20575618595.503452,10609222
13318,haryana,panipat ,2022,2,21066063900.647213,10820296
13319,haryana,gurugram ,2022,2,92145454120.45726,79880852
13320,haryana,kaithal ,2022,2,5739157316.646477,2058838
13321,haryana,kurukshetra ,2022,2,11097243348.707338,5673323
13322,haryana,jhajjar ,2022,2,13464451725.44448,6520558
13323,haryana,yamunanagar ,2020,4,2410444772.0000343,1077956
13324,haryana,onipat ,2020,4,9010603701.960873,3721622
13325,haryana,jind ,2020,4,3898130378.6098533,1272317
13326,haryana,ohtak ,2020,4,6256117815.679721,2331057
13327,haryana,faridabad ,2020,4,19603646063.147858,12149079
13328,haryana,mahendragarh ,2020,4,5132014525.594752,2071830
13329,haryana,hisar ,2020,4,8738948858.681063,3190398
13330,haryana,karnal ,2020,4,6152410695.701475,2527301
13331,haryana,fatehabad ,2020,4,2561718838.438777,929917
13332,haryana,palwal ,2020,4,7333424919.068589,3692902
13333,haryana,harkhi dadri ,2020,4,1591959232.8183222,516694
13334,haryana,ambala ,2020,4,4518807087.52457,1935671
13335,haryana,ewari ,2020,4,8169865745.127572,4329508
13336,haryana,panchkula ,2020,4,2225317959.4937544,1120856
13337,haryana,bhiwani ,2020,4,5280654023.625282,1703541
13338,haryana,a ,2020,4,3492793677.7845526,1289154
13339,haryana,mewat ,2020,4,7484819524.783331,2948645
13340,haryana,panipat ,2020,4,7874714735.936349,3059943
13341,haryana,gurugram ,2020,4,35629614077.0103,28192581
13342,haryana,kaithal ,2020,4,2945844252.9955387,959377
13343,haryana,kurukshetra ,2020,4,4141680049.095256,1721950
13344,haryana,jhajjar ,2020,4,5544973431.463554,2429140
13345,haryana,yamunanagar ,2020,1,1172835685.667386,558348
13346,haryana,onipat ,2020,1,5091258326.483329,2016893
13347,haryana,jind ,2020,1,2305447628.745496,792514
13348,haryana,ohtak ,2020,1,5175066327.070365,1803076
13349,haryana,faridabad ,2020,1,8881105700.091959,5840117
13350,haryana,mahendragarh ,2020,1,1774232508.9539132,812720
13351,haryana,hisar ,2020,1,3820470010.45599,1533724
13352,haryana,karnal ,2020,1,4003478768.7248425,1579733
13353,haryana,fatehabad ,2020,1,1074164856.9302568,438880
13354,haryana,palwal ,2020,1,3109146806.57809,1613263
13355,haryana,harkhi dadri ,2020,1,562772483.6054599,208834
13356,haryana,ambala ,2020,1,2112697116.850913,956506
13357,haryana,ewari ,2020,1,3142595798.451387,1747564
13358,haryana,panchkula ,2020,1,1274745092.2280152,651033
13359,haryana,bhiwani ,2020,1,2100759580.6725063,768147
13360,haryana,a ,2020,1,1538727815.1352916,656981
13361,haryana,mewat ,2020,1,3154872672.0695767,1241283
13362,haryana,panipat ,2020,1,4661669007.4263115,1781967
13363,haryana,gurugram ,2020,1,21152356889.052498,16484737
13364,haryana,kaithal ,2020,1,1393783067.4023824,483716
13365,haryana,kurukshetra ,2020,1,2101835665.2169333,976468
13366,haryana,jhajjar ,2020,1,2372192750.431947,1089583
13367,haryana,yamunanagar ,2020,3,1615787281.7710702,763343
13368,haryana,onipat ,2020,3,7024743099.006162,2922945
13369,haryana,jind ,2020,3,2533560699.496646,893421
13370,haryana,ohtak ,2020,3,4643691557.73987,1740356
13371,haryana,faridabad ,2020,3,13490214442.585878,8700173
13372,haryana,mahendragarh ,2020,3,3179331732.079674,1444047
13373,haryana,hisar ,2020,3,5761605477.767698,2209518
13374,haryana,karnal ,2020,3,4578348863.2612,1955755
13375,haryana,fatehabad ,2020,3,1615396730.667015,623907
13376,haryana,palwal ,2020,3,4869775358.80177,2672871
13377,haryana,harkhi dadri ,2020,3,1030013843.4751177,356875
13378,haryana,ambala ,2020,3,3610359386.4637203,1529567
13379,haryana,ewari ,2020,3,5346067429.247877,3041169
13380,haryana,panchkula ,2020,3,1612924042.149621,802938
13381,haryana,bhiwani ,2020,3,3304152585.3724966,1151218
13382,haryana,a ,2020,3,2219962582.3281684,907337
13383,haryana,mewat ,2020,3,5099537212.926384,2107221
13384,haryana,panipat ,2020,3,5809998640.786768,2334545
13385,haryana,gurugram ,2020,3,23437360421.862156,18098421
13386,haryana,kaithal ,2020,3,1932756087.885961,679617
13387,haryana,kurukshetra ,2020,3,3113702590.4685006,1320433
13388,haryana,jhajjar ,2020,3,3738660379.586417,1682502
13389,haryana,yamunanagar ,2020,2,1269799998.4387665,645364
13390,haryana,onipat ,2020,2,5016220638.103821,2067865
13391,haryana,jind ,2020,2,2194774577.812515,791601
13392,haryana,ohtak ,2020,2,5946541938.965281,2050920
13393,haryana,faridabad ,2020,2,8177450074.37961,5775792
13394,haryana,mahendragarh ,2020,2,2503496877.6459007,1152066
13395,haryana,hisar ,2020,2,4146210408.4450903,1644838
13396,haryana,karnal ,2020,2,4045109843.2026005,1629574
13397,haryana,fatehabad ,2020,2,1312791083.1632023,533673
13398,haryana,palwal ,2020,2,3788124543.124005,2090627
13399,haryana,harkhi dadri ,2020,2,834008663.4588814,301953
13400,haryana,ambala ,2020,2,2154410296.002072,1016809
13401,haryana,ewari ,2020,2,3582603328.500936,2022132
13402,haryana,panchkula ,2020,2,1199233109.3167996,619625
13403,haryana,bhiwani ,2020,2,2795033053.460747,973720
13404,haryana,a ,2020,2,1811788465.1291971,759835
13405,haryana,mewat ,2020,2,3658746771.705061,1598705
13406,haryana,panipat ,2020,2,5207544726.945988,2011582
13407,haryana,gurugram ,2020,2,14426170120.903454,11284856
13408,haryana,kaithal ,2020,2,1619967939.1519618,583834
13409,haryana,kurukshetra ,2020,2,2346620365.2637324,978542
13410,haryana,jhajjar ,2020,2,2674618100.8210006,1247137
13411,haryana,yamunanagar ,2018,4,469237639.97114,216626
13412,haryana,onipat ,2018,4,1037340218.1738504,428989
13413,haryana,jind ,2018,4,778822776.4793004,259036
13414,haryana,ohtak ,2018,4,829370092.988213,300319
13415,haryana,faridabad ,2018,4,2832603200.576729,2271109
13416,haryana,mahendragarh ,2018,4,545441257.9905821,211639
13417,haryana,hisar ,2018,4,1476103125.5799584,511206
13418,haryana,karnal ,2018,4,883621789.4906831,356327
13419,haryana,fatehabad ,2018,4,453801169.98377275,203164
13420,haryana,palwal ,2018,4,672481291.542182,383775
13421,haryana,harkhi dadri ,2018,4,210310441.2750916,69055
13422,haryana,ambala ,2018,4,778868451.264339,313017
13423,haryana,ewari ,2018,4,1038332553.8976262,535609
13424,haryana,panchkula ,2018,4,563481852.1845164,237408
13425,haryana,bhiwani ,2018,4,748611718.7064086,267720
13426,haryana,a ,2018,4,618718729.5792961,290380
13427,haryana,mewat ,2018,4,658766830.3378227,223048
13428,haryana,panipat ,2018,4,960831966.9902785,427930
13429,haryana,gurugram ,2018,4,7834266744.800947,4651606
13430,haryana,kaithal ,2018,4,600215099.0389218,211975
13431,haryana,kurukshetra ,2018,4,658077491.6740903,260273
13432,haryana,jhajjar ,2018,4,741571573.9301258,319972
13433,haryana,yamunanagar ,2018,1,125333909.59597155,102917
13434,haryana,onipat ,2018,1,279804665.74758285,178766
13435,haryana,jind ,2018,1,186842136.19643256,117357
13436,haryana,ohtak ,2018,1,215207976.23801106,121728
13437,haryana,faridabad ,2018,1,772738359.1903924,521939
13438,haryana,mahendragarh ,2018,1,119624307.98030695,89413
13439,haryana,hisar ,2018,1,355732765.75367296,240517
13440,haryana,karnal ,2018,1,247718779.0667546,169313
13441,haryana,fatehabad ,2018,1,105677674.30945694,116455
13442,haryana,palwal ,2018,1,145340107.56054282,97942
13443,haryana,harkhi dadri ,2018,1,49515979.82368229,32910
13444,haryana,ambala ,2018,1,189250271.9381209,119503
13445,haryana,ewari ,2018,1,280095218.8487885,199418
13446,haryana,panchkula ,2018,1,142847688.49278012,86298
13447,haryana,bhiwani ,2018,1,190361119.40027064,125150
13448,haryana,a ,2018,1,164313975.8712107,164867
13449,haryana,mewat ,2018,1,132978792.61417456,80255
13450,haryana,panipat ,2018,1,263054774.74491566,183960
13451,haryana,gurugram ,2018,1,2317083393.8960977,1408070
13452,haryana,kaithal ,2018,1,149686426.2181104,98466
13453,haryana,kurukshetra ,2018,1,172343157.32717517,110204
13454,haryana,jhajjar ,2018,1,187960033.84590232,115322
13455,haryana,yamunanagar ,2018,3,320728121.92955375,165095
13456,haryana,onipat ,2018,3,689899150.946893,315829
13457,haryana,jind ,2018,3,487064678.1780566,186905
13458,haryana,ohtak ,2018,3,568546327.4827201,242013
13459,haryana,faridabad ,2018,3,1722572594.3324819,1058983
13460,haryana,mahendragarh ,2018,3,313539207.01478326,145319
13461,haryana,hisar ,2018,3,961080725.8344725,390428
13462,haryana,karnal ,2018,3,594890203.9680781,282956
13463,haryana,fatehabad ,2018,3,308682508.9638707,159967
13464,haryana,palwal ,2018,3,381999796.4721205,173758
13465,haryana,harkhi dadri ,2018,3,120685428.87020168,49278
13466,haryana,ambala ,2018,3,522223540.2280037,233248
13467,haryana,ewari ,2018,3,643047741.7898455,350599
13468,haryana,panchkula ,2018,3,391072983.2679684,171066
13469,haryana,bhiwani ,2018,3,475078358.166042,207426
13470,haryana,a ,2018,3,409263123.8749541,222321
13471,haryana,mewat ,2018,3,371454678.0918274,138275
13472,haryana,panipat ,2018,3,660571357.2553346,331409
13473,haryana,gurugram ,2018,3,5115393851.988528,2877059
13474,haryana,kaithal ,2018,3,393148924.7561258,149271
13475,haryana,kurukshetra ,2018,3,451182253.483242,195635
13476,haryana,jhajjar ,2018,3,473013450.73230076,215184
13477,haryana,yamunanagar ,2018,2,222903345.7494049,145792
13478,haryana,onipat ,2018,2,475518495.4836759,253130
13479,haryana,jind ,2018,2,316637352.4092227,155618
13480,haryana,ohtak ,2018,2,372787270.2835766,179677
13481,haryana,faridabad ,2018,2,1211325239.4669201,698865
13482,haryana,mahendragarh ,2018,2,213293581.47763312,120215
13483,haryana,hisar ,2018,2,627894549.2713584,320500
13484,haryana,karnal ,2018,2,430353501.61753666,224254
13485,haryana,fatehabad ,2018,2,203643680.86269987,169161
13486,haryana,palwal ,2018,2,242183536.64887157,128161
13487,haryana,harkhi dadri ,2018,2,88537038.62394696,43322
13488,haryana,ambala ,2018,2,352994750.8908926,180500
13489,haryana,ewari ,2018,2,453157049.1288283,263194
13490,haryana,panchkula ,2018,2,264234229.40968552,130924
13491,haryana,bhiwani ,2018,2,329873004.9319056,167009
13492,haryana,a ,2018,2,288080253.195745,234948
13493,haryana,mewat ,2018,2,249716563.945022,115296
13494,haryana,panipat ,2018,2,440169913.37038267,265754
13495,haryana,gurugram ,2018,2,3604758914.7352195,1893511
13496,haryana,kaithal ,2018,2,283466007.10194105,142167
13497,haryana,kurukshetra ,2018,2,302704098.7344694,153556
13498,haryana,jhajjar ,2018,2,346182064.7776333,165377
13499,haryana,yamunanagar ,2024,1,12093579738.0,7519228
13500,haryana,onipat ,2024,1,39542818742.0,26391475
13501,haryana,jind ,2024,1,15454891701.0,6422268
13502,haryana,ohtak ,2024,1,28232467512.0,15312649
13503,haryana,faridabad ,2024,1,105324563921.0,87385027
13504,haryana,mahendragarh ,2024,1,28644900235.0,16170056
13505,haryana,hisar ,2024,1,37550665833.0,17761963
13506,haryana,karnal ,2024,1,23173511276.0,13662975
13507,haryana,fatehabad ,2024,1,10520470660.0,4644928
13508,haryana,palwal ,2024,1,42586729209.0,31186766
13509,haryana,harkhi dadri ,2024,1,9077027864.0,4194333
13510,haryana,ambala ,2024,1,11568873325.0,7139846
13511,haryana,ewari ,2024,1,44941393906.0,32205532
13512,haryana,panchkula ,2024,1,8448678880.0,6570744
13513,haryana,bhiwani ,2024,1,28061835116.0,13431508
13514,haryana,a ,2024,1,17034685735.0,8100007
13515,haryana,mewat ,2024,1,51647688058.0,36343799
13516,haryana,panipat ,2024,1,28669896876.0,18394991
13517,haryana,gurugram ,2024,1,209018505349.0,220314122
13518,haryana,kaithal ,2024,1,9470689172.0,3825520
13519,haryana,kurukshetra ,2024,1,12855923681.0,6591372
13520,haryana,jhajjar ,2024,1,32868422443.0,20724391
13521,telangana,narayanpet ,2021,4,5838076193.554827,2282965
13522,telangana,nalgonda ,2021,4,33883155723.957207,14645444
13523,telangana,jangaon ,2021,4,11362332498.24181,5473214
13524,telangana,bhadradri kothagudem ,2021,4,22567782620.241013,10121890
13525,telangana,warangal rural ,2021,4,11031577612.931116,5340764
13526,telangana,kumuram bheem asifabad ,2021,4,4842428620.143704,2622817
13527,telangana,nizamabad ,2021,4,31740368651.3557,12113902
13528,telangana,adilabad ,2021,4,7165446341.19846,3432958
13529,telangana,ajanna sircilla ,2021,4,9967799307.03175,4250102
13530,telangana,nagarkurnool ,2021,4,16125729170.09507,6870712
13531,telangana,peddapalle ,2021,4,18789687776.656185,9303742
13532,telangana,nirmal ,2021,4,10108069725.924149,3762262
13533,telangana,mahabubabad ,2021,4,10537179557.287468,5140128
13534,telangana,angareddy ,2021,4,43773604056.366425,23598968
13535,telangana,wanaparthy ,2021,4,8637954228.043968,3681940
13536,telangana,vikarabad ,2021,4,11135599548.666336,5428281
13537,telangana,jagtial ,2021,4,17110347754.193672,6608911
13538,telangana,yadadri bhuvanagiri ,2021,4,18491066294.295353,8618815
13539,telangana,medak ,2021,4,10748306259.237926,4942024
13540,telangana,mahbubnagar ,2021,4,16922744330.353779,7948433
13541,telangana,jaya shankar bhalupally ,2021,4,7906894768.336119,3598414
13542,telangana,warangal urban ,2021,4,50725020756.70878,24530882
13543,telangana,angareddy ,2021,4,188838966046.13513,111354739
13544,telangana,hyderabad ,2021,4,582079170534.0186,325636475
13545,telangana,uryapet ,2021,4,20490140341.438477,8746371
13546,telangana,jogulamba gadwal ,2021,4,8363108584.318649,3475042
13547,telangana,kamareddy ,2021,4,14019170118.57151,5852557
13548,telangana,mulugu ,2021,4,4656636196.093929,2002635
13549,telangana,medchal malkajgiri ,2021,4,164568262330.06238,98780634
13550,telangana,karimnagar ,2021,4,29149229156.48455,13040240
13551,telangana,mancherial ,2021,4,18941077302.156723,9454805
13552,telangana,pet ,2021,4,21996052788.69565,9904471
13553,telangana,khammam ,2021,4,31245204308.11756,13424236
13554,telangana,narayanpet ,2021,1,3310846779.258506,1167125
13555,telangana,nalgonda ,2021,1,19628854223.156055,8018559
13556,telangana,jangaon ,2021,1,6973669289.332452,3112444
13557,telangana,bhadradri kothagudem ,2021,1,13659056643.17039,5386614
13558,telangana,warangal rural ,2021,1,7121440709.901886,3145714
13559,telangana,kumuram bheem asifabad ,2021,1,3157992830.7553616,1378555
13560,telangana,nizamabad ,2021,1,14665519256.295437,5831809
13561,telangana,adilabad ,2021,1,4215815167.282011,1676245
13562,telangana,ajanna sircilla ,2021,1,5260861081.591412,2140974
13563,telangana,nagarkurnool ,2021,1,10257144532.350464,3694212
13564,telangana,peddapalle ,2021,1,10786831118.767836,5112755
13565,telangana,nirmal ,2021,1,5096550372.246416,1744066
13566,telangana,mahabubabad ,2021,1,6803110882.943872,2942202
13567,telangana,angareddy ,2021,1,23546322114.765312,12350347
13568,telangana,wanaparthy ,2021,1,5057446529.389015,1880504
13569,telangana,vikarabad ,2021,1,6288645224.650791,2667959
13570,telangana,jagtial ,2021,1,8495922767.498055,3293619
13571,telangana,yadadri bhuvanagiri ,2021,1,10482121487.112892,4682204
13572,telangana,medak ,2021,1,6251716708.054497,2852487
13573,telangana,mahbubnagar ,2021,1,9130053733.193928,4009637
13574,telangana,jaya shankar bhalupally ,2021,1,5545124764.415361,2105785
13575,telangana,warangal urban ,2021,1,28292658503.028107,13629397
13576,telangana,angareddy ,2021,1,98883148961.30931,60675056
13577,telangana,hyderabad ,2021,1,316572388133.7874,169703372
13578,telangana,uryapet ,2021,1,11053139673.870525,4438459
13579,telangana,jogulamba gadwal ,2021,1,4982989534.247987,1749281
13580,telangana,kamareddy ,2021,1,7016072957.359794,2897037
13581,telangana,mulugu ,2021,1,3293242509.204965,1158750
13582,telangana,medchal malkajgiri ,2021,1,87516738646.29623,54854446
13583,telangana,karimnagar ,2021,1,15385243676.854752,6934134
13584,telangana,mancherial ,2021,1,11065632622.696743,5080342
13585,telangana,pet ,2021,1,11905435424.43538,5117034
13586,telangana,khammam ,2021,1,17657527187.368073,7140986
13587,telangana,narayanpet ,2021,3,4774940526.25939,1866231
13588,telangana,nalgonda ,2021,3,26760618927.739136,11844124
13589,telangana,jangaon ,2021,3,9323782160.149391,4543161
13590,telangana,bhadradri kothagudem ,2021,3,18135807092.898582,8176066
13591,telangana,warangal rural ,2021,3,9287949664.12062,4443014
13592,telangana,kumuram bheem asifabad ,2021,3,3942987886.809449,2106478
13593,telangana,nizamabad ,2021,3,22809748582.059334,9331288
13594,telangana,adilabad ,2021,3,5478367906.889686,2630821
13595,telangana,ajanna sircilla ,2021,3,7695820233.395802,3381445
13596,telangana,nagarkurnool ,2021,3,13208290733.935995,5674815
13597,telangana,peddapalle ,2021,3,15215632332.166233,7647792
13598,telangana,nirmal ,2021,3,7695725936.471862,2881221
13599,telangana,mahabubabad ,2021,3,8803059150.714489,4261138
13600,telangana,angareddy ,2021,3,33876669677.960114,18758999
13601,telangana,wanaparthy ,2021,3,7211167470.111839,2940519
13602,telangana,vikarabad ,2021,3,8826445969.78196,4239647
13603,telangana,jagtial ,2021,3,13500491629.987583,5294868
13604,telangana,yadadri bhuvanagiri ,2021,3,14856731507.023874,6990011
13605,telangana,medak ,2021,3,7874530429.994419,3824263
13606,telangana,mahbubnagar ,2021,3,13292231448.187187,6305580
13607,telangana,jaya shankar bhalupally ,2021,3,7101185779.855804,3033601
13608,telangana,warangal urban ,2021,3,41422180516.83781,20050897
13609,telangana,angareddy ,2021,3,147772047919.14047,87884143
13610,telangana,hyderabad ,2021,3,479343321365.37256,262028284
13611,telangana,uryapet ,2021,3,16323643910.434517,7084587
13612,telangana,jogulamba gadwal ,2021,3,7342093816.797329,2868741
13613,telangana,kamareddy ,2021,3,9913123880.1505,4500228
13614,telangana,mulugu ,2021,3,4101683407.368558,1650210
13615,telangana,medchal malkajgiri ,2021,3,130838255095.6952,79514766
13616,telangana,karimnagar ,2021,3,23540118368.011086,10704240
13617,telangana,mancherial ,2021,3,15494076002.531456,7689749
13618,telangana,pet ,2021,3,17131036339.073977,7797337
13619,telangana,khammam ,2021,3,25395360624.334126,10938504
13620,telangana,narayanpet ,2021,2,4363288456.829841,1654354
13621,telangana,nalgonda ,2021,2,25305904142.337223,10161723
13622,telangana,jangaon ,2021,2,9097534046.327433,4101984
13623,telangana,bhadradri kothagudem ,2021,2,16726841230.68533,6854796
13624,telangana,warangal rural ,2021,2,9608357753.675695,4096643
13625,telangana,kumuram bheem asifabad ,2021,2,3616140631.8292265,1750108
13626,telangana,nizamabad ,2021,2,21755545090.473732,7753597
13627,telangana,adilabad ,2021,2,4963034633.522783,2085591
13628,telangana,ajanna sircilla ,2021,2,6928172010.622464,2831321
13629,telangana,nagarkurnool ,2021,2,12210795742.454664,4876420
13630,telangana,peddapalle ,2021,2,14414394127.107388,6670402
13631,telangana,nirmal ,2021,2,7249341788.021781,2400460
13632,telangana,mahabubabad ,2021,2,9057754916.76895,3894628
13633,telangana,angareddy ,2021,2,28799723416.87831,14851128
13634,telangana,wanaparthy ,2021,2,6670336828.621043,2603925
13635,telangana,vikarabad ,2021,2,7761185953.963232,3556227
13636,telangana,jagtial ,2021,2,12612225820.950344,4428112
13637,telangana,yadadri bhuvanagiri ,2021,2,13244058903.996319,5848194
13638,telangana,medak ,2021,2,7629372343.577742,3415198
13639,telangana,mahbubnagar ,2021,2,11391442175.389671,5064194
13640,telangana,jaya shankar bhalupally ,2021,2,6859770059.015409,2675877
13641,telangana,warangal urban ,2021,2,35324332007.02503,15534189
13642,telangana,angareddy ,2021,2,113987187628.93881,63155281
13643,telangana,hyderabad ,2021,2,424872741465.13696,212326623
13644,telangana,uryapet ,2021,2,15856636127.353405,6058271
13645,telangana,jogulamba gadwal ,2021,2,6421818499.090552,2339787
13646,telangana,kamareddy ,2021,2,10042472983.437822,3927221
13647,telangana,mulugu ,2021,2,4115582609.583652,1462923
13648,telangana,medchal malkajgiri ,2021,2,102864360004.68025,58755991
13649,telangana,karimnagar ,2021,2,20534233590.75627,8548354
13650,telangana,mancherial ,2021,2,13999260362.653545,6439833
13651,telangana,pet ,2021,2,15903147261.01064,6647863
13652,telangana,khammam ,2021,2,23771340184.86827,9096326
13653,telangana,narayanpet ,2019,4,781969185.7695559,348020
13654,telangana,nalgonda ,2019,4,4432868129.214613,1934313
13655,telangana,jangaon ,2019,4,1768140547.0507903,899519
13656,telangana,bhadradri kothagudem ,2019,4,3333736227.921642,1404330
13657,telangana,warangal rural ,2019,4,1916370719.9451218,1122699
13658,telangana,kumuram bheem asifabad ,2019,4,636251308.4070561,315212
13659,telangana,nizamabad ,2019,4,3627249339.2387323,1638281
13660,telangana,adilabad ,2019,4,791642341.6090925,395004
13661,telangana,ajanna sircilla ,2019,4,1301541778.6067424,600689
13662,telangana,nagarkurnool ,2019,4,2233923658.115257,933585
13663,telangana,peddapalle ,2019,4,2960713411.6268864,1360978
13664,telangana,nirmal ,2019,4,1133229683.1589468,528301
13665,telangana,mahabubabad ,2019,4,1675353014.2975852,850549
13666,telangana,angareddy ,2019,4,6643761917.41535,3687957
13667,telangana,wanaparthy ,2019,4,1216946623.313059,507428
13668,telangana,vikarabad ,2019,4,1424370972.6543646,688709
13669,telangana,jagtial ,2019,4,1885810564.1351793,853526
13670,telangana,yadadri bhuvanagiri ,2019,4,2917661179.1368203,1376210
13671,telangana,medak ,2019,4,1468382159.4114661,746346
13672,telangana,mahbubnagar ,2019,4,2409813569.4080114,1133602
13673,telangana,jaya shankar bhalupally ,2019,4,1456148257.6858165,636364
13674,telangana,warangal urban ,2019,4,7877138784.222425,4698981
13675,telangana,angareddy ,2019,4,44757331443.568375,31237803
13676,telangana,hyderabad ,2019,4,130230415629.3025,72987282
13677,telangana,uryapet ,2019,4,2378054140.977039,1055324
13678,telangana,jogulamba gadwal ,2019,4,1114452481.2689347,521737
13679,telangana,kamareddy ,2019,4,1897721264.8307636,896879
13680,telangana,mulugu ,2019,4,653079691.2296635,276728
13681,telangana,medchal malkajgiri ,2019,4,31417907129.793076,22999944
13682,telangana,karimnagar ,2019,4,4404111000.947509,2289360
13683,telangana,mancherial ,2019,4,2827258423.4489546,1219849
13684,telangana,pet ,2019,4,3271349293.2839117,1508776
13685,telangana,khammam ,2019,4,3902061676.7459927,1917973
13686,telangana,narayanpet ,2019,1,309771672.0671499,174965
13687,telangana,nalgonda ,2019,1,1769178906.7148075,995740
13688,telangana,jangaon ,2019,1,666835161.5200422,459535
13689,telangana,bhadradri kothagudem ,2019,1,1347048006.2547002,584648
13690,telangana,warangal rural ,2019,1,652015911.9018332,543456
13691,telangana,kumuram bheem asifabad ,2019,1,267180135.05131233,162055
13692,telangana,nizamabad ,2019,1,1347187035.3619022,705541
13693,telangana,adilabad ,2019,1,363233268.90475595,202558
13694,telangana,ajanna sircilla ,2019,1,591748358.9669632,336361
13695,telangana,nagarkurnool ,2019,1,919667216.3119977,394508
13696,telangana,peddapalle ,2019,1,1232197525.0656664,670381
13697,telangana,nirmal ,2019,1,513648129.4548651,316131
13698,telangana,mahabubabad ,2019,1,589964630.444792,367401
13699,telangana,angareddy ,2019,1,2801488635.44757,1782207
13700,telangana,wanaparthy ,2019,1,539178838.0241383,256316
13701,telangana,vikarabad ,2019,1,628307802.9188868,339769
13702,telangana,jagtial ,2019,1,774232192.3382725,458055
13703,telangana,yadadri bhuvanagiri ,2019,1,1153306717.151112,650221
13704,telangana,medak ,2019,1,604006323.838034,424439
13705,telangana,mahbubnagar ,2019,1,949702543.7309991,505837
13706,telangana,jaya shankar bhalupally ,2019,1,602186464.5833509,271387
13707,telangana,warangal urban ,2019,1,2836690647.8977265,1953906
13708,telangana,angareddy ,2019,1,17677048557.632526,12952050
13709,telangana,hyderabad ,2019,1,34892156029.40753,24838664
13710,telangana,uryapet ,2019,1,1022801622.5667242,570175
13711,telangana,jogulamba gadwal ,2019,1,415838239.1276528,261453
13712,telangana,kamareddy ,2019,1,728765333.3862631,494329
13713,telangana,mulugu ,2019,1,286242139.70046264,117826
13714,telangana,medchal malkajgiri ,2019,1,13392043971.075241,10127087
13715,telangana,karimnagar ,2019,1,1693944274.3067384,1088155
13716,telangana,mancherial ,2019,1,1094451064.2941875,589535
13717,telangana,pet ,2019,1,1380114923.8328254,841516
13718,telangana,khammam ,2019,1,1481079756.3855424,854495
13719,telangana,narayanpet ,2019,3,507773417.4610101,247799
13720,telangana,nalgonda ,2019,3,2779870436.4339104,1306394
13721,telangana,jangaon ,2019,3,1100060362.2325885,617113
13722,telangana,bhadradri kothagudem ,2019,3,2217033879.641263,950852
13723,telangana,warangal rural ,2019,3,1188972512.9217644,777266
13724,telangana,kumuram bheem asifabad ,2019,3,415529444.81707716,201674
13725,telangana,nizamabad ,2019,3,2214953316.84891,1143733
13726,telangana,adilabad ,2019,3,520200887.3199887,253240
13727,telangana,ajanna sircilla ,2019,3,866012869.1522945,431892
13728,telangana,nagarkurnool ,2019,3,1468968267.9012117,637843
13729,telangana,peddapalle ,2019,3,1872281816.4743705,894357
13730,telangana,nirmal ,2019,3,729433727.9040974,396272
13731,telangana,mahabubabad ,2019,3,1039765449.4495962,571751
13732,telangana,angareddy ,2019,3,4722370404.586679,2699670
13733,telangana,wanaparthy ,2019,3,815418253.2839947,346164
13734,telangana,vikarabad ,2019,3,915569514.3744655,481649
13735,telangana,jagtial ,2019,3,1234356051.1108751,575677
13736,telangana,yadadri bhuvanagiri ,2019,3,1868628041.0485597,930865
13737,telangana,medak ,2019,3,962334534.8570547,533338
13738,telangana,mahbubnagar ,2019,3,1631760142.9440107,783236
13739,telangana,jaya shankar bhalupally ,2019,3,982616709.6752173,430844
13740,telangana,warangal urban ,2019,3,5206094337.716869,3280635
13741,telangana,angareddy ,2019,3,33663962263.155968,23655175
13742,telangana,hyderabad ,2019,3,96365182751.25804,55159072
13743,telangana,uryapet ,2019,3,1573223461.217702,716286
13744,telangana,jogulamba gadwal ,2019,3,743159787.4650824,372312
13745,telangana,kamareddy ,2019,3,1130608367.8367758,617048
13746,telangana,mulugu ,2019,3,444083132.2472038,184715
13747,telangana,medchal malkajgiri ,2019,3,23256556346.306458,17492750
13748,telangana,karimnagar ,2019,3,2911171015.4164953,1604219
13749,telangana,mancherial ,2019,3,1753500369.2869582,772975
13750,telangana,pet ,2019,3,2226176148.8370996,1075629
13751,telangana,khammam ,2019,3,2602393109.2431,1352931
13752,telangana,narayanpet ,2019,2,419237051.7853179,178965
13753,telangana,nalgonda ,2019,2,2323581176.516111,982589
13754,telangana,jangaon ,2019,2,880333999.3660777,451178
13755,telangana,bhadradri kothagudem ,2019,2,1800936282.3850584,658827
13756,telangana,warangal rural ,2019,2,894990099.3555228,525201
13757,telangana,kumuram bheem asifabad ,2019,2,319016878.8360514,146390
13758,telangana,nizamabad ,2019,2,1812827883.3205523,782289
13759,telangana,adilabad ,2019,2,451538835.93270147,187419
13760,telangana,ajanna sircilla ,2019,2,702215438.880197,311530
13761,telangana,nagarkurnool ,2019,2,1115389468.3856611,427374
13762,telangana,peddapalle ,2019,2,1566326735.5282462,657490
13763,telangana,nirmal ,2019,2,604053955.6960328,237118
13764,telangana,mahabubabad ,2019,2,820743447.1629949,398457
13765,telangana,angareddy ,2019,2,3684548498.973757,1920044
13766,telangana,wanaparthy ,2019,2,701368465.7621387,270228
13767,telangana,vikarabad ,2019,2,741826384.7097802,349574
13768,telangana,jagtial ,2019,2,1013323553.1638029,424736
13769,telangana,yadadri bhuvanagiri ,2019,2,1571831637.5126033,698908
13770,telangana,medak ,2019,2,805791072.4725859,415222
13771,telangana,mahbubnagar ,2019,2,1270311793.6391454,550333
13772,telangana,jaya shankar bhalupally ,2019,2,779327294.8465207,290519
13773,telangana,warangal urban ,2019,2,3832142348.1167383,2185190
13774,telangana,angareddy ,2019,2,25359412038.382965,16348519
13775,telangana,hyderabad ,2019,2,73949377453.0185,43511186
13776,telangana,uryapet ,2019,2,1389837609.2161393,565731
13777,telangana,jogulamba gadwal ,2019,2,525141870.7237575,250255
13778,telangana,kamareddy ,2019,2,967447713.1913474,454684
13779,telangana,mulugu ,2019,2,357195912.4863805,129404
13780,telangana,medchal malkajgiri ,2019,2,17462610963.470375,11891107
13781,telangana,karimnagar ,2019,2,2218679006.703639,1090639
13782,telangana,mancherial ,2019,2,1433729477.429565,571186
13783,telangana,pet ,2019,2,1837834819.208163,821209
13784,telangana,khammam ,2019,2,2063514016.2549326,926878
13785,telangana,narayanpet ,2023,4,17028938556.0,8633391
13786,telangana,nalgonda ,2023,4,97170343461.0,51511022
13787,telangana,jangaon ,2023,4,31608229273.0,17087143
13788,telangana,bhadradri kothagudem ,2023,4,56202802836.0,33075338
13789,telangana,warangal rural ,2023,4,28084276823.0,16122643
13790,telangana,kumuram bheem asifabad ,2023,4,12409526929.0,8659007
13791,telangana,nizamabad ,2023,4,88928491816.0,43071426
13792,telangana,adilabad ,2023,4,19675009766.0,12424951
13793,telangana,ajanna sircilla ,2023,4,29238386038.0,14910772
13794,telangana,nagarkurnool ,2023,4,42830716592.0,23146650
13795,telangana,peddapalle ,2023,4,46445316687.0,27564769
13796,telangana,nirmal ,2023,4,28057511402.0,14040450
13797,telangana,mahabubabad ,2023,4,26974493007.0,16067938
13798,telangana,angareddy ,2023,4,142932848259.0,96204412
13799,telangana,wanaparthy ,2023,4,23335949819.0,12672875
13800,telangana,vikarabad ,2023,4,31360648755.0,19695272
13801,telangana,jagtial ,2023,4,47715073319.0,22331060
13802,telangana,yadadri bhuvanagiri ,2023,4,53121750784.0,28984449
13803,telangana,medak ,2023,4,30550788297.0,17837494
13804,telangana,mahbubnagar ,2023,4,48389126301.0,28894213
13805,telangana,jaya shankar bhalupally ,2023,4,18993363140.0,10770866
13806,telangana,warangal urban ,2023,4,110672394295.0,64109092
13807,telangana,angareddy ,2023,4,647241284036.0,460487052
13808,telangana,hyderabad ,2023,4,532414580487.0,388720083
13809,telangana,uryapet ,2023,4,57848621131.0,30560826
13810,telangana,jogulamba gadwal ,2023,4,23690559475.0,13040977
13811,telangana,kamareddy ,2023,4,38943814040.0,20414647
13812,telangana,mulugu ,2023,4,11297924794.0,6508465
13813,telangana,medchal malkajgiri ,2023,4,502048775975.0,362103399
13814,telangana,karimnagar ,2023,4,78614458394.0,43037506
13815,telangana,mancherial ,2023,4,48694637043.0,28993967
13816,telangana,pet ,2023,4,64665935653.0,34702592
13817,telangana,khammam ,2023,4,79230897582.0,44437431
13818,telangana,narayanpet ,2023,1,12594283377.0,5860176
13819,telangana,nalgonda ,2023,1,71134878439.0,36293901
13820,telangana,jangaon ,2023,1,23145397276.0,12351227
13821,telangana,bhadradri kothagudem ,2023,1,43557678197.0,22418842
13822,telangana,warangal rural ,2023,1,22834798897.0,12016227
13823,telangana,kumuram bheem asifabad ,2023,1,10044534284.0,5909863
13824,telangana,nizamabad ,2023,1,63849185228.0,29666757
13825,telangana,adilabad ,2023,1,15398896200.0,8551063
13826,telangana,ajanna sircilla ,2023,1,21218010068.0,10183528
13827,telangana,nagarkurnool ,2023,1,33921691728.0,16468215
13828,telangana,peddapalle ,2023,1,35406206858.0,19710259
13829,telangana,nirmal ,2023,1,22071363346.0,9787939
13830,telangana,mahabubabad ,2023,1,22017320496.0,11587757
13831,telangana,angareddy ,2023,1,104869739922.0,64762361
13832,telangana,wanaparthy ,2023,1,17989989453.0,8804989
13833,telangana,vikarabad ,2023,1,24552396986.0,13708676
13834,telangana,jagtial ,2023,1,35845164854.0,15662651
13835,telangana,yadadri bhuvanagiri ,2023,1,39018954621.0,20689510
13836,telangana,medak ,2023,1,21898099820.0,12213260
13837,telangana,mahbubnagar ,2023,1,36515013116.0,20251207
13838,telangana,jaya shankar bhalupally ,2023,1,15652293575.0,7882159
13839,telangana,warangal urban ,2023,1,87860641183.0,47328651
13840,telangana,angareddy ,2023,1,487359310308.0,329344012
13841,telangana,hyderabad ,2023,1,415188829698.0,286887382
13842,telangana,uryapet ,2023,1,41818830882.0,21355436
13843,telangana,jogulamba gadwal ,2023,1,18345295705.0,8673538
13844,telangana,kamareddy ,2023,1,27636092025.0,14043426
13845,telangana,mulugu ,2023,1,10133379673.0,4771054
13846,telangana,medchal malkajgiri ,2023,1,382423152200.0,256028955
13847,telangana,karimnagar ,2023,1,60096322074.0,30992192
13848,telangana,mancherial ,2023,1,36907254929.0,20046172
13849,telangana,pet ,2023,1,48406373565.0,24660934
13850,telangana,khammam ,2023,1,62870355301.0,31419139
13851,telangana,narayanpet ,2023,3,14828719991.0,7703822
13852,telangana,nalgonda ,2023,3,83538473626.0,46150123
13853,telangana,jangaon ,2023,3,26570211115.0,14999210
13854,telangana,bhadradri kothagudem ,2023,3,50276318228.0,29094213
13855,telangana,warangal rural ,2023,3,24934651412.0,14114843
13856,telangana,kumuram bheem asifabad ,2023,3,11364405185.0,7668822
13857,telangana,nizamabad ,2023,3,74042361319.0,37772113
13858,telangana,adilabad ,2023,3,17957207912.0,11223859
13859,telangana,ajanna sircilla ,2023,3,24853551821.0,12792742
13860,telangana,nagarkurnool ,2023,3,38220652985.0,20682884
13861,telangana,peddapalle ,2023,3,41406372662.0,24425865
13862,telangana,nirmal ,2023,3,25812185559.0,12575625
13863,telangana,mahabubabad ,2023,3,24121112375.0,14152370
13864,telangana,angareddy ,2023,3,129280748237.0,86831652
13865,telangana,wanaparthy ,2023,3,20163964006.0,10889643
13866,telangana,vikarabad ,2023,3,28077471507.0,17488999
13867,telangana,jagtial ,2023,3,42081154014.0,19623996
13868,telangana,yadadri bhuvanagiri ,2023,3,46297002246.0,26071562
13869,telangana,medak ,2023,3,25594825694.0,15389129
13870,telangana,mahbubnagar ,2023,3,43270672047.0,26016185
13871,telangana,jaya shankar bhalupally ,2023,3,17824562824.0,9554915
13872,telangana,warangal urban ,2023,3,102993525406.0,58807111
13873,telangana,angareddy ,2023,3,615864362548.0,439381886
13874,telangana,hyderabad ,2023,3,505153023373.0,371834420
13875,telangana,uryapet ,2023,3,49132910855.0,27124712
13876,telangana,jogulamba gadwal ,2023,3,22100753338.0,11749521
13877,telangana,kamareddy ,2023,3,31268361694.0,17517673
13878,telangana,mulugu ,2023,3,10708908815.0,5736746
13879,telangana,medchal malkajgiri ,2023,3,477958010169.0,341559058
13880,telangana,karimnagar ,2023,3,71587338439.0,39168527
13881,telangana,mancherial ,2023,3,43472522006.0,25376026
13882,telangana,pet ,2023,3,57176670840.0,31010716
13883,telangana,khammam ,2023,3,72269888825.0,40556956
13884,telangana,narayanpet ,2023,2,14616919263.0,6909971
13885,telangana,nalgonda ,2023,2,82903124781.0,41962395
13886,telangana,jangaon ,2023,2,26609770148.0,14146351
13887,telangana,bhadradri kothagudem ,2023,2,47972823799.0,25871023
13888,telangana,warangal rural ,2023,2,24985013737.0,13385181
13889,telangana,kumuram bheem asifabad ,2023,2,10837144939.0,6747324
13890,telangana,nizamabad ,2023,2,75596623775.0,34994548
13891,telangana,adilabad ,2023,2,17662880437.0,9925498
13892,telangana,ajanna sircilla ,2023,2,23728163098.0,11891159
13893,telangana,nagarkurnool ,2023,2,37948055779.0,18857244
13894,telangana,peddapalle ,2023,2,38978138316.0,22555741
13895,telangana,nirmal ,2023,2,25381861539.0,11368138
13896,telangana,mahabubabad ,2023,2,24114183880.0,13158453
13897,telangana,angareddy ,2023,2,121290909918.0,75850320
13898,telangana,wanaparthy ,2023,2,20018297096.0,10142299
13899,telangana,vikarabad ,2023,2,27883452832.0,16157969
13900,telangana,jagtial ,2023,2,40893708527.0,18288029
13901,telangana,yadadri bhuvanagiri ,2023,2,45257907308.0,24175923
13902,telangana,medak ,2023,2,25974323819.0,14637759
13903,telangana,mahbubnagar ,2023,2,41417881674.0,23297956
13904,telangana,jaya shankar bhalupally ,2023,2,16438739776.0,8720801
13905,telangana,warangal urban ,2023,2,97631245668.0,53361513
13906,telangana,angareddy ,2023,2,561147925919.0,384456496
13907,telangana,hyderabad ,2023,2,467328236325.0,328016262
13908,telangana,uryapet ,2023,2,49246226924.0,24674139
13909,telangana,jogulamba gadwal ,2023,2,21014963335.0,10142849
13910,telangana,kamareddy ,2023,2,32848062463.0,16638930
13911,telangana,mulugu ,2023,2,10702236197.0,5285601
13912,telangana,medchal malkajgiri ,2023,2,434043629718.0,296231089
13913,telangana,karimnagar ,2023,2,67773079796.0,35552008
13914,telangana,mancherial ,2023,2,39856360752.0,22723969
13915,telangana,pet ,2023,2,54855659978.0,28696623
13916,telangana,khammam ,2023,2,71192383492.0,36607410
13917,telangana,narayanpet ,2022,4,7851529733.329012,3435861
13918,telangana,nalgonda ,2022,4,45517531285.29773,21928009
13919,telangana,jangaon ,2022,4,14733962763.584286,7324178
13920,telangana,bhadradri kothagudem ,2022,4,27531378066.985123,13693915
13921,telangana,warangal rural ,2022,4,13558497093.454197,6929973
13922,telangana,kumuram bheem asifabad ,2022,4,5943432516.9949465,3591695
13923,telangana,nizamabad ,2022,4,42744693427.90993,18308473
13924,telangana,adilabad ,2022,4,9396320638.908257,5167448
13925,telangana,ajanna sircilla ,2022,4,13388173024.17493,6122873
13926,telangana,nagarkurnool ,2022,4,19890947819.874546,9648058
13927,telangana,peddapalle ,2022,4,23139872487.127018,12177318
13928,telangana,nirmal ,2022,4,13462685072.366062,5783251
13929,telangana,mahabubabad ,2022,4,12887238837.13226,6768739
13930,telangana,angareddy ,2022,4,64649951913.2422,38000808
13931,telangana,wanaparthy ,2022,4,11544288246.522821,5371569
13932,telangana,vikarabad ,2022,4,16602279473.938221,9405139
13933,telangana,jagtial ,2022,4,22521347753.106037,9304649
13934,telangana,yadadri bhuvanagiri ,2022,4,25002594202.22237,12310890
13935,telangana,medak ,2022,4,14553997200.924385,7373744
13936,telangana,mahbubnagar ,2022,4,23376388640.594707,12087718
13937,telangana,jaya shankar bhalupally ,2022,4,9308144371.995441,4699909
13938,telangana,warangal urban ,2022,4,57991182917.37883,29269688
13939,telangana,angareddy ,2022,4,295773661437.69385,191136402
13940,telangana,hyderabad ,2022,4,1753799022390.8735,1133829812
13941,telangana,uryapet ,2022,4,27190932825.31949,12755991
13942,telangana,jogulamba gadwal ,2022,4,11177285266.569225,5163965
13943,telangana,kamareddy ,2022,4,18381989175.094254,8479586
13944,telangana,mulugu ,2022,4,5528206381.608963,2756762
13945,telangana,medchal malkajgiri ,2022,4,237726926269.25775,151514969
13946,telangana,karimnagar ,2022,4,39357490540.69413,19056918
13947,telangana,mancherial ,2022,4,23710042437.245804,12469076
13948,telangana,pet ,2022,4,30384216197.138824,14715170
13949,telangana,khammam ,2022,4,39626352507.58298,18924276
13950,telangana,narayanpet ,2022,1,7151473315.411451,2758911
13951,telangana,nalgonda ,2022,1,39284842780.64408,17014104
13952,telangana,jangaon ,2022,1,13092572660.901518,6272901
13953,telangana,bhadradri kothagudem ,2022,1,25370868701.813797,11205856
13954,telangana,warangal rural ,2022,1,13344851727.844463,6150545
13955,telangana,kumuram bheem asifabad ,2022,1,5793481590.487396,2974932
13956,telangana,nizamabad ,2022,1,33996713436.015533,13749642
13957,telangana,adilabad ,2022,1,8595611704.767036,4070616
13958,telangana,ajanna sircilla ,2022,1,11337042428.250381,4899037
13959,telangana,nagarkurnool ,2022,1,19698635871.63956,8134709
13960,telangana,peddapalle ,2022,1,20671229116.26508,10330840
13961,telangana,nirmal ,2022,1,12055501321.77517,4497647
13962,telangana,mahabubabad ,2022,1,12694323911.33902,5919451
13963,telangana,angareddy ,2022,1,50754041229.75235,27250369
13964,telangana,wanaparthy ,2022,1,10471886396.519531,4303823
13965,telangana,vikarabad ,2022,1,13753017142.475313,6463353
13966,telangana,jagtial ,2022,1,19792335843.191154,7599529
13967,telangana,yadadri bhuvanagiri ,2022,1,21558326704.74961,9901695
13968,telangana,medak ,2022,1,11841334266.667011,5651890
13969,telangana,mahbubnagar ,2022,1,19752565211.193634,9243634
13970,telangana,jaya shankar bhalupally ,2022,1,9295064923.502977,4079946
13971,telangana,warangal urban ,2022,1,56954288260.23642,27504554
13972,telangana,angareddy ,2022,1,216609881380.40106,127675017
13973,telangana,hyderabad ,2022,1,661512502141.0775,372711414
13974,telangana,uryapet ,2022,1,23321415932.686844,10201103
13975,telangana,jogulamba gadwal ,2022,1,10094399207.825716,3961470
13976,telangana,kamareddy ,2022,1,15293088688.466099,6663659
13977,telangana,mulugu ,2022,1,6575024639.126174,2589325
13978,telangana,medchal malkajgiri ,2022,1,185168270983.38605,110893187
13979,telangana,karimnagar ,2022,1,32332888869.97381,14698433
13980,telangana,mancherial ,2022,1,21171437142.030125,10350779
13981,telangana,pet ,2022,1,25404779557.018036,11464769
13982,telangana,khammam ,2022,1,35894472741.54594,15266245
13983,telangana,narayanpet ,2022,3,7372511545.846636,3149412
13984,telangana,nalgonda ,2022,3,40798032880.70633,19442094
13985,telangana,jangaon ,2022,3,13279380724.599072,6580615
13986,telangana,bhadradri kothagudem ,2022,3,25289893377.7632,12264577
13987,telangana,warangal rural ,2022,3,12580724724.480564,6206207
13988,telangana,kumuram bheem asifabad ,2022,3,5642724850.521915,3217193
13989,telangana,nizamabad ,2022,3,35480941123.20821,15374558
13990,telangana,adilabad ,2022,3,8917128425.600996,4697252
13991,telangana,ajanna sircilla ,2022,3,11900795823.20659,5407265
13992,telangana,nagarkurnool ,2022,3,18637778860.078545,8782718
13993,telangana,peddapalle ,2022,3,20799401370.88663,10936393
13994,telangana,nirmal ,2022,3,12158789732.897774,5045789
13995,telangana,mahabubabad ,2022,3,11797675474.514078,6113296
13996,telangana,angareddy ,2022,3,57832647223.37014,33187414
13997,telangana,wanaparthy ,2022,3,10130094511.37881,4675529
13998,telangana,vikarabad ,2022,3,14232056919.530758,7799069
13999,telangana,jagtial ,2022,3,19843349567.164665,8168113
14000,telangana,yadadri bhuvanagiri ,2022,3,22042571396.236126,10857894
14001,telangana,medak ,2022,3,12214538646.775864,6256711
14002,telangana,mahbubnagar ,2022,3,20954874892.610764,10611492
14003,telangana,jaya shankar bhalupally ,2022,3,8896891604.929647,4204613
14004,telangana,warangal urban ,2022,3,55794322100.977,27244856
14005,telangana,angareddy ,2022,3,272598081405.12262,169029273
14006,telangana,hyderabad ,2022,3,1586047443981.7905,1018658174
14007,telangana,uryapet ,2022,3,23876546283.024384,11413191
14008,telangana,jogulamba gadwal ,2022,3,11052081759.676401,4706947
14009,telangana,kamareddy ,2022,3,14964327071.013714,7186922
14010,telangana,mulugu ,2022,3,5260858335.473125,2441037
14011,telangana,medchal malkajgiri ,2022,3,223442008167.9499,136384039
14012,telangana,karimnagar ,2022,3,36478353448.996735,17095584
14013,telangana,mancherial ,2022,3,21649183001.676773,11116187
14014,telangana,pet ,2022,3,27570105119.137547,12900290
14015,telangana,khammam ,2022,3,36789751400.92127,17010697
14016,telangana,narayanpet ,2022,2,7716014147.238309,3197626
14017,telangana,nalgonda ,2022,2,44558915742.72007,19977314
14018,telangana,jangaon ,2022,2,14919993685.003801,7231360
14019,telangana,bhadradri kothagudem ,2022,2,28087468534.111588,12778081
14020,telangana,warangal rural ,2022,2,14387372670.720768,6842881
14021,telangana,kumuram bheem asifabad ,2022,2,6154185695.946731,3332600
14022,telangana,nizamabad ,2022,2,40970987322.05723,16389018
14023,telangana,adilabad ,2022,2,9736796196.875732,4656805
14024,telangana,ajanna sircilla ,2022,2,12736454285.691818,5764243
14025,telangana,nagarkurnool ,2022,2,20244396068.008736,9122281
14026,telangana,peddapalle ,2022,2,23425044524.59683,11850597
14027,telangana,nirmal ,2022,2,13791958003.894201,5225334
14028,telangana,mahabubabad ,2022,2,13720828408.506,6638916
14029,telangana,angareddy ,2022,2,59585382581.45032,32680472
14030,telangana,wanaparthy ,2022,2,11044991789.462624,4966803
14031,telangana,vikarabad ,2022,2,14492482417.54656,7440634
14032,telangana,jagtial ,2022,2,22246967385.14348,8877101
14033,telangana,yadadri bhuvanagiri ,2022,2,24184571828.814075,11567957
14034,telangana,medak ,2022,2,13698209529.95254,6738825
14035,telangana,mahbubnagar ,2022,2,21963911808.55831,10705223
14036,telangana,jaya shankar bhalupally ,2022,2,9634073658.27747,4528732
14037,telangana,warangal urban ,2022,2,66551476649.13394,32791256
14038,telangana,angareddy ,2022,2,267052522620.51453,161888380
14039,telangana,hyderabad ,2022,2,775908693266.7236,446470234
14040,telangana,uryapet ,2022,2,27017582889.584785,11843388
14041,telangana,jogulamba gadwal ,2022,2,11410519590.194616,4701957
14042,telangana,kamareddy ,2022,2,17239444873.959072,7702879
14043,telangana,mulugu ,2022,2,6165943180.178967,2656701
14044,telangana,medchal malkajgiri ,2022,2,221257316347.7198,134114768
14045,telangana,karimnagar ,2022,2,38465054891.36155,17621343
14046,telangana,mancherial ,2022,2,23483426061.331635,11792212
14047,telangana,pet ,2022,2,29087166428.464252,13598517
14048,telangana,khammam ,2022,2,40474391433.33105,17688119
14049,telangana,narayanpet ,2020,4,2835819720.016362,1122820
14050,telangana,nalgonda ,2020,4,19282405659.535854,7966177
14051,telangana,jangaon ,2020,4,6561515594.088474,3031598
14052,telangana,bhadradri kothagudem ,2020,4,12782078782.234629,5185352
14053,telangana,warangal rural ,2020,4,7061015635.913547,3301035
14054,telangana,kumuram bheem asifabad ,2020,4,2599620374.1924663,1255788
14055,telangana,nizamabad ,2020,4,15245199022.577251,5857682
14056,telangana,adilabad ,2020,4,3501126352.5856867,1494484
14057,telangana,ajanna sircilla ,2020,4,5123169526.190012,2158748
14058,telangana,nagarkurnool ,2020,4,9022680672.803654,3613079
14059,telangana,peddapalle ,2020,4,10874763808.441689,5150603
14060,telangana,nirmal ,2020,4,4786165444.904333,1709052
14061,telangana,mahabubabad ,2020,4,6391599550.63833,2985467
14062,telangana,angareddy ,2020,4,22088541539.15049,11444304
14063,telangana,wanaparthy ,2020,4,4653274168.989356,1878120
14064,telangana,vikarabad ,2020,4,5380594708.229063,2521145
14065,telangana,jagtial ,2020,4,8148634697.350504,3204589
14066,telangana,yadadri bhuvanagiri ,2020,4,10126950083.340902,4445644
14067,telangana,medak ,2020,4,6627122841.862166,2913551
14068,telangana,mahbubnagar ,2020,4,8337765904.894909,3778283
14069,telangana,jaya shankar bhalupally ,2020,4,5358552576.958319,2144371
14070,telangana,warangal urban ,2020,4,25712185991.211586,11918795
14071,telangana,angareddy ,2020,4,89256130453.08656,53405219
14072,telangana,hyderabad ,2020,4,243045184188.28207,117008707
14073,telangana,uryapet ,2020,4,10332732240.89793,4322234
14074,telangana,jogulamba gadwal ,2020,4,4716814930.788986,1815083
14075,telangana,kamareddy ,2020,4,7470236114.994878,3045875
14076,telangana,mulugu ,2020,4,2751716832.141886,1080109
14077,telangana,medchal malkajgiri ,2020,4,81801106073.41167,49900746
14078,telangana,karimnagar ,2020,4,15369367186.015852,6853847
14079,telangana,mancherial ,2020,4,10978959291.406088,5086014
14080,telangana,pet ,2020,4,11662960489.776716,5009319
14081,telangana,khammam ,2020,4,16464448770.047258,7035947
14082,telangana,narayanpet ,2020,1,1067253461.1912576,455130
14083,telangana,nalgonda ,2020,1,6345459438.726553,2636023
14084,telangana,jangaon ,2020,1,2902674909.8656845,1358798
14085,telangana,bhadradri kothagudem ,2020,1,4548915939.10561,1849454
14086,telangana,warangal rural ,2020,1,2762397108.6799946,1380277
14087,telangana,kumuram bheem asifabad ,2020,1,924829748.6767043,431200
14088,telangana,nizamabad ,2020,1,4951415940.342635,2202642
14089,telangana,adilabad ,2020,1,1199179008.426102,521578
14090,telangana,ajanna sircilla ,2020,1,1821242659.8739936,771444
14091,telangana,nagarkurnool ,2020,1,3566283298.1075497,1379087
14092,telangana,peddapalle ,2020,1,3975776398.2863264,1794982
14093,telangana,nirmal ,2020,1,1616088714.4239542,654090
14094,telangana,mahabubabad ,2020,1,2380623170.982039,1131336
14095,telangana,angareddy ,2020,1,8691296108.435516,4610027
14096,telangana,wanaparthy ,2020,1,1719603962.7896023,705583
14097,telangana,vikarabad ,2020,1,2067670438.7772045,966022
14098,telangana,jagtial ,2020,1,2555776130.8061604,1100444
14099,telangana,yadadri bhuvanagiri ,2020,1,3614895962.8076024,1677327
14100,telangana,medak ,2020,1,1971427872.180642,969091
14101,telangana,mahbubnagar ,2020,1,3050397769.100156,1439754
14102,telangana,jaya shankar bhalupally ,2020,1,2203226556.5045834,837146
14103,telangana,warangal urban ,2020,1,12008422912.496418,6200767
14104,telangana,angareddy ,2020,1,45881228273.95146,31802492
14105,telangana,hyderabad ,2020,1,183207208610.81787,94177232
14106,telangana,uryapet ,2020,1,3295595248.4370594,1427044
14107,telangana,jogulamba gadwal ,2020,1,1613421876.413753,692408
14108,telangana,kamareddy ,2020,1,2474184242.60747,1148492
14109,telangana,mulugu ,2020,1,1155104119.66164,436187
14110,telangana,medchal malkajgiri ,2020,1,37404467180.931694,25458101
14111,telangana,karimnagar ,2020,1,6437076498.978258,3037633
14112,telangana,mancherial ,2020,1,4017582988.9663706,1708111
14113,telangana,pet ,2020,1,4387174573.133842,1912271
14114,telangana,khammam ,2020,1,5525879243.728758,2537352
14115,telangana,narayanpet ,2020,3,1902627904.62247,783327
14116,telangana,nalgonda ,2020,3,12019426389.403297,5228596
14117,telangana,jangaon ,2020,3,4140321227.647342,2017277
14118,telangana,bhadradri kothagudem ,2020,3,7671316620.377354,3196550
14119,telangana,warangal rural ,2020,3,4962993534.951414,2344202
14120,telangana,kumuram bheem asifabad ,2020,3,1675480569.6999292,769865
14121,telangana,nizamabad ,2020,3,8812060816.702126,3738711
14122,telangana,adilabad ,2020,3,1988333702.679586,897345
14123,telangana,ajanna sircilla ,2020,3,3102179679.4662037,1341971
14124,telangana,nagarkurnool ,2020,3,5813967118.645211,2457619
14125,telangana,peddapalle ,2020,3,6772933142.766051,3165247
14126,telangana,nirmal ,2020,3,3114725315.389447,1117211
14127,telangana,mahabubabad ,2020,3,4294089771.5496736,2057383
14128,telangana,angareddy ,2020,3,12980683896.976254,6800085
14129,telangana,wanaparthy ,2020,3,3016246622.6626596,1234628
14130,telangana,vikarabad ,2020,3,3284049784.051024,1608742
14131,telangana,jagtial ,2020,3,5050134980.509495,2078603
14132,telangana,yadadri bhuvanagiri ,2020,3,5838319417.216424,2675838
14133,telangana,medak ,2020,3,4236040846.328572,1948206
14134,telangana,mahbubnagar ,2020,3,5055802636.647903,2371373
14135,telangana,jaya shankar bhalupally ,2020,3,3673328300.1233864,1439193
14136,telangana,warangal urban ,2020,3,17470830635.334423,7847624
14137,telangana,angareddy ,2020,3,51787722036.044556,29573243
14138,telangana,hyderabad ,2020,3,228448742377.47607,99285803
14139,telangana,uryapet ,2020,3,6451797391.596656,2745417
14140,telangana,jogulamba gadwal ,2020,3,3465592564.8372164,1269849
14141,telangana,kamareddy ,2020,3,4253804723.6002865,1931489
14142,telangana,mulugu ,2020,3,1906993181.761936,700289
14143,telangana,medchal malkajgiri ,2020,3,48831695001.78223,28698311
14144,telangana,karimnagar ,2020,3,9665080706.228874,4242409
14145,telangana,mancherial ,2020,3,6633824054.497068,3056009
14146,telangana,pet ,2020,3,7015923741.021015,3137039
14147,telangana,khammam ,2020,3,10624076063.27388,4612672
14148,telangana,narayanpet ,2020,2,1503742472.362174,695607
14149,telangana,nalgonda ,2020,2,8540610042.867538,3786127
14150,telangana,jangaon ,2020,2,3498060215.3452044,1759512
14151,telangana,bhadradri kothagudem ,2020,2,5623659100.95859,2391943
14152,telangana,warangal rural ,2020,2,3918025398.0865736,2026328
14153,telangana,kumuram bheem asifabad ,2020,2,1322968097.1360505,589630
14154,telangana,nizamabad ,2020,2,6638415628.443302,2750473
14155,telangana,adilabad ,2020,2,1524883392.4054193,680275
14156,telangana,ajanna sircilla ,2020,2,2223196910.7411313,1005107
14157,telangana,nagarkurnool ,2020,2,4460050448.486773,2065489
14158,telangana,peddapalle ,2020,2,4788894395.201496,2293157
14159,telangana,nirmal ,2020,2,2145022169.0158358,835049
14160,telangana,mahabubabad ,2020,2,3572106362.348245,1721463
14161,telangana,angareddy ,2020,2,8780427655.861984,4807036
14162,telangana,wanaparthy ,2020,2,2330763455.8468223,1041972
14163,telangana,vikarabad ,2020,2,2336128467.801978,1337076
14164,telangana,jagtial ,2020,2,3565039911.672269,1504160
14165,telangana,yadadri bhuvanagiri ,2020,2,4098335517.574524,2018354
14166,telangana,medak ,2020,2,2500774235.3230863,1281978
14167,telangana,mahbubnagar ,2020,2,3401780719.062594,1726832
14168,telangana,jaya shankar bhalupally ,2020,2,2683325971.192736,1118207
14169,telangana,warangal urban ,2020,2,13617334891.581211,6239185
14170,telangana,angareddy ,2020,2,31273545586.261536,18068048
14171,telangana,hyderabad ,2020,2,130820061488.30272,56374644
14172,telangana,uryapet ,2020,2,5008825032.281717,2070003
14173,telangana,jogulamba gadwal ,2020,2,2414251006.888463,960673
14174,telangana,kamareddy ,2020,2,3530203792.2776647,1588473
14175,telangana,mulugu ,2020,2,1498496960.2545447,548767
14176,telangana,medchal malkajgiri ,2020,2,29732057894.60774,17860704
14177,telangana,karimnagar ,2020,2,6621194087.94509,3030914
14178,telangana,mancherial ,2020,2,4472790687.891081,2131238
14179,telangana,pet ,2020,2,5240899389.901978,2417054
14180,telangana,khammam ,2020,2,7845967966.504283,3329665
14181,telangana,narayanpet ,2018,4,202257814.50564235,100907
14182,telangana,nalgonda ,2018,4,1111613192.9887385,520637
14183,telangana,jangaon ,2018,4,346124038.98747087,222293
14184,telangana,bhadradri kothagudem ,2018,4,918355288.6277654,362410
14185,telangana,warangal rural ,2018,4,336634711.5174851,262203
14186,telangana,kumuram bheem asifabad ,2018,4,160813736.5722501,97325
14187,telangana,nizamabad ,2018,4,926234374.6704977,370417
14188,telangana,adilabad ,2018,4,247273348.00211674,118804
14189,telangana,ajanna sircilla ,2018,4,395621217.05300003,185776
14190,telangana,nagarkurnool ,2018,4,573964533.5419515,222915
14191,telangana,peddapalle ,2018,4,777939864.6081892,390467
14192,telangana,nirmal ,2018,4,388513382.9418751,202583
14193,telangana,mahabubabad ,2018,4,341056970.7816761,200557
14194,telangana,angareddy ,2018,4,1617023609.7333188,868099
14195,telangana,wanaparthy ,2018,4,317042568.60526896,140124
14196,telangana,vikarabad ,2018,4,380435826.31128454,193959
14197,telangana,jagtial ,2018,4,472342175.39294535,257697
14198,telangana,yadadri bhuvanagiri ,2018,4,679809155.5793705,323192
14199,telangana,medak ,2018,4,383629859.52266073,210913
14200,telangana,mahbubnagar ,2018,4,570068792.8662198,269148
14201,telangana,jaya shankar bhalupally ,2018,4,360390222.87813485,158929
14202,telangana,warangal urban ,2018,4,1553820916.0367613,917418
14203,telangana,angareddy ,2018,4,9396311751.227482,5803319
14204,telangana,hyderabad ,2018,4,14727846731.548256,9360515
14205,telangana,uryapet ,2018,4,651181371.4555665,311173
14206,telangana,jogulamba gadwal ,2018,4,248514480.20406926,137597
14207,telangana,kamareddy ,2018,4,478682154.9852499,239765
14208,telangana,mulugu ,2018,4,148653956.4218364,64094
14209,telangana,medchal malkajgiri ,2018,4,7288821271.332444,4598129
14210,telangana,karimnagar ,2018,4,1058366451.9186106,597642
14211,telangana,mancherial ,2018,4,666703141.0461617,335091
14212,telangana,pet ,2018,4,824913162.382491,414378
14213,telangana,khammam ,2018,4,958128373.8025743,462678
14214,telangana,narayanpet ,2018,1,42264263.62486112,38804
14215,telangana,nalgonda ,2018,1,267825160.50370258,204137
14216,telangana,jangaon ,2018,1,81262680.16798872,80758
14217,telangana,bhadradri kothagudem ,2018,1,235828536.8619343,129015
14218,telangana,warangal rural ,2018,1,79204912.70098737,104385
14219,telangana,kumuram bheem asifabad ,2018,1,29592040.66740245,26226
14220,telangana,nizamabad ,2018,1,174181538.05729407,140986
14221,telangana,adilabad ,2018,1,51488627.32425585,35960
14222,telangana,ajanna sircilla ,2018,1,96136732.16955987,68682
14223,telangana,nagarkurnool ,2018,1,157664183.85690188,83679
14224,telangana,peddapalle ,2018,1,199610181.17809594,169274
14225,telangana,nirmal ,2018,1,86249120.42652902,63804
14226,telangana,mahabubabad ,2018,1,81345319.08381961,73810
14227,telangana,angareddy ,2018,1,399236233.1575477,291510
14228,telangana,wanaparthy ,2018,1,93331113.3949422,53432
14229,telangana,vikarabad ,2018,1,97615071.47672468,70973
14230,telangana,jagtial ,2018,1,119523180.71461841,93840
14231,telangana,yadadri bhuvanagiri ,2018,1,154266151.70031404,119620
14232,telangana,medak ,2018,1,89096759.16651198,74192
14233,telangana,mahbubnagar ,2018,1,141574548.64248246,96136
14234,telangana,jaya shankar bhalupally ,2018,1,76221067.1244818,53916
14235,telangana,warangal urban ,2018,1,421074106.9897361,349165
14236,telangana,angareddy ,2018,1,2677304926.137567,1459174
14237,telangana,hyderabad ,2018,1,4287223789.76588,2545507
14238,telangana,uryapet ,2018,1,149966933.68164492,122502
14239,telangana,jogulamba gadwal ,2018,1,62386167.39526133,50179
14240,telangana,kamareddy ,2018,1,101353626.96050598,84914
14241,telangana,mulugu ,2018,1,42538489.47995929,26582
14242,telangana,medchal malkajgiri ,2018,1,1912837340.5006719,1131530
14243,telangana,karimnagar ,2018,1,271526470.0733862,224324
14244,telangana,mancherial ,2018,1,184652405.3695281,127357
14245,telangana,pet ,2018,1,197965017.999628,144429
14246,telangana,khammam ,2018,1,245857422.18747443,183964
14247,telangana,narayanpet ,2018,3,118885419.59930772,64340
14248,telangana,nalgonda ,2018,3,645159574.9435833,336447
14249,telangana,jangaon ,2018,3,200582619.240067,146075
14250,telangana,bhadradri kothagudem ,2018,3,597006763.4882138,269836
14251,telangana,warangal rural ,2018,3,231352138.6100927,252723
14252,telangana,kumuram bheem asifabad ,2018,3,96999114.92917183,65966
14253,telangana,nizamabad ,2018,3,500986414.16078365,236227
14254,telangana,adilabad ,2018,3,147924241.56173068,82446
14255,telangana,ajanna sircilla ,2018,3,252835234.79050454,139296
14256,telangana,nagarkurnool ,2018,3,329169979.6499027,145768
14257,telangana,peddapalle ,2018,3,548785775.8472054,334825
14258,telangana,nirmal ,2018,3,443226269.8771687,594160
14259,telangana,mahabubabad ,2018,3,192701061.46284273,121114
14260,telangana,angareddy ,2018,3,1010420934.8381689,545979
14261,telangana,wanaparthy ,2018,3,216332721.70536387,100020
14262,telangana,vikarabad ,2018,3,235307091.56088716,129624
14263,telangana,jagtial ,2018,3,297447637.5977055,178792
14264,telangana,yadadri bhuvanagiri ,2018,3,405998913.44494295,229027
14265,telangana,medak ,2018,3,210873693.17207193,121635
14266,telangana,mahbubnagar ,2018,3,366312876.89418334,192249
14267,telangana,jaya shankar bhalupally ,2018,3,230411969.4996421,105682
14268,telangana,warangal urban ,2018,3,1158736730.452106,952314
14269,telangana,angareddy ,2018,3,6264254849.276553,3664948
14270,telangana,hyderabad ,2018,3,9503554478.108147,5786941
14271,telangana,uryapet ,2018,3,383135272.8857628,192967
14272,telangana,jogulamba gadwal ,2018,3,156030687.5594576,84122
14273,telangana,kamareddy ,2018,3,253015072.01284927,143897
14274,telangana,mulugu ,2018,3,93679044.09567732,47313
14275,telangana,medchal malkajgiri ,2018,3,4630531106.973803,2684484
14276,telangana,karimnagar ,2018,3,773038295.5637382,567417
14277,telangana,mancherial ,2018,3,445471278.85699046,256904
14278,telangana,pet ,2018,3,478439233.4826859,259391
14279,telangana,khammam ,2018,3,611486713.5820062,299774
14280,telangana,narayanpet ,2018,2,89720060.39030397,47939
14281,telangana,nalgonda ,2018,2,552006649.1379006,246677
14282,telangana,jangaon ,2018,2,159864210.6172798,88566
14283,telangana,bhadradri kothagudem ,2018,2,504562629.3259425,189793
14284,telangana,warangal rural ,2018,2,164179709.48779964,118577
14285,telangana,kumuram bheem asifabad ,2018,2,71492908.14953437,46393
14286,telangana,nizamabad ,2018,2,441558654.5928928,176790
14287,telangana,adilabad ,2018,2,111298713.58007899,54205
14288,telangana,ajanna sircilla ,2018,2,177087238.58279282,82594
14289,telangana,nagarkurnool ,2018,2,295093168.41172683,113222
14290,telangana,peddapalle ,2018,2,413454435.3323817,214900
14291,telangana,nirmal ,2018,2,173547534.12750036,74066
14292,telangana,mahabubabad ,2018,2,179040419.1403302,91024
14293,telangana,angareddy ,2018,2,717109835.7001467,370126
14294,telangana,wanaparthy ,2018,2,187147837.5948974,75180
14295,telangana,vikarabad ,2018,2,183439927.22003388,93946
14296,telangana,jagtial ,2018,2,246501745.5451079,109063
14297,telangana,yadadri bhuvanagiri ,2018,2,291976845.0186141,144108
14298,telangana,medak ,2018,2,177030599.57923824,91916
14299,telangana,mahbubnagar ,2018,2,282509191.5883919,133679
14300,telangana,jaya shankar bhalupally ,2018,2,185124228.22453412,75108
14301,telangana,warangal urban ,2018,2,729207663.2999268,385360
14302,telangana,angareddy ,2018,2,4360690897.522385,1939856
14303,telangana,hyderabad ,2018,2,6628159910.681627,3156805
14304,telangana,uryapet ,2018,2,348270594.81713736,151331
14305,telangana,jogulamba gadwal ,2018,2,121956513.7026067,64504
14306,telangana,kamareddy ,2018,2,220088004.12138897,106971
14307,telangana,mulugu ,2018,2,79124501.43852144,34133
14308,telangana,medchal malkajgiri ,2018,2,3122661501.184857,1459884
14309,telangana,karimnagar ,2018,2,526580356.2041131,253264
14310,telangana,mancherial ,2018,2,358913706.5436819,158011
14311,telangana,pet ,2018,2,385342488.413329,177205
14312,telangana,khammam ,2018,2,532458838.37570375,239474
14313,telangana,narayanpet ,2024,1,18611158908.0,10201467
14314,telangana,nalgonda ,2024,1,98606283408.0,57098940
14315,telangana,jangaon ,2024,1,33216071370.0,19229618
14316,telangana,bhadradri kothagudem ,2024,1,60863648013.0,37673480
14317,telangana,warangal rural ,2024,1,31578013498.0,18625583
14318,telangana,kumuram bheem asifabad ,2024,1,15133371618.0,10139006
14319,telangana,nizamabad ,2024,1,88712501584.0,47460405
14320,telangana,adilabad ,2024,1,24468786633.0,14751478
14321,telangana,ajanna sircilla ,2024,1,30008554008.0,16679313
14322,telangana,nagarkurnool ,2024,1,46808593282.0,26142010
14323,telangana,peddapalle ,2024,1,46949256564.0,30184794
14324,telangana,nirmal ,2024,1,33494947489.0,17001564
14325,telangana,mahabubabad ,2024,1,30123718944.0,18428448
14326,telangana,angareddy ,2024,1,152357205148.0,107498888
14327,telangana,wanaparthy ,2024,1,25455299068.0,14465541
14328,telangana,vikarabad ,2024,1,36634035157.0,22963261
14329,telangana,jagtial ,2024,1,50258067293.0,24691535
14330,telangana,yadadri bhuvanagiri ,2024,1,53908150311.0,32381047
14331,telangana,medak ,2024,1,31042128010.0,19795126
14332,telangana,mahbubnagar ,2024,1,51064311781.0,32817864
14333,telangana,jaya shankar bhalupally ,2024,1,20800623867.0,12118427
14334,telangana,warangal urban ,2024,1,114560592674.0,70551596
14335,telangana,angareddy ,2024,1,658571093582.0,488047529
14336,telangana,hyderabad ,2024,1,527685058004.0,402314318
14337,telangana,uryapet ,2024,1,58977021106.0,34201948
14338,telangana,jogulamba gadwal ,2024,1,26837232472.0,15209824
14339,telangana,kamareddy ,2024,1,37572705737.0,22155140
14340,telangana,mulugu ,2024,1,15199452325.0,8605687
14341,telangana,medchal malkajgiri ,2024,1,499878493547.0,380041109
14342,telangana,karimnagar ,2024,1,78799936388.0,46640034
14343,telangana,mancherial ,2024,1,52253609240.0,32326866
14344,telangana,pet ,2024,1,67849417784.0,38675119
14345,telangana,khammam ,2024,1,85489962260.0,50268342
14346,lakshadweep,lakshadweep ,2021,4,50998185.528381005,15470
14347,lakshadweep,lakshadweep ,2021,1,27042782.914081153,9085
14348,lakshadweep,lakshadweep ,2021,3,38803163.698768154,13370
14349,lakshadweep,lakshadweep ,2021,2,27383463.65795153,11384
14350,lakshadweep,lakshadweep ,2019,4,11269913.40492385,3765
14351,lakshadweep,lakshadweep ,2019,1,8786130.479338996,2481
14352,lakshadweep,lakshadweep ,2019,3,9651761.463768471,3104
14353,lakshadweep,lakshadweep ,2019,2,9242524.13698889,2926
14354,lakshadweep,lakshadweep ,2023,4,119831383.0,63479
14355,lakshadweep,lakshadweep ,2023,1,85321961.0,29520
14356,lakshadweep,lakshadweep ,2023,3,94527061.0,43757
14357,lakshadweep,lakshadweep ,2023,2,97987438.0,34918
14358,lakshadweep,lakshadweep ,2022,4,54813873.61493625,17147
14359,lakshadweep,lakshadweep ,2022,1,54939432.65393007,16397
14360,lakshadweep,lakshadweep ,2022,3,47580009.61750026,15241
14361,lakshadweep,lakshadweep ,2022,2,55929601.98990567,17569
14362,lakshadweep,lakshadweep ,2020,4,30111317.91708039,11650
14363,lakshadweep,lakshadweep ,2020,1,13502368.574504208,5151
14364,lakshadweep,lakshadweep ,2020,3,21306833.308656827,8589
14365,lakshadweep,lakshadweep ,2020,2,16942922.085944396,7220
14366,lakshadweep,lakshadweep ,2018,4,4463213.698222831,1642
14367,lakshadweep,lakshadweep ,2018,1,1928611.1808777403,778
14368,lakshadweep,lakshadweep ,2018,3,4339032.311985849,1703
14369,lakshadweep,lakshadweep ,2018,2,6187809.539400538,2132
14370,lakshadweep,lakshadweep ,2024,1,130052381.0,81176
14371,chandigarh,handigarh ,2021,4,14373583510.61845,7898903
14372,chandigarh,handigarh ,2021,1,7596420859.545994,3970237
14373,chandigarh,handigarh ,2021,3,11815883004.693304,6649378
14374,chandigarh,handigarh ,2021,2,8417673939.936101,4417547
14375,chandigarh,handigarh ,2019,4,4152513817.939354,1850915
14376,chandigarh,handigarh ,2019,1,2396032050.444029,1274476
14377,chandigarh,handigarh ,2019,3,3269682087.660841,1506543
14378,chandigarh,handigarh ,2019,2,2693116098.9444556,1252470
14379,chandigarh,handigarh ,2023,4,16281223001.0,13280078
14380,chandigarh,handigarh ,2023,1,12824894394.0,9815605
14381,chandigarh,handigarh ,2023,3,15426783311.0,13052165
14382,chandigarh,handigarh ,2023,2,14414408750.0,11553687
14383,chandigarh,handigarh ,2022,4,27879754566.939415,17904840
14384,chandigarh,handigarh ,2022,1,15174991549.84,8600491
14385,chandigarh,handigarh ,2022,3,20559757737.405857,13478173
14386,chandigarh,handigarh ,2022,2,17283500158.371002,10772489
14387,chandigarh,handigarh ,2020,4,6146762901.349346,2912716
14388,chandigarh,handigarh ,2020,1,5126453070.016205,2262511
14389,chandigarh,handigarh ,2020,3,5089809353.36507,2158086
14390,chandigarh,handigarh ,2020,2,3847015729.690074,1528010
14391,chandigarh,handigarh ,2018,4,2032591591.779975,905116
14392,chandigarh,handigarh ,2018,1,613435420.8676233,381895
14393,chandigarh,handigarh ,2018,3,1369354447.5343118,616936
14394,chandigarh,handigarh ,2018,2,961223261.74473,479084
14395,chandigarh,handigarh ,2024,1,15842176181.0,13155173
14396,mizoram,erchhip ,2021,4,58127189.330209725,21092
14397,mizoram,aizawl ,2021,4,1021257676.3595349,317555
14398,mizoram,lunglei ,2021,4,193267816.72749364,62996
14399,mizoram,mamit ,2021,4,76910208.12744261,28553
14400,mizoram,lawngtlai ,2021,4,152734951.83765793,47572
14401,mizoram,kolasib ,2021,4,113743718.86428112,37950
14402,mizoram,hamphai ,2021,4,100501231.3416473,25625
14403,mizoram,aiha ,2021,4,54122948.934775494,11986
14404,mizoram,erchhip ,2021,1,42644166.311948836,12877
14405,mizoram,aizawl ,2021,1,609359098.2421973,182220
14406,mizoram,lunglei ,2021,1,133262456.0307964,40131
14407,mizoram,mamit ,2021,1,51226307.47618229,18670
14408,mizoram,lawngtlai ,2021,1,106154307.36708316,31658
14409,mizoram,kolasib ,2021,1,71207105.1965721,22212
14410,mizoram,hamphai ,2021,1,51873702.94129371,13769
14411,mizoram,aiha ,2021,1,35378443.37986354,8038
14412,mizoram,erchhip ,2021,3,54838260.2224697,19902
14413,mizoram,aizawl ,2021,3,865537331.9432542,276340
14414,mizoram,lunglei ,2021,3,157303231.44253838,55054
14415,mizoram,mamit ,2021,3,65856355.67206964,22878
14416,mizoram,lawngtlai ,2021,3,130625157.50867543,44431
14417,mizoram,kolasib ,2021,3,84157970.6374866,30064
14418,mizoram,hamphai ,2021,3,71974971.0552853,18678
14419,mizoram,aiha ,2021,3,43455371.73017335,11182
14420,mizoram,erchhip ,2021,2,39541209.17776598,15664
14421,mizoram,aizawl ,2021,2,635733236.9899334,222893
14422,mizoram,lunglei ,2021,2,125798685.12915294,46084
14423,mizoram,mamit ,2021,2,51797964.37426141,20464
14424,mizoram,lawngtlai ,2021,2,110575273.85365936,38779
14425,mizoram,kolasib ,2021,2,66068598.117042184,23910
14426,mizoram,hamphai ,2021,2,52313277.17825453,15913
14427,mizoram,aiha ,2021,2,41046228.48202239,10633
14428,mizoram,erchhip ,2019,4,15064874.565576479,5889
14429,mizoram,aizawl ,2019,4,215337713.34849542,68532
14430,mizoram,lunglei ,2019,4,42919898.6938625,15344
14431,mizoram,mamit ,2019,4,16925628.21634368,8468
14432,mizoram,lawngtlai ,2019,4,22279514.789250825,8069
14433,mizoram,kolasib ,2019,4,24470971.73397691,11051
14434,mizoram,hamphai ,2019,4,17885681.11019664,4878
14435,mizoram,aiha ,2019,4,13805068.176785678,3008
14436,mizoram,erchhip ,2019,1,9972286.162915044,2964
14437,mizoram,aizawl ,2019,1,125499167.4513055,40608
14438,mizoram,lunglei ,2019,1,24562628.04677686,8092
14439,mizoram,mamit ,2019,1,15141345.457853137,5400
14440,mizoram,lawngtlai ,2019,1,12077236.041769966,3749
14441,mizoram,kolasib ,2019,1,15775791.308525538,5590
14442,mizoram,hamphai ,2019,1,6683655.297350604,1865
14443,mizoram,aiha ,2019,1,8448785.630905889,2038
14444,mizoram,erchhip ,2019,3,12447829.176727356,4389
14445,mizoram,aizawl ,2019,3,162632861.96810922,54796
14446,mizoram,lunglei ,2019,3,34090897.89113889,13305
14447,mizoram,mamit ,2019,3,14161494.187527731,6296
14448,mizoram,lawngtlai ,2019,3,14593963.455838619,6097
14449,mizoram,kolasib ,2019,3,17976086.411676798,6977
14450,mizoram,hamphai ,2019,3,12151523.038879696,3512
14451,mizoram,aiha ,2019,3,10739243.821443643,2722
14452,mizoram,erchhip ,2019,2,10740915.810445426,2917
14453,mizoram,aizawl ,2019,2,147150855.43357453,45257
14454,mizoram,lunglei ,2019,2,29564431.131805927,8919
14455,mizoram,mamit ,2019,2,15936975.402700387,5047
14456,mizoram,lawngtlai ,2019,2,12828264.165793028,4502
14457,mizoram,kolasib ,2019,2,15941097.796656493,5077
14458,mizoram,hamphai ,2019,2,7970010.188288981,2055
14459,mizoram,aiha ,2019,2,7884158.20574963,1897
14460,mizoram,erchhip ,2023,4,146216988.0,60241
14461,mizoram,aizawl ,2023,4,1736939028.0,780542
14462,mizoram,lunglei ,2023,4,404021870.0,163967
14463,mizoram,mamit ,2023,4,221318131.0,94566
14464,mizoram,lawngtlai ,2023,4,341405743.0,129497
14465,mizoram,kolasib ,2023,4,366968476.0,155636
14466,mizoram,hamphai ,2023,4,171711322.0,67268
14467,mizoram,aiha ,2023,4,152258725.0,49011
14468,mizoram,erchhip ,2023,1,123979875.0,47296
14469,mizoram,aizawl ,2023,1,1341466173.0,504609
14470,mizoram,lunglei ,2023,1,370554828.0,133494
14471,mizoram,mamit ,2023,1,203623313.0,70712
14472,mizoram,lawngtlai ,2023,1,302696707.0,100980
14473,mizoram,kolasib ,2023,1,285504599.0,101803
14474,mizoram,hamphai ,2023,1,197355098.0,60149
14475,mizoram,aiha ,2023,1,130442146.0,33552
14476,mizoram,erchhip ,2023,3,132491025.0,58254
14477,mizoram,aizawl ,2023,3,1543440692.0,685462
14478,mizoram,lunglei ,2023,3,351803351.0,141180
14479,mizoram,mamit ,2023,3,178963303.0,79763
14480,mizoram,lawngtlai ,2023,3,317228377.0,113307
14481,mizoram,kolasib ,2023,3,295784977.0,134018
14482,mizoram,hamphai ,2023,3,156896799.0,56753
14483,mizoram,aiha ,2023,3,129521711.0,41676
14484,mizoram,erchhip ,2023,2,133368970.0,59329
14485,mizoram,aizawl ,2023,2,1487286801.0,591532
14486,mizoram,lunglei ,2023,2,370416278.0,143000
14487,mizoram,mamit ,2023,2,210372609.0,78957
14488,mizoram,lawngtlai ,2023,2,363557404.0,118358
14489,mizoram,kolasib ,2023,2,294504301.0,115550
14490,mizoram,hamphai ,2023,2,181668968.0,62301
14491,mizoram,aiha ,2023,2,150631245.0,39903
14492,mizoram,erchhip ,2022,4,71431982.54694104,25172
14493,mizoram,aizawl ,2022,4,1054341698.8459929,360350
14494,mizoram,lunglei ,2022,4,275164384.7691406,99571
14495,mizoram,mamit ,2022,4,111490213.09424148,39889
14496,mizoram,lawngtlai ,2022,4,176322495.4134693,60120
14497,mizoram,kolasib ,2022,4,157046232.3046887,55854
14498,mizoram,hamphai ,2022,4,110073440.44820769,33252
14499,mizoram,aiha ,2022,4,82040637.84033793,19566
14500,mizoram,erchhip ,2022,1,73577504.13530782,25542
14501,mizoram,aizawl ,2022,1,1081700361.9959884,341192
14502,mizoram,lunglei ,2022,1,225762310.6230601,70118
14503,mizoram,mamit ,2022,1,85615813.92389987,31141
14504,mizoram,lawngtlai ,2022,1,177710904.92789966,52546
14505,mizoram,kolasib ,2022,1,131565353.72167373,41730
14506,mizoram,hamphai ,2022,1,104778862.41112824,28284
14507,mizoram,aiha ,2022,1,64447851.87228675,14364
14508,mizoram,erchhip ,2022,3,65622336.99787671,23168
14509,mizoram,aizawl ,2022,3,1129120156.9892113,383546
14510,mizoram,lunglei ,2022,3,231838246.93491793,81428
14511,mizoram,mamit ,2022,3,88879142.37748808,32604
14512,mizoram,lawngtlai ,2022,3,160991694.95874986,52771
14513,mizoram,kolasib ,2022,3,121251949.18563816,44830
14514,mizoram,hamphai ,2022,3,86209300.03437018,25701
14515,mizoram,aiha ,2022,3,62352784.58970161,14990
14516,mizoram,erchhip ,2022,2,72294618.64313027,24248
14517,mizoram,aizawl ,2022,2,1137178791.3961444,364786
14518,mizoram,lunglei ,2022,2,216551898.04095763,71974
14519,mizoram,mamit ,2022,2,98025373.52449822,35643
14520,mizoram,lawngtlai ,2022,2,178078191.45037478,55575
14521,mizoram,kolasib ,2022,2,125315221.5086985,44824
14522,mizoram,hamphai ,2022,2,103805199.37272805,30607
14523,mizoram,aiha ,2022,2,71937273.17240411,16320
14524,mizoram,erchhip ,2020,4,39531569.17092189,14804
14525,mizoram,aizawl ,2020,4,532069401.3249176,166039
14526,mizoram,lunglei ,2020,4,117007241.0363552,41847
14527,mizoram,mamit ,2020,4,48253980.828914225,21383
14528,mizoram,lawngtlai ,2020,4,102209937.65580332,32803
14529,mizoram,kolasib ,2020,4,56473537.93676706,21149
14530,mizoram,hamphai ,2020,4,50140873.98671983,15587
14531,mizoram,aiha ,2020,4,40835573.753559604,8995
14532,mizoram,erchhip ,2020,1,15256865.240079906,7512
14533,mizoram,aizawl ,2020,1,215534588.05424356,78597
14534,mizoram,lunglei ,2020,1,47052524.734837465,19703
14535,mizoram,mamit ,2020,1,21524123.962646015,12136
14536,mizoram,lawngtlai ,2020,1,31918357.190269426,13887
14537,mizoram,kolasib ,2020,1,26364756.939303115,11386
14538,mizoram,hamphai ,2020,1,19712814.749991663,6269
14539,mizoram,aiha ,2020,1,14713548.478265904,4119
14540,mizoram,erchhip ,2020,3,25197852.93925553,10351
14541,mizoram,aizawl ,2020,3,413175918.97011656,136460
14542,mizoram,lunglei ,2020,3,83270436.83501583,30971
14543,mizoram,mamit ,2020,3,28176447.030524082,17199
14544,mizoram,lawngtlai ,2020,3,62210090.16784428,25540
14545,mizoram,kolasib ,2020,3,35985260.690991834,15789
14546,mizoram,hamphai ,2020,3,35131298.73356742,11286
14547,mizoram,aiha ,2020,3,24796870.137284856,7107
14548,mizoram,erchhip ,2020,2,19459795.690984454,10425
14549,mizoram,aizawl ,2020,2,238637352.52940086,93369
14550,mizoram,lunglei ,2020,2,60375778.328148104,27260
14551,mizoram,mamit ,2020,2,24755549.964956302,15352
14552,mizoram,lawngtlai ,2020,2,44085859.538810775,22369
14553,mizoram,kolasib ,2020,2,29350410.444769997,14432
14554,mizoram,hamphai ,2020,2,20817381.347150296,8480
14555,mizoram,aiha ,2020,2,19711305.598098427,6775
14556,mizoram,erchhip ,2018,4,9311124.6379363,2830
14557,mizoram,aizawl ,2018,4,114757156.94931006,31828
14558,mizoram,lunglei ,2018,4,20867419.800037555,6349
14559,mizoram,mamit ,2018,4,12100776.511940831,4168
14560,mizoram,lawngtlai ,2018,4,5862745.984908307,2341
14561,mizoram,kolasib ,2018,4,13882638.975375153,4701
14562,mizoram,hamphai ,2018,4,6092672.776851988,1726
14563,mizoram,aiha ,2018,4,7552316.893169428,1299
14564,mizoram,erchhip ,2018,1,1729998.4078016216,691
14565,mizoram,aizawl ,2018,1,27918980.947612707,12006
14566,mizoram,lunglei ,2018,1,2350555.3184242332,1604
14567,mizoram,mamit ,2018,1,5729263.410353888,1133
14568,mizoram,lawngtlai ,2018,1,547180.2110017058,735
14569,mizoram,kolasib ,2018,1,3891685.392413744,1457
14570,mizoram,hamphai ,2018,1,871005.7153709702,453
14571,mizoram,aiha ,2018,1,2188550.572811981,482
14572,mizoram,erchhip ,2018,3,6572902.580575922,2133
14573,mizoram,aizawl ,2018,3,72031541.21772185,24199
14574,mizoram,lunglei ,2018,3,12189472.093972277,4716
14575,mizoram,mamit ,2018,3,5446959.531490731,2247
14576,mizoram,lawngtlai ,2018,3,3422241.331497662,1231
14577,mizoram,kolasib ,2018,3,6563816.625400645,2631
14578,mizoram,hamphai ,2018,3,4369317.524420092,1099
14579,mizoram,aiha ,2018,3,6004487.220311114,1060
14580,mizoram,erchhip ,2018,2,3831939.5692156893,1237
14581,mizoram,aizawl ,2018,2,48340497.162337765,16353
14582,mizoram,lunglei ,2018,2,6814747.054434758,3249
14583,mizoram,mamit ,2018,2,10477582.990376014,1813
14584,mizoram,lawngtlai ,2018,2,1375226.7520610169,627
14585,mizoram,kolasib ,2018,2,5117340.437229811,2092
14586,mizoram,hamphai ,2018,2,2204311.92373675,834
14587,mizoram,aiha ,2018,2,5346759.668342534,846
14588,mizoram,erchhip ,2024,1,147392179.0,65889
14589,mizoram,aizawl ,2024,1,1679426368.0,818787
14590,mizoram,lunglei ,2024,1,430369269.0,183807
14591,mizoram,mamit ,2024,1,242076766.0,103195
14592,mizoram,lawngtlai ,2024,1,367265052.0,148817
14593,mizoram,kolasib ,2024,1,428839081.0,183165
14594,mizoram,hamphai ,2024,1,180323530.0,74670
14595,mizoram,aiha ,2024,1,154404485.0,48686
14596,maharashtra,jalgaon ,2021,4,26909954530.424908,15456402
14597,maharashtra,latur ,2021,4,20736966202.77146,12678966
14598,maharashtra,hane ,2021,4,82756618879.3905,58731186
14599,maharashtra,bhandara ,2021,4,5371508386.170332,3014353
14600,maharashtra,nandurbar ,2021,4,5793563146.987923,3087075
14601,maharashtra,handrapur ,2021,4,10412294822.20895,7009727
14602,maharashtra,kolhapur ,2021,4,23311142306.113045,15202155
14603,maharashtra,olapur ,2021,4,53557566277.62863,29893044
14604,maharashtra,mumbai ,2021,4,27535270022.96809,15677222
14605,maharashtra,ndhudurg ,2021,4,2234445565.547666,1243850
14606,maharashtra,hule ,2021,4,13203246956.782043,7402020
14607,maharashtra,wardha ,2021,4,5948081630.188509,3741381
14608,maharashtra,parbhani ,2021,4,13987558040.08242,8899067
14609,maharashtra,mumbai suburban ,2021,4,134616103622.6073,92733033
14610,maharashtra,hingoli ,2021,4,5448438919.118406,2951247
14611,maharashtra,atnagiri ,2021,4,3804549056.2868958,2267617
14612,maharashtra,nanded ,2021,4,23236313336.13468,12362404
14613,maharashtra,osmanabad ,2021,4,14851847464.126001,8478583
14614,maharashtra,nagpur ,2021,4,55504861303.1382,37294016
14615,maharashtra,buldhana ,2021,4,18366614804.863438,9965367
14616,maharashtra,nashik ,2021,4,77325087055.88705,50753398
14617,maharashtra,akola ,2021,4,9105402246.049797,5575093
14618,maharashtra,yavatmal ,2021,4,11009717772.045103,6325995
14619,maharashtra,aurangabad ,2021,4,58225600205.240555,42089766
14620,maharashtra,amravati ,2021,4,18826698543.57356,10748480
14621,maharashtra,washim ,2021,4,108918964843.63312,58312102
14622,maharashtra,angli ,2021,4,19350815032.954494,11336302
14623,maharashtra,gadchiroli ,2021,4,3876064979.5170345,2019389
14624,maharashtra,aigad ,2021,4,27241010089.09033,19999796
14625,maharashtra,palghar ,2021,4,21820045142.227596,15141805
14626,maharashtra,jalna ,2021,4,14344117826.989296,8350020
14627,maharashtra,gondia ,2021,4,5371056519.087561,2933396
14628,maharashtra,ahmednagar ,2021,4,53652623922.42543,30809337
14629,maharashtra,pune ,2021,4,454584743765.0556,371337618
14630,maharashtra,beed ,2021,4,21562077522.84112,10966370
14631,maharashtra,atara ,2021,4,22557502388.35908,15943920
14632,maharashtra,jalgaon ,2021,1,13436630175.753107,7125707
14633,maharashtra,latur ,2021,1,10272773258.588238,5760464
14634,maharashtra,hane ,2021,1,48840960311.87904,33503449
14635,maharashtra,bhandara ,2021,1,2913849252.9130535,1564520
14636,maharashtra,nandurbar ,2021,1,2901763348.7850657,1383515
14637,maharashtra,handrapur ,2021,1,5069729588.572804,3151866
14638,maharashtra,kolhapur ,2021,1,11901398334.29837,7652720
14639,maharashtra,olapur ,2021,1,26445846333.97523,13720797
14640,maharashtra,mumbai ,2021,1,15047988751.590004,8188922
14641,maharashtra,ndhudurg ,2021,1,1257865634.0263405,687743
14642,maharashtra,hule ,2021,1,6669525561.754,3403609
14643,maharashtra,wardha ,2021,1,3127038656.9324656,1840914
14644,maharashtra,parbhani ,2021,1,6070517241.173687,3263936
14645,maharashtra,mumbai suburban ,2021,1,75911506798.24136,49079788
14646,maharashtra,hingoli ,2021,1,2500851214.1490774,1278417
14647,maharashtra,atnagiri ,2021,1,2129551543.4130135,1238194
14648,maharashtra,nanded ,2021,1,10853543031.67955,5176083
14649,maharashtra,osmanabad ,2021,1,7459855804.480752,3859502
14650,maharashtra,nagpur ,2021,1,31261594334.217766,20132732
14651,maharashtra,buldhana ,2021,1,9192518486.187069,4321520
14652,maharashtra,nashik ,2021,1,41832846588.20086,27235543
14653,maharashtra,akola ,2021,1,4313676653.103065,2410033
14654,maharashtra,yavatmal ,2021,1,5192118900.718618,2673201
14655,maharashtra,aurangabad ,2021,1,29945191784.134216,20324679
14656,maharashtra,amravati ,2021,1,9628361958.166653,5370072
14657,maharashtra,washim ,2021,1,32164445523.209106,16119131
14658,maharashtra,angli ,2021,1,9850670767.038408,5514760
14659,maharashtra,gadchiroli ,2021,1,2010484968.1852307,959325
14660,maharashtra,aigad ,2021,1,15596964081.61911,10673549
14661,maharashtra,palghar ,2021,1,12738143184.389732,8313771
14662,maharashtra,jalna ,2021,1,7135028200.598163,3795010
14663,maharashtra,gondia ,2021,1,2892659242.6240034,1400318
14664,maharashtra,ahmednagar ,2021,1,27709537707.314117,14942900
14665,maharashtra,pune ,2021,1,253623629237.65793,208930588
14666,maharashtra,beed ,2021,1,10322699960.987194,4851168
14667,maharashtra,atara ,2021,1,11665585732.692352,8011794
14668,maharashtra,jalgaon ,2021,3,20222318554.82865,11683707
14669,maharashtra,latur ,2021,3,15056539122.121685,9248789
14670,maharashtra,hane ,2021,3,66370065441.36949,46296081
14671,maharashtra,bhandara ,2021,3,4177653275.8378654,2346620
14672,maharashtra,nandurbar ,2021,3,4289557263.3032947,2294230
14673,maharashtra,handrapur ,2021,3,7710188968.380587,5223272
14674,maharashtra,kolhapur ,2021,3,17285308890.913483,11008132
14675,maharashtra,olapur ,2021,3,41800216299.60483,22642205
14676,maharashtra,mumbai ,2021,3,20168312966.816475,11491677
14677,maharashtra,ndhudurg ,2021,3,1629829529.5913053,901040
14678,maharashtra,hule ,2021,3,10014453951.958511,5529023
14679,maharashtra,wardha ,2021,3,4424402893.294242,2839183
14680,maharashtra,parbhani ,2021,3,10674377409.491228,6675022
14681,maharashtra,mumbai suburban ,2021,3,100494598469.06511,67846531
14682,maharashtra,hingoli ,2021,3,3965562680.570984,2161199
14683,maharashtra,atnagiri ,2021,3,2812554265.7598977,1682108
14684,maharashtra,nanded ,2021,3,16631083455.668392,8916177
14685,maharashtra,osmanabad ,2021,3,10879099861.925121,6137588
14686,maharashtra,nagpur ,2021,3,44274024437.65408,29998841
14687,maharashtra,buldhana ,2021,3,13612640871.006664,7413428
14688,maharashtra,nashik ,2021,3,60198709473.80904,39927545
14689,maharashtra,akola ,2021,3,6724928544.7167,4155570
14690,maharashtra,yavatmal ,2021,3,8082506308.227329,4696326
14691,maharashtra,aurangabad ,2021,3,45343695947.53139,32667108
14692,maharashtra,amravati ,2021,3,13891877202.076294,8512827
14693,maharashtra,washim ,2021,3,89156949627.79578,47716080
14694,maharashtra,angli ,2021,3,14641584802.926895,8352537
14695,maharashtra,gadchiroli ,2021,3,2975813665.779912,1543698
14696,maharashtra,aigad ,2021,3,21716387176.677456,15666356
14697,maharashtra,palghar ,2021,3,17245742713.72838,11918989
14698,maharashtra,jalna ,2021,3,10808380341.003181,6262192
14699,maharashtra,gondia ,2021,3,4202183466.3787003,2236319
14700,maharashtra,ahmednagar ,2021,3,41445914645.10296,23270731
14701,maharashtra,pune ,2021,3,372243656247.4718,303322956
14702,maharashtra,beed ,2021,3,16758879510.504045,8279040
14703,maharashtra,atara ,2021,3,17327306884.54817,12010933
14704,maharashtra,jalgaon ,2021,2,17827507489.14714,9203822
14705,maharashtra,latur ,2021,2,12775603482.762703,6926698
14706,maharashtra,hane ,2021,2,51834001818.133484,34695330
14707,maharashtra,bhandara ,2021,2,3497598608.1527295,1822721
14708,maharashtra,nandurbar ,2021,2,3685674679.0347614,1769625
14709,maharashtra,handrapur ,2021,2,6284653560.530261,3869197
14710,maharashtra,kolhapur ,2021,2,13193153731.663414,8091062
14711,maharashtra,olapur ,2021,2,33876247851.21455,16828619
14712,maharashtra,mumbai ,2021,2,13269905417.180565,7493859
14713,maharashtra,ndhudurg ,2021,2,1343035806.176563,744195
14714,maharashtra,hule ,2021,2,8554199986.261333,4332008
14715,maharashtra,wardha ,2021,2,3699297144.8283005,2139522
14716,maharashtra,parbhani ,2021,2,8209849173.250013,4436069
14717,maharashtra,mumbai suburban ,2021,2,79709409341.93018,51172626
14718,maharashtra,hingoli ,2021,2,3436318356.586167,1723420
14719,maharashtra,atnagiri ,2021,2,2433599392.9835916,1425394
14720,maharashtra,nanded ,2021,2,14281557245.034132,6605754
14721,maharashtra,osmanabad ,2021,2,9350468423.935925,4779631
14722,maharashtra,nagpur ,2021,2,36690120293.721405,22506189
14723,maharashtra,buldhana ,2021,2,12195032520.59851,5761237
14724,maharashtra,nashik ,2021,2,47825836433.598206,28391827
14725,maharashtra,akola ,2021,2,5603968802.647449,3118344
14726,maharashtra,yavatmal ,2021,2,6810703585.523739,3570984
14727,maharashtra,aurangabad ,2021,2,36191383377.4905,23744887
14728,maharashtra,amravati ,2021,2,11779345148.384516,6482349
14729,maharashtra,washim ,2021,2,55251595071.35002,27190170
14730,maharashtra,angli ,2021,2,11675925279.769922,6227375
14731,maharashtra,gadchiroli ,2021,2,2440258252.3546357,1212525
14732,maharashtra,aigad ,2021,2,16915509520.363083,11509927
14733,maharashtra,palghar ,2021,2,12997801116.852173,8657621
14734,maharashtra,jalna ,2021,2,9302678916.188164,4973393
14735,maharashtra,gondia ,2021,2,3601577353.6618857,1714392
14736,maharashtra,ahmednagar ,2021,2,32660327252.892723,16869500
14737,maharashtra,pune ,2021,2,298657497266.993,218732925
14738,maharashtra,beed ,2021,2,13880929754.80759,6303927
14739,maharashtra,atara ,2021,2,13372484167.690807,8589362
14740,maharashtra,jalgaon ,2019,4,3522575733.969164,2235555
14741,maharashtra,latur ,2019,4,2684939406.6432924,1574163
14742,maharashtra,hane ,2019,4,20280076921.035427,13830713
14743,maharashtra,bhandara ,2019,4,805259870.3223202,556898
14744,maharashtra,nandurbar ,2019,4,683745126.3967273,384764
14745,maharashtra,handrapur ,2019,4,1375587784.4403105,909203
14746,maharashtra,kolhapur ,2019,4,3475989478.1149535,2441776
14747,maharashtra,olapur ,2019,4,6462184396.413737,3759589
14748,maharashtra,mumbai ,2019,4,29174555412.502365,14329105
14749,maharashtra,ndhudurg ,2019,4,370375053.0404189,254829
14750,maharashtra,hule ,2019,4,1668923516.7419007,960516
14751,maharashtra,wardha ,2019,4,983370585.2997658,660720
14752,maharashtra,parbhani ,2019,4,1325863293.0764506,798141
14753,maharashtra,mumbai suburban ,2019,4,20156220719.157547,12837253
14754,maharashtra,hingoli ,2019,4,652664241.1906353,400633
14755,maharashtra,atnagiri ,2019,4,659536071.5299144,446975
14756,maharashtra,nanded ,2019,4,2661286483.782838,1570164
14757,maharashtra,osmanabad ,2019,4,1878342242.4175327,1031345
14758,maharashtra,nagpur ,2019,4,10735621488.951063,8223885
14759,maharashtra,buldhana ,2019,4,2461875481.2815948,1362337
14760,maharashtra,nashik ,2019,4,12613474576.88743,10054198
14761,maharashtra,akola ,2019,4,1176167689.9178164,790624
14762,maharashtra,yavatmal ,2019,4,1288427242.8575473,814563
14763,maharashtra,aurangabad ,2019,4,10014948231.036003,8161133
14764,maharashtra,amravati ,2019,4,3104891522.492619,2436587
14765,maharashtra,washim ,2019,4,824112268.4689127,485744
14766,maharashtra,angli ,2019,4,2481750506.8464704,1588563
14767,maharashtra,gadchiroli ,2019,4,594431236.2992276,351716
14768,maharashtra,aigad ,2019,4,5355626917.650449,3562595
14769,maharashtra,palghar ,2019,4,4907450613.265228,3271051
14770,maharashtra,jalna ,2019,4,1920892462.687704,1196313
14771,maharashtra,gondia ,2019,4,826397018.9859416,514670
14772,maharashtra,ahmednagar ,2019,4,7088367322.63547,4236391
14773,maharashtra,pune ,2019,4,103270644868.1607,91666565
14774,maharashtra,beed ,2019,4,2276197458.918973,1213228
14775,maharashtra,atara ,2019,4,3231655556.129589,2348115
14776,maharashtra,jalgaon ,2019,1,1704195097.8185358,1166142
14777,maharashtra,latur ,2019,1,1277230492.0647025,814951
14778,maharashtra,hane ,2019,1,10262365751.639568,6590587
14779,maharashtra,bhandara ,2019,1,426999029.54591537,328528
14780,maharashtra,nandurbar ,2019,1,349111023.6670804,206076
14781,maharashtra,handrapur ,2019,1,720273330.3126861,509133
14782,maharashtra,kolhapur ,2019,1,1733326289.846639,1373093
14783,maharashtra,olapur ,2019,1,2915291684.2363386,1711532
14784,maharashtra,mumbai ,2019,1,14116666928.151258,8672352
14785,maharashtra,ndhudurg ,2019,1,216638644.27818528,159703
14786,maharashtra,hule ,2019,1,778664915.1311553,481989
14787,maharashtra,wardha ,2019,1,519500777.51880926,406198
14788,maharashtra,parbhani ,2019,1,607842380.3296355,406124
14789,maharashtra,mumbai suburban ,2019,1,10706972932.399765,6743762
14790,maharashtra,hingoli ,2019,1,321855147.6451644,223427
14791,maharashtra,atnagiri ,2019,1,398004227.60984457,258764
14792,maharashtra,nanded ,2019,1,1239777865.9544663,817852
14793,maharashtra,osmanabad ,2019,1,808510690.94927,465021
14794,maharashtra,nagpur ,2019,1,4445200035.812227,3417783
14795,maharashtra,buldhana ,2019,1,1115611509.3097343,749376
14796,maharashtra,nashik ,2019,1,4544409151.206467,2967544
14797,maharashtra,akola ,2019,1,573192717.506301,401169
14798,maharashtra,yavatmal ,2019,1,637806093.7729484,423865
14799,maharashtra,aurangabad ,2019,1,3834151759.410431,2792378
14800,maharashtra,amravati ,2019,1,1160772454.2197258,891044
14801,maharashtra,washim ,2019,1,316764165.2418689,223071
14802,maharashtra,angli ,2019,1,1229806747.846142,817265
14803,maharashtra,gadchiroli ,2019,1,295257579.6120825,188507
14804,maharashtra,aigad ,2019,1,2711861730.937457,1659791
14805,maharashtra,palghar ,2019,1,2564696463.010165,1719894
14806,maharashtra,jalna ,2019,1,829777003.2250216,540378
14807,maharashtra,gondia ,2019,1,451807951.9655386,318147
14808,maharashtra,ahmednagar ,2019,1,2957722310.1799498,1729326
14809,maharashtra,pune ,2019,1,32233517413.825317,23360634
14810,maharashtra,beed ,2019,1,961104354.072164,559625
14811,maharashtra,atara ,2019,1,1454004270.0928822,984038
14812,maharashtra,jalgaon ,2019,3,2407096455.998979,1539403
14813,maharashtra,latur ,2019,3,1822300594.3337283,1113069
14814,maharashtra,hane ,2019,3,16108408586.919155,11231012
14815,maharashtra,bhandara ,2019,3,595245230.2846107,431793
14816,maharashtra,nandurbar ,2019,3,483568002.77195525,277232
14817,maharashtra,handrapur ,2019,3,988514700.4318708,687068
14818,maharashtra,kolhapur ,2019,3,2378707449.775131,1767210
14819,maharashtra,olapur ,2019,3,4598818500.230581,2841225
14820,maharashtra,mumbai ,2019,3,19947302478.272934,10401047
14821,maharashtra,ndhudurg ,2019,3,286914091.67686176,211699
14822,maharashtra,hule ,2019,3,1121757551.4396381,653540
14823,maharashtra,wardha ,2019,3,750934405.0869465,537284
14824,maharashtra,parbhani ,2019,3,915373769.8147234,568673
14825,maharashtra,mumbai suburban ,2019,3,15257508401.083763,10319061
14826,maharashtra,hingoli ,2019,3,468030814.6412908,299371
14827,maharashtra,atnagiri ,2019,3,511184959.7325049,366958
14828,maharashtra,nanded ,2019,3,1849133738.7942169,1095647
14829,maharashtra,osmanabad ,2019,3,1287888230.2909613,719297
14830,maharashtra,nagpur ,2019,3,7727440587.3605995,6165553
14831,maharashtra,buldhana ,2019,3,1646026619.5970416,960929
14832,maharashtra,nashik ,2019,3,8460253081.126099,7028066
14833,maharashtra,akola ,2019,3,804373588.7548958,545110
14834,maharashtra,yavatmal ,2019,3,910273809.8689439,597079
14835,maharashtra,aurangabad ,2019,3,6977918217.050415,5823390
14836,maharashtra,amravati ,2019,3,2115345246.2347875,1801245
14837,maharashtra,washim ,2019,3,468356873.8423509,302180
14838,maharashtra,angli ,2019,3,1679396554.4795327,1106146
14839,maharashtra,gadchiroli ,2019,3,454327510.01170886,278888
14840,maharashtra,aigad ,2019,3,4158566617.3787413,2748252
14841,maharashtra,palghar ,2019,3,3821592289.5796437,2699901
14842,maharashtra,jalna ,2019,3,1308056579.4848018,855316
14843,maharashtra,gondia ,2019,3,622169383.2018278,397041
14844,maharashtra,ahmednagar ,2019,3,4766032718.090915,2826165
14845,maharashtra,pune ,2019,3,78128868958.397,67093416
14846,maharashtra,beed ,2019,3,1592813356.4192545,855427
14847,maharashtra,atara ,2019,3,2197006792.497435,1590888
14848,maharashtra,jalgaon ,2019,2,1987153740.4139466,1123667
14849,maharashtra,latur ,2019,2,1532318207.0064433,821241
14850,maharashtra,hane ,2019,2,12313829091.41301,7530876
14851,maharashtra,bhandara ,2019,2,508608915.28491116,329931
14852,maharashtra,nandurbar ,2019,2,406262640.20777524,204845
14853,maharashtra,handrapur ,2019,2,843953477.6624484,505590
14854,maharashtra,kolhapur ,2019,2,1952877334.6990683,1253641
14855,maharashtra,olapur ,2019,2,3474067537.180213,1820589
14856,maharashtra,mumbai ,2019,2,16756255698.406097,9050682
14857,maharashtra,ndhudurg ,2019,2,267975447.90514666,168005
14858,maharashtra,hule ,2019,2,925482256.6605688,484195
14859,maharashtra,wardha ,2019,2,641914714.7828441,403626
14860,maharashtra,parbhani ,2019,2,732188553.3655661,410613
14861,maharashtra,mumbai suburban ,2019,2,11847987142.696594,7064507
14862,maharashtra,hingoli ,2019,2,370793561.13678604,217343
14863,maharashtra,atnagiri ,2019,2,455259892.7583656,278354
14864,maharashtra,nanded ,2019,2,1504083842.9634428,808316
14865,maharashtra,osmanabad ,2019,2,1079435439.4360785,514655
14866,maharashtra,nagpur ,2019,2,6025414879.616595,4188658
14867,maharashtra,buldhana ,2019,2,1389178177.2008069,741166
14868,maharashtra,nashik ,2019,2,5791332953.556848,3923883
14869,maharashtra,akola ,2019,2,683190889.8721962,400952
14870,maharashtra,yavatmal ,2019,2,763726559.9440769,438803
14871,maharashtra,aurangabad ,2019,2,4796542321.512946,3396197
14872,maharashtra,amravati ,2019,2,1571775687.3563461,1157518
14873,maharashtra,washim ,2019,2,401545837.8404983,226637
14874,maharashtra,angli ,2019,2,1395547881.0637069,802674
14875,maharashtra,gadchiroli ,2019,2,376010286.68186516,208387
14876,maharashtra,aigad ,2019,2,3167985278.4983797,1818926
14877,maharashtra,palghar ,2019,2,2904323069.2694864,1781149
14878,maharashtra,jalna ,2019,2,959504219.5128636,531441
14879,maharashtra,gondia ,2019,2,516246159.6392725,302812
14880,maharashtra,ahmednagar ,2019,2,3545962730.754202,1790440
14881,maharashtra,pune ,2019,2,58398808592.1738,44795652
14882,maharashtra,beed ,2019,2,1267243984.0506415,608584
14883,maharashtra,atara ,2019,2,1739683085.5318732,1045298
14884,maharashtra,jalgaon ,2023,4,83558825366.0,56626744
14885,maharashtra,latur ,2023,4,67004660096.0,51515559
14886,maharashtra,hane ,2023,4,209015388352.0,192539402
14887,maharashtra,bhandara ,2023,4,16669952096.0,10737914
14888,maharashtra,nandurbar ,2023,4,18026751711.0,12540037
14889,maharashtra,handrapur ,2023,4,34464247488.0,27262447
14890,maharashtra,kolhapur ,2023,4,59433249423.0,46837332
14891,maharashtra,olapur ,2023,4,169065426325.0,113841137
14892,maharashtra,mumbai ,2023,4,77317355777.0,64843921
14893,maharashtra,ndhudurg ,2023,4,4881507372.0,3531265
14894,maharashtra,hule ,2023,4,39264603039.0,27088875
14895,maharashtra,wardha ,2023,4,18471518870.0,13966269
14896,maharashtra,parbhani ,2023,4,35441901880.0,26454533
14897,maharashtra,mumbai suburban ,2023,4,173236147615.0,161597277
14898,maharashtra,hingoli ,2023,4,18055009169.0,13218678
14899,maharashtra,atnagiri ,2023,4,8758336510.0,6788049
14900,maharashtra,nanded ,2023,4,78641406813.0,54251071
14901,maharashtra,osmanabad ,2023,4,46449268299.0,32505156
14902,maharashtra,nagpur ,2023,4,153904001716.0,121596100
14903,maharashtra,buldhana ,2023,4,53146748140.0,37958556
14904,maharashtra,nashik ,2023,4,220053696049.0,164191962
14905,maharashtra,akola ,2023,4,31627934548.0,23704617
14906,maharashtra,yavatmal ,2023,4,37429093121.0,27896072
14907,maharashtra,aurangabad ,2023,4,160937462757.0,134713801
14908,maharashtra,amravati ,2023,4,60301878042.0,41791258
14909,maharashtra,washim ,2023,4,18775640420.0,13823235
14910,maharashtra,angli ,2023,4,54938828801.0,39227064
14911,maharashtra,gadchiroli ,2023,4,12766221031.0,8362085
14912,maharashtra,aigad ,2023,4,73428232667.0,68647056
14913,maharashtra,palghar ,2023,4,58510579807.0,52378331
14914,maharashtra,jalna ,2023,4,45184767337.0,32077537
14915,maharashtra,gondia ,2023,4,17521020253.0,11428528
14916,maharashtra,ahmednagar ,2023,4,170720443844.0,111100461
14917,maharashtra,pune ,2023,4,639679187750.0,673819127
14918,maharashtra,beed ,2023,4,68635770832.0,42799858
14919,maharashtra,atara ,2023,4,62697871642.0,50501411
14920,maharashtra,jalgaon ,2023,1,61341010913.0,38623435
14921,maharashtra,latur ,2023,1,49084964636.0,35158548
14922,maharashtra,hane ,2023,1,164652846524.0,142097640
14923,maharashtra,bhandara ,2023,1,12694847227.0,7547790
14924,maharashtra,nandurbar ,2023,1,14050704312.0,8430736
14925,maharashtra,handrapur ,2023,1,25598818006.0,18577094
14926,maharashtra,kolhapur ,2023,1,47429221437.0,34958486
14927,maharashtra,olapur ,2023,1,129110342469.0,78530550
14928,maharashtra,mumbai ,2023,1,60530759966.0,45774016
14929,maharashtra,ndhudurg ,2023,1,4162122806.0,2710982
14930,maharashtra,hule ,2023,1,29608854638.0,18707553
14931,maharashtra,wardha ,2023,1,13865514215.0,9686307
14932,maharashtra,parbhani ,2023,1,25877465140.0,17271660
14933,maharashtra,mumbai suburban ,2023,1,138677680552.0,119452769
14934,maharashtra,hingoli ,2023,1,13136815207.0,8685933
14935,maharashtra,atnagiri ,2023,1,7625526219.0,5377285
14936,maharashtra,nanded ,2023,1,56316419080.0,35403216
14937,maharashtra,osmanabad ,2023,1,34320473293.0,21559939
14938,maharashtra,nagpur ,2023,1,116369650409.0,87172881
14939,maharashtra,buldhana ,2023,1,39188670455.0,25016513
14940,maharashtra,nashik ,2023,1,167693934792.0,119376880
14941,maharashtra,akola ,2023,1,22237521926.0,15331681
14942,maharashtra,yavatmal ,2023,1,27373429492.0,18270826
14943,maharashtra,aurangabad ,2023,1,121063237188.0,95131875
14944,maharashtra,amravati ,2023,1,42808116309.0,28366757
14945,maharashtra,washim ,2023,1,13734807753.0,9081915
14946,maharashtra,angli ,2023,1,44817250461.0,28688837
14947,maharashtra,gadchiroli ,2023,1,9728601846.0,5702009
14948,maharashtra,aigad ,2023,1,58510274697.0,50072751
14949,maharashtra,palghar ,2023,1,46209116176.0,37732488
14950,maharashtra,jalna ,2023,1,33979501349.0,21617002
14951,maharashtra,gondia ,2023,1,13740824732.0,8055392
14952,maharashtra,ahmednagar ,2023,1,127588673135.0,78198945
14953,maharashtra,pune ,2023,1,489824129517.0,505841046
14954,maharashtra,beed ,2023,1,50233010150.0,29176974
14955,maharashtra,atara ,2023,1,49100769032.0,36879788
14956,maharashtra,jalgaon ,2023,3,70702094558.0,48358266
14957,maharashtra,latur ,2023,3,56992689924.0,44567363
14958,maharashtra,hane ,2023,3,188843145118.0,170404523
14959,maharashtra,bhandara ,2023,3,14348573669.0,9507268
14960,maharashtra,nandurbar ,2023,3,15681662881.0,10930709
14961,maharashtra,handrapur ,2023,3,29770727981.0,23759793
14962,maharashtra,kolhapur ,2023,3,52781796413.0,40915113
14963,maharashtra,olapur ,2023,3,147822590848.0,98314808
14964,maharashtra,mumbai ,2023,3,66929058697.0,56384940
14965,maharashtra,ndhudurg ,2023,3,4115833896.0,2892061
14966,maharashtra,hule ,2023,3,33869085263.0,23380569
14967,maharashtra,wardha ,2023,3,15925275599.0,12151834
14968,maharashtra,parbhani ,2023,3,30069003790.0,22755644
14969,maharashtra,mumbai suburban ,2023,3,156083806649.0,144408431
14970,maharashtra,hingoli ,2023,3,15517454106.0,11484068
14971,maharashtra,atnagiri ,2023,3,7363013925.0,5622567
14972,maharashtra,nanded ,2023,3,66389759382.0,46088967
14973,maharashtra,osmanabad ,2023,3,38968719335.0,27508444
14974,maharashtra,nagpur ,2023,3,135597965489.0,109330463
14975,maharashtra,buldhana ,2023,3,45954816772.0,32646975
14976,maharashtra,nashik ,2023,3,195436937930.0,147156281
14977,maharashtra,akola ,2023,3,26504660325.0,20181903
14978,maharashtra,yavatmal ,2023,3,32816183042.0,24242272
14979,maharashtra,aurangabad ,2023,3,142507066152.0,119425478
14980,maharashtra,amravati ,2023,3,49570681008.0,35853205
14981,maharashtra,washim ,2023,3,16053693555.0,11893946
14982,maharashtra,angli ,2023,3,49083006957.0,34485535
14983,maharashtra,gadchiroli ,2023,3,11526124099.0,7347453
14984,maharashtra,aigad ,2023,3,66276827966.0,59850699
14985,maharashtra,palghar ,2023,3,51221476224.0,44864230
14986,maharashtra,jalna ,2023,3,40437582186.0,28577430
14987,maharashtra,gondia ,2023,3,15600745253.0,10129312
14988,maharashtra,ahmednagar ,2023,3,150892376443.0,97743482
14989,maharashtra,pune ,2023,3,593994260196.0,625390706
14990,maharashtra,beed ,2023,3,62312021984.0,39245244
14991,maharashtra,atara ,2023,3,54211466626.0,42878605
14992,maharashtra,jalgaon ,2023,2,69143178468.0,43918929
14993,maharashtra,latur ,2023,2,56437687102.0,39755669
14994,maharashtra,hane ,2023,2,178939371434.0,155714593
14995,maharashtra,bhandara ,2023,2,14542894283.0,8772364
14996,maharashtra,nandurbar ,2023,2,15801530018.0,9729146
14997,maharashtra,handrapur ,2023,2,28796861535.0,21125219
14998,maharashtra,kolhapur ,2023,2,50983300644.0,38284895
14999,maharashtra,olapur ,2023,2,140499967071.0,88308858
15000,maharashtra,mumbai ,2023,2,64178064613.0,50518947
15001,maharashtra,ndhudurg ,2023,2,4994087558.0,3206946
15002,maharashtra,hule ,2023,2,32657563897.0,21311364
15003,maharashtra,wardha ,2023,2,15725149078.0,11018651
15004,maharashtra,parbhani ,2023,2,29564795893.0,20113729
15005,maharashtra,mumbai suburban ,2023,2,148410175880.0,130857450
15006,maharashtra,hingoli ,2023,2,15096901996.0,10210748
15007,maharashtra,atnagiri ,2023,2,8454328736.0,6003448
15008,maharashtra,nanded ,2023,2,65861160572.0,41039783
15009,maharashtra,osmanabad ,2023,2,38698944859.0,24996830
15010,maharashtra,nagpur ,2023,2,129504759626.0,97521493
15011,maharashtra,buldhana ,2023,2,45401769170.0,29278971
15012,maharashtra,nashik ,2023,2,184867119659.0,135966489
15013,maharashtra,akola ,2023,2,25163689217.0,17501058
15014,maharashtra,yavatmal ,2023,2,31432158097.0,21384758
15015,maharashtra,aurangabad ,2023,2,132952857337.0,105820511
15016,maharashtra,amravati ,2023,2,47513217418.0,32364745
15017,maharashtra,washim ,2023,2,15839093691.0,10672777
15018,maharashtra,angli ,2023,2,47671264598.0,31753332
15019,maharashtra,gadchiroli ,2023,2,10972942391.0,6511653
15020,maharashtra,aigad ,2023,2,63261035124.0,55379671
15021,maharashtra,palghar ,2023,2,48523737919.0,40593300
15022,maharashtra,jalna ,2023,2,39055254952.0,25426010
15023,maharashtra,gondia ,2023,2,15203836441.0,9289985
15024,maharashtra,ahmednagar ,2023,2,139707887255.0,88553642
15025,maharashtra,pune ,2023,2,535801107518.0,554427668
15026,maharashtra,beed ,2023,2,59796330775.0,34709080
15027,maharashtra,atara ,2023,2,54550581643.0,41675136
15028,maharashtra,jalgaon ,2022,4,40517965270.04435,24441243
15029,maharashtra,latur ,2022,4,30658727472.04145,20623462
15030,maharashtra,hane ,2022,4,120463884034.54527,96634264
15031,maharashtra,bhandara ,2022,4,8540677015.448907,5270967
15032,maharashtra,nandurbar ,2022,4,9126918822.196335,5572337
15033,maharashtra,handrapur ,2022,4,17204912500.024567,12283830
15034,maharashtra,kolhapur ,2022,4,40981314698.61918,29228843
15035,maharashtra,olapur ,2022,4,83291615226.59082,49452868
15036,maharashtra,mumbai ,2022,4,102451767492.8262,75229421
15037,maharashtra,ndhudurg ,2022,4,2782675279.823016,1712359
15038,maharashtra,hule ,2022,4,19363163562.56085,11758841
15039,maharashtra,wardha ,2022,4,9434313416.12473,6408966
15040,maharashtra,parbhani ,2022,4,17658440737.31428,11428317
15041,maharashtra,mumbai suburban ,2022,4,310278216439.5166,248827345
15042,maharashtra,hingoli ,2022,4,8011969252.23546,4938947
15043,maharashtra,atnagiri ,2022,4,6141314534.311142,4187852
15044,maharashtra,nanded ,2022,4,36598174602.17857,22110992
15045,maharashtra,osmanabad ,2022,4,22307513856.264217,13538711
15046,maharashtra,nagpur ,2022,4,116240666679.72601,82944788
15047,maharashtra,buldhana ,2022,4,26195814509.12958,16400739
15048,maharashtra,nashik ,2022,4,138499252102.65778,95624463
15049,maharashtra,akola ,2022,4,15615681678.381273,10468300
15050,maharashtra,yavatmal ,2022,4,18674258813.040672,12034565
15051,maharashtra,aurangabad ,2022,4,90151467648.57759,67307091
15052,maharashtra,amravati ,2022,4,33412668570.328377,21183979
15053,maharashtra,washim ,2022,4,8785703923.956085,5525504
15054,maharashtra,angli ,2022,4,31162211677.017326,19941978
15055,maharashtra,gadchiroli ,2022,4,6144813641.39834,3487868
15056,maharashtra,aigad ,2022,4,40318975044.959946,32354836
15057,maharashtra,palghar ,2022,4,31394133934.02125,24405823
15058,maharashtra,jalna ,2022,4,20770728449.761806,12883252
15059,maharashtra,gondia ,2022,4,8274042899.5504055,4897879
15060,maharashtra,ahmednagar ,2022,4,84188481406.43468,50187075
15061,maharashtra,pune ,2022,4,590334491443.0928,544687754
15062,maharashtra,beed ,2022,4,32278259899.815784,17664451
15063,maharashtra,atara ,2022,4,32215623082.643204,23125362
15064,maharashtra,jalgaon ,2022,1,30555178757.005997,17757988
15065,maharashtra,latur ,2022,1,23856260979.2032,15356835
15066,maharashtra,hane ,2022,1,91604299445.99771,66420329
15067,maharashtra,bhandara ,2022,1,6404864501.433441,3461274
15068,maharashtra,nandurbar ,2022,1,7060445513.077811,3622329
15069,maharashtra,handrapur ,2022,1,12334491815.90076,8245169
15070,maharashtra,kolhapur ,2022,1,26386491968.922462,17433041
15071,maharashtra,olapur ,2022,1,62436627060.52482,35130037
15072,maharashtra,mumbai ,2022,1,30021552307.219616,17957610
15073,maharashtra,ndhudurg ,2022,1,2551979373.6666465,1428957
15074,maharashtra,hule ,2022,1,14920655481.690989,8541986
15075,maharashtra,wardha ,2022,1,6817775708.436135,4351919
15076,maharashtra,parbhani ,2022,1,15871955896.827192,10320054
15077,maharashtra,mumbai suburban ,2022,1,148080835860.6061,104595313
15078,maharashtra,hingoli ,2022,1,6309169659.7158165,3618468
15079,maharashtra,atnagiri ,2022,1,4494723116.141416,2707601
15080,maharashtra,nanded ,2022,1,26944854915.835846,14832112
15081,maharashtra,osmanabad ,2022,1,17024101045.584564,9757272
15082,maharashtra,nagpur ,2022,1,63065806665.247505,43072958
15083,maharashtra,buldhana ,2022,1,20901275712.18042,11747608
15084,maharashtra,nashik ,2022,1,89903593917.99501,59914404
15085,maharashtra,akola ,2022,1,10723857464.538498,6689313
15086,maharashtra,yavatmal ,2022,1,12885201280.952847,7555408
15087,maharashtra,aurangabad ,2022,1,66140008400.38048,48288544
15088,maharashtra,amravati ,2022,1,21513429781.136066,12901295
15089,maharashtra,washim ,2022,1,136398563399.82826,73700274
15090,maharashtra,angli ,2022,1,22867674942.154476,13407114
15091,maharashtra,gadchiroli ,2022,1,4667653819.06547,2430940
15092,maharashtra,aigad ,2022,1,30642123149.62334,22836136
15093,maharashtra,palghar ,2022,1,24541321852.48381,17329583
15094,maharashtra,jalna ,2022,1,16932733608.18157,9770142
15095,maharashtra,gondia ,2022,1,6533829706.610294,3447926
15096,maharashtra,ahmednagar ,2022,1,61917805949.94818,35927347
15097,maharashtra,pune ,2022,1,508475101454.5798,424149132
15098,maharashtra,beed ,2022,1,24332097862.902313,12794151
15099,maharashtra,atara ,2022,1,25280931605.5211,18005869
15100,maharashtra,jalgaon ,2022,3,34617511595.944435,21047727
15101,maharashtra,latur ,2022,3,26257685563.770798,17812129
15102,maharashtra,hane ,2022,3,103768554261.10455,80605581
15103,maharashtra,bhandara ,2022,3,6757463930.95363,4087395
15104,maharashtra,nandurbar ,2022,3,7210686511.24055,4162280
15105,maharashtra,handrapur ,2022,3,13325464158.332045,9596226
15106,maharashtra,kolhapur ,2022,3,35290411636.7214,24897514
15107,maharashtra,olapur ,2022,3,73768556417.1306,43898093
15108,maharashtra,mumbai ,2022,3,98270574413.60028,72051672
15109,maharashtra,ndhudurg ,2022,3,2330071830.4643617,1433464
15110,maharashtra,hule ,2022,3,16123090143.384521,9760928
15111,maharashtra,wardha ,2022,3,8211699040.492932,5641625
15112,maharashtra,parbhani ,2022,3,15073054825.293736,9856335
15113,maharashtra,mumbai suburban ,2022,3,247678975470.48975,197724164
15114,maharashtra,hingoli ,2022,3,6879672883.17294,4340017
15115,maharashtra,atnagiri ,2022,3,4901770245.492907,3379494
15116,maharashtra,nanded ,2022,3,30054993788.27726,18419096
15117,maharashtra,osmanabad ,2022,3,18578961710.001026,11529406
15118,maharashtra,nagpur ,2022,3,101188934110.4972,73292524
15119,maharashtra,buldhana ,2022,3,22499077830.3584,14234928
15120,maharashtra,nashik ,2022,3,109529218251.08427,75574380
15121,maharashtra,akola ,2022,3,12866344717.433132,8839710
15122,maharashtra,yavatmal ,2022,3,16269071013.621933,10601620
15123,maharashtra,aurangabad ,2022,3,78617594736.37457,59756919
15124,maharashtra,amravati ,2022,3,27223482345.117237,17634270
15125,maharashtra,washim ,2022,3,31020762468.647434,17502495
15126,maharashtra,angli ,2022,3,26797586211.873547,17044884
15127,maharashtra,gadchiroli ,2022,3,5179151794.127684,2957701
15128,maharashtra,aigad ,2022,3,36394835874.96222,28475145
15129,maharashtra,palghar ,2022,3,27858158775.203857,21251118
15130,maharashtra,jalna ,2022,3,19006868142.519974,11721876
15131,maharashtra,gondia ,2022,3,7259174997.297247,4236959
15132,maharashtra,ahmednagar ,2022,3,70593347849.70448,42461860
15133,maharashtra,pune ,2022,3,549531791371.8348,505018506
15134,maharashtra,beed ,2022,3,29258345493.697945,15769922
15135,maharashtra,atara ,2022,3,27386242964.314114,19771454
15136,maharashtra,jalgaon ,2022,2,36575989749.60019,20794365
15137,maharashtra,latur ,2022,2,28958359286.009148,18128124
15138,maharashtra,hane ,2022,2,103706480304.36014,76359706
15139,maharashtra,bhandara ,2022,2,7232792765.616951,4092003
15140,maharashtra,nandurbar ,2022,2,8304946450.368532,4250672
15141,maharashtra,handrapur ,2022,2,14673749839.352476,9797860
15142,maharashtra,kolhapur ,2022,2,30132865372.25327,20243542
15143,maharashtra,olapur ,2022,2,74367210007.30444,41690075
15144,maharashtra,mumbai ,2022,2,34652240504.3772,21906382
15145,maharashtra,ndhudurg ,2022,2,2911299845.9586983,1651248
15146,maharashtra,hule ,2022,2,17251071062.99606,10013481
15147,maharashtra,wardha ,2022,2,8180933329.541675,5184451
15148,maharashtra,parbhani ,2022,2,19217813799.99737,12237389
15149,maharashtra,mumbai suburban ,2022,2,172590494011.93735,125227570
15150,maharashtra,hingoli ,2022,2,7588716856.174571,4251385
15151,maharashtra,atnagiri ,2022,2,5132970050.331276,3132835
15152,maharashtra,nanded ,2022,2,32660155636.068184,17724135
15153,maharashtra,osmanabad ,2022,2,20295780297.440277,11489907
15154,maharashtra,nagpur ,2022,2,75751126721.70934,52065290
15155,maharashtra,buldhana ,2022,2,24793582296.679222,13912064
15156,maharashtra,nashik ,2022,2,103031323327.35526,69128782
15157,maharashtra,akola ,2022,2,12695451606.799038,7921437
15158,maharashtra,yavatmal ,2022,2,15619715763.357622,9164377
15159,maharashtra,aurangabad ,2022,2,75915458866.51474,55248137
15160,maharashtra,amravati ,2022,2,24924375837.132645,15342341
15161,maharashtra,washim ,2022,2,175926949614.37338,98129806
15162,maharashtra,angli ,2022,2,25758452266.26726,15400605
15163,maharashtra,gadchiroli ,2022,2,5569253888.01551,2879207
15164,maharashtra,aigad ,2022,2,34460851150.86925,26465986
15165,maharashtra,palghar ,2022,2,26988617829.23101,19395512
15166,maharashtra,jalna ,2022,2,19653230057.995495,11306875
15167,maharashtra,gondia ,2022,2,7653207776.307781,4154419
15168,maharashtra,ahmednagar ,2022,2,72250021262.47775,42201172
15169,maharashtra,pune ,2022,2,620747087392.5974,520321567
15170,maharashtra,beed ,2022,2,30601828692.245453,15497524
15171,maharashtra,atara ,2022,2,29497978656.27469,20822882
15172,maharashtra,jalgaon ,2020,4,12494067001.692066,6985861
15173,maharashtra,latur ,2020,4,9526451376.752083,5323018
15174,maharashtra,hane ,2020,4,43911916102.087776,30073494
15175,maharashtra,bhandara ,2020,4,2686273675.0661483,1557214
15176,maharashtra,nandurbar ,2020,4,2517220918.8553166,1339578
15177,maharashtra,handrapur ,2020,4,4626249365.961412,2924775
15178,maharashtra,kolhapur ,2020,4,10786069175.176712,6953772
15179,maharashtra,olapur ,2020,4,24047679847.907963,12746918
15180,maharashtra,mumbai ,2020,4,13445000527.76939,7347827
15181,maharashtra,ndhudurg ,2020,4,1074666905.9848752,704068
15182,maharashtra,hule ,2020,4,6104788321.365406,3259845
15183,maharashtra,wardha ,2020,4,2809665509.7208304,1765818
15184,maharashtra,parbhani ,2020,4,5384672051.2516165,2927074
15185,maharashtra,mumbai suburban ,2020,4,52567087497.07483,31947471
15186,maharashtra,hingoli ,2020,4,2457013063.704149,1323826
15187,maharashtra,atnagiri ,2020,4,1918661281.470666,1239737
15188,maharashtra,nanded ,2020,4,10129280636.851904,4944241
15189,maharashtra,osmanabad ,2020,4,7067137735.692784,3700883
15190,maharashtra,nagpur ,2020,4,27734234062.40806,17881031
15191,maharashtra,buldhana ,2020,4,8694631794.55773,4315634
15192,maharashtra,nashik ,2020,4,38876096829.7729,25886584
15193,maharashtra,akola ,2020,4,3994626251.8553295,2321592
15194,maharashtra,yavatmal ,2020,4,4650557075.489644,2582434
15195,maharashtra,aurangabad ,2020,4,27681773653.44072,19001745
15196,maharashtra,amravati ,2020,4,9549659612.368576,5645786
15197,maharashtra,washim ,2020,4,13400145744.069927,5782133
15198,maharashtra,angli ,2020,4,8677291713.203817,4990427
15199,maharashtra,gadchiroli ,2020,4,1842068911.886773,953205
15200,maharashtra,aigad ,2020,4,13939207766.945723,9634903
15201,maharashtra,palghar ,2020,4,11789420098.043339,8070045
15202,maharashtra,jalna ,2020,4,6701628487.028286,3740553
15203,maharashtra,gondia ,2020,4,2564702116.1102557,1312868
15204,maharashtra,ahmednagar ,2020,4,25560818870.6825,13929256
15205,maharashtra,pune ,2020,4,182511549425.14316,142350762
15206,maharashtra,beed ,2020,4,9549129679.112585,4622657
15207,maharashtra,atara ,2020,4,10884087745.800198,7533969
15208,maharashtra,jalgaon ,2020,1,4531030323.571831,2925407
15209,maharashtra,latur ,2020,1,3427202030.1985974,2119578
15210,maharashtra,hane ,2020,1,22551048276.307404,15699451
15211,maharashtra,bhandara ,2020,1,1008982164.7536879,687372
15212,maharashtra,nandurbar ,2020,1,911013926.0063801,509151
15213,maharashtra,handrapur ,2020,1,1689623389.5389361,1186408
15214,maharashtra,kolhapur ,2020,1,4306037466.56257,3119430
15215,maharashtra,olapur ,2020,1,8556069047.344244,4939298
15216,maharashtra,mumbai ,2020,1,8325816941.590815,4716907
15217,maharashtra,ndhudurg ,2020,1,452020116.20096815,322511
15218,maharashtra,hule ,2020,1,2087577880.1260333,1264091
15219,maharashtra,wardha ,2020,1,1183933213.2697446,806699
15220,maharashtra,parbhani ,2020,1,1692841975.4158022,1045807
15221,maharashtra,mumbai suburban ,2020,1,40462122569.6479,23598054
15222,maharashtra,hingoli ,2020,1,822174351.2362058,519908
15223,maharashtra,atnagiri ,2020,1,815643605.7506857,588589
15224,maharashtra,nanded ,2020,1,3378753900.7060986,2043375
15225,maharashtra,osmanabad ,2020,1,2444615225.090246,1418537
15226,maharashtra,nagpur ,2020,1,15125508374.006687,10765004
15227,maharashtra,buldhana ,2020,1,3173978679.5048704,1755077
15228,maharashtra,nashik ,2020,1,15505749977.367249,12019521
15229,maharashtra,akola ,2020,1,1401166452.6958332,964703
15230,maharashtra,yavatmal ,2020,1,1665121778.7888567,1062147
15231,maharashtra,aurangabad ,2020,1,11942430956.817465,9438690
15232,maharashtra,amravati ,2020,1,3698477117.9680448,2854580
15233,maharashtra,washim ,2020,1,4501861141.423245,2080496
15234,maharashtra,angli ,2020,1,3269991688.1702304,2093409
15235,maharashtra,gadchiroli ,2020,1,675029110.1633042,414941
15236,maharashtra,aigad ,2020,1,6091061427.355885,4244606
15237,maharashtra,palghar ,2020,1,5554757052.338003,3821386
15238,maharashtra,jalna ,2020,1,2488830260.000312,1554254
15239,maharashtra,gondia ,2020,1,1016032314.1831489,617809
15240,maharashtra,ahmednagar ,2020,1,9057699649.519627,5518308
15241,maharashtra,pune ,2020,1,119146177775.3236,107497963
15242,maharashtra,beed ,2020,1,2914670396.431482,1616755
15243,maharashtra,atara ,2020,1,4120146162.712983,3113859
15244,maharashtra,jalgaon ,2020,3,8431535730.8163595,4687954
15245,maharashtra,latur ,2020,3,5748283428.37841,3309492
15246,maharashtra,hane ,2020,3,26708998225.097702,16568232
15247,maharashtra,bhandara ,2020,3,1852362108.5443692,1083453
15248,maharashtra,nandurbar ,2020,3,1720959142.794833,910384
15249,maharashtra,handrapur ,2020,3,2886484302.6107407,1910883
15250,maharashtra,kolhapur ,2020,3,6608568950.738272,4272945
15251,maharashtra,olapur ,2020,3,16121372736.652994,8375851
15252,maharashtra,mumbai ,2020,3,6984270360.019845,3740959
15253,maharashtra,ndhudurg ,2020,3,720890129.6463914,521528
15254,maharashtra,hule ,2020,3,4076865156.390772,2146455
15255,maharashtra,wardha ,2020,3,1930521487.6155033,1171546
15256,maharashtra,parbhani ,2020,3,3647572014.927022,1886141
15257,maharashtra,mumbai suburban ,2020,3,38421032377.84478,20687558
15258,maharashtra,hingoli ,2020,3,1713781075.7712855,921760
15259,maharashtra,atnagiri ,2020,3,1333106781.0358593,945643
15260,maharashtra,nanded ,2020,3,6348462429.110924,3194923
15261,maharashtra,osmanabad ,2020,3,4682189937.23473,2489096
15262,maharashtra,nagpur ,2020,3,18854510864.94963,11746960
15263,maharashtra,buldhana ,2020,3,6020031152.408256,2928610
15264,maharashtra,nashik ,2020,3,26675908700.898186,17587671
15265,maharashtra,akola ,2020,3,2574200192.6792965,1518861
15266,maharashtra,yavatmal ,2020,3,3032251175.851321,1743407
15267,maharashtra,aurangabad ,2020,3,19033463159.354687,12231686
15268,maharashtra,amravati ,2020,3,6075582865.198356,3774174
15269,maharashtra,washim ,2020,3,4973062170.693851,2135042
15270,maharashtra,angli ,2020,3,5477370561.1483555,3148369
15271,maharashtra,gadchiroli ,2020,3,1203705611.4544067,678774
15272,maharashtra,aigad ,2020,3,8380993717.388744,5427408
15273,maharashtra,palghar ,2020,3,7298216466.360155,5046305
15274,maharashtra,jalna ,2020,3,4610124935.89871,2539902
15275,maharashtra,gondia ,2020,3,1784236182.421629,927925
15276,maharashtra,ahmednagar ,2020,3,16593214276.595514,8883332
15277,maharashtra,pune ,2020,3,154366363808.0403,101472134
15278,maharashtra,beed ,2020,3,6611620805.641609,3118322
15279,maharashtra,atara ,2020,3,6804965990.2244625,4577239
15280,maharashtra,jalgaon ,2020,2,6134997055.559946,3727977
15281,maharashtra,latur ,2020,2,4472025609.504336,2772910
15282,maharashtra,hane ,2020,2,18163626280.67061,12230364
15283,maharashtra,bhandara ,2020,2,1370441356.1968591,890538
15284,maharashtra,nandurbar ,2020,2,1344237632.9119701,766368
15285,maharashtra,handrapur ,2020,2,2085827481.1941326,1514383
15286,maharashtra,kolhapur ,2020,2,4716100903.754046,3390905
15287,maharashtra,olapur ,2020,2,11057370637.178139,6271738
15288,maharashtra,mumbai ,2020,2,4795823345.489866,2837817
15289,maharashtra,ndhudurg ,2020,2,550426816.3519356,452629
15290,maharashtra,hule ,2020,2,2865405294.685203,1706807
15291,maharashtra,wardha ,2020,2,1416490440.0702643,968066
15292,maharashtra,parbhani ,2020,2,2399924431.431336,1460967
15293,maharashtra,mumbai suburban ,2020,2,26603760478.450813,14673823
15294,maharashtra,hingoli ,2020,2,1223636878.0366883,775498
15295,maharashtra,atnagiri ,2020,2,1029151098.1060637,834955
15296,maharashtra,nanded ,2020,2,4677507608.453169,2592680
15297,maharashtra,osmanabad ,2020,2,3600377012.9277935,2058303
15298,maharashtra,nagpur ,2020,2,13518590358.37893,8581175
15299,maharashtra,buldhana ,2020,2,4723655180.111789,2419215
15300,maharashtra,nashik ,2020,2,17207891612.65169,11893531
15301,maharashtra,akola ,2020,2,1812714456.7764344,1207755
15302,maharashtra,yavatmal ,2020,2,2245522554.4020457,1483416
15303,maharashtra,aurangabad ,2020,2,11549930061.996231,7820545
15304,maharashtra,amravati ,2020,2,4203630855.781695,2868272
15305,maharashtra,washim ,2020,2,6099370009.250559,2533987
15306,maharashtra,angli ,2020,2,4046325761.648611,2593679
15307,maharashtra,gadchiroli ,2020,2,908122753.1200151,574657
15308,maharashtra,aigad ,2020,2,5669347658.182283,4056198
15309,maharashtra,palghar ,2020,2,5239353069.683626,4237438
15310,maharashtra,jalna ,2020,2,3307905950.218322,2008102
15311,maharashtra,gondia ,2020,2,1384067598.312616,805107
15312,maharashtra,ahmednagar ,2020,2,11240715303.18826,6617740
15313,maharashtra,pune ,2020,2,94890914730.75931,58840981
15314,maharashtra,beed ,2020,2,4724429309.854979,2593890
15315,maharashtra,atara ,2020,2,5079899574.13271,3728345
15316,maharashtra,jalgaon ,2018,4,1387232647.6057086,879950
15317,maharashtra,latur ,2018,4,1044674193.1532042,628803
15318,maharashtra,hane ,2018,4,7592415202.123446,4198385
15319,maharashtra,bhandara ,2018,4,343102837.9086915,245846
15320,maharashtra,nandurbar ,2018,4,281964593.4429707,157820
15321,maharashtra,handrapur ,2018,4,578542133.3506119,382372
15322,maharashtra,kolhapur ,2018,4,1357184979.9570901,913594
15323,maharashtra,olapur ,2018,4,2368140884.7300243,1266285
15324,maharashtra,mumbai ,2018,4,11506143747.453331,6060284
15325,maharashtra,ndhudurg ,2018,4,170841017.20947236,114717
15326,maharashtra,hule ,2018,4,649397538.864443,368312
15327,maharashtra,wardha ,2018,4,395087302.242247,280783
15328,maharashtra,parbhani ,2018,4,500061055.0887979,308504
15329,maharashtra,mumbai suburban ,2018,4,8268990734.490216,4635750
15330,maharashtra,hingoli ,2018,4,271534119.9286672,176257
15331,maharashtra,atnagiri ,2018,4,299659904.07221127,183226
15332,maharashtra,nanded ,2018,4,997762155.7506721,587651
15333,maharashtra,osmanabad ,2018,4,675413933.6427854,361661
15334,maharashtra,nagpur ,2018,4,3079870457.735389,1884842
15335,maharashtra,buldhana ,2018,4,882485735.8053899,548395
15336,maharashtra,nashik ,2018,4,3510737505.1936135,1881354
15337,maharashtra,akola ,2018,4,438566131.34252876,291472
15338,maharashtra,yavatmal ,2018,4,522099654.290656,328480
15339,maharashtra,aurangabad ,2018,4,2758523355.9782863,1685901
15340,maharashtra,amravati ,2018,4,835558011.8434162,546615
15341,maharashtra,washim ,2018,4,248532488.31382594,162834
15342,maharashtra,angli ,2018,4,988564434.293136,585846
15343,maharashtra,gadchiroli ,2018,4,258205021.08860207,155411
15344,maharashtra,aigad ,2018,4,2059234953.96621,1080514
15345,maharashtra,palghar ,2018,4,1842460037.4482036,1088141
15346,maharashtra,jalna ,2018,4,644345419.3688004,389658
15347,maharashtra,gondia ,2018,4,379834364.616676,254253
15348,maharashtra,ahmednagar ,2018,4,2363347728.3655543,1226980
15349,maharashtra,pune ,2018,4,18048884123.019882,11075153
15350,maharashtra,beed ,2018,4,815542341.0400636,437218
15351,maharashtra,atara ,2018,4,1153996303.1116636,716956
15352,maharashtra,jalgaon ,2018,1,346720332.5468058,332668
15353,maharashtra,latur ,2018,1,237246239.72263384,259016
15354,maharashtra,hane ,2018,1,1995816824.6734967,1243518
15355,maharashtra,bhandara ,2018,1,76998452.71289259,94217
15356,maharashtra,nandurbar ,2018,1,70543831.7235167,60163
15357,maharashtra,handrapur ,2018,1,129589201.64438972,142067
15358,maharashtra,kolhapur ,2018,1,354723905.37194455,351519
15359,maharashtra,olapur ,2018,1,535791949.03747725,451438
15360,maharashtra,mumbai ,2018,1,3923116793.952079,2671029
15361,maharashtra,ndhudurg ,2018,1,44348287.06745251,37285
15362,maharashtra,hule ,2018,1,148893541.0108487,139376
15363,maharashtra,wardha ,2018,1,103196998.87284872,111564
15364,maharashtra,parbhani ,2018,1,109058549.63370109,126868
15365,maharashtra,mumbai suburban ,2018,1,2385242801.2881713,1444587
15366,maharashtra,hingoli ,2018,1,57281673.810775355,70314
15367,maharashtra,atnagiri ,2018,1,68234354.14796054,57950
15368,maharashtra,nanded ,2018,1,195376791.80416867,221472
15369,maharashtra,osmanabad ,2018,1,137513718.00884378,129616
15370,maharashtra,nagpur ,2018,1,781981176.1740795,592456
15371,maharashtra,buldhana ,2018,1,213497260.88909543,211789
15372,maharashtra,nashik ,2018,1,874435847.1021329,669259
15373,maharashtra,akola ,2018,1,98691994.83880849,112541
15374,maharashtra,yavatmal ,2018,1,120777011.26783088,120864
15375,maharashtra,aurangabad ,2018,1,680361961.5537964,620430
15376,maharashtra,amravati ,2018,1,203490300.91845012,219644
15377,maharashtra,washim ,2018,1,53956265.55059725,60452
15378,maharashtra,angli ,2018,1,241538564.28883797,231021
15379,maharashtra,gadchiroli ,2018,1,50790947.89558024,50072
15380,maharashtra,aigad ,2018,1,481978060.4382123,310127
15381,maharashtra,palghar ,2018,1,432288177.5824667,316766
15382,maharashtra,jalna ,2018,1,147117543.13653943,154861
15383,maharashtra,gondia ,2018,1,94654514.07400316,96798
15384,maharashtra,ahmednagar ,2018,1,522540233.7072377,438972
15385,maharashtra,pune ,2018,1,5378982326.835919,3842929
15386,maharashtra,beed ,2018,1,149979287.08010322,146374
15387,maharashtra,atara ,2018,1,264857537.36135083,247012
15388,maharashtra,jalgaon ,2018,3,896878047.3857558,595180
15389,maharashtra,latur ,2018,3,638779718.7784297,420545
15390,maharashtra,hane ,2018,3,4941785822.789892,2611297
15391,maharashtra,bhandara ,2018,3,215305769.81174365,175526
15392,maharashtra,nandurbar ,2018,3,177379382.02461082,108557
15393,maharashtra,handrapur ,2018,3,378940738.57964325,285271
15394,maharashtra,kolhapur ,2018,3,874723680.9432416,639398
15395,maharashtra,olapur ,2018,3,1548416428.5291772,957281
15396,maharashtra,mumbai ,2018,3,7438893352.297363,4090811
15397,maharashtra,ndhudurg ,2018,3,112870065.22964165,76130
15398,maharashtra,hule ,2018,3,391278436.06745607,245060
15399,maharashtra,wardha ,2018,3,281115528.9408974,208207
15400,maharashtra,parbhani ,2018,3,299298112.8339572,204284
15401,maharashtra,mumbai suburban ,2018,3,5567618775.346841,3049903
15402,maharashtra,hingoli ,2018,3,169654673.92500454,128836
15403,maharashtra,atnagiri ,2018,3,198754527.89749503,129543
15404,maharashtra,nanded ,2018,3,602425178.0901897,407264
15405,maharashtra,osmanabad ,2018,3,395725693.62582,240387
15406,maharashtra,nagpur ,2018,3,2003870351.0067477,1215989
15407,maharashtra,buldhana ,2018,3,573668889.9846781,382228
15408,maharashtra,nashik ,2018,3,2243065273.9378605,1321016
15409,maharashtra,akola ,2018,3,254195647.9550442,186781
15410,maharashtra,yavatmal ,2018,3,325149291.3564337,229128
15411,maharashtra,aurangabad ,2018,3,1755607884.6928542,1171650
15412,maharashtra,amravati ,2018,3,513806091.5473285,369988
15413,maharashtra,washim ,2018,3,150817671.91038013,110307
15414,maharashtra,angli ,2018,3,646572362.0955906,427506
15415,maharashtra,gadchiroli ,2018,3,146811496.6710286,109208
15416,maharashtra,aigad ,2018,3,1362324762.6075263,717318
15417,maharashtra,palghar ,2018,3,1175030902.575979,715144
15418,maharashtra,jalna ,2018,3,404800031.07746047,279281
15419,maharashtra,gondia ,2018,3,254848811.83945072,188257
15420,maharashtra,ahmednagar ,2018,3,1476318516.9225848,842685
15421,maharashtra,pune ,2018,3,12601613622.467592,7890491
15422,maharashtra,beed ,2018,3,500263881.03896874,297477
15423,maharashtra,atara ,2018,3,742208310.461832,510604
15424,maharashtra,jalgaon ,2018,2,640487534.1817575,456493
15425,maharashtra,latur ,2018,2,459161764.33925414,348856
15426,maharashtra,hane ,2018,2,3339349832.4085298,1773084
15427,maharashtra,bhandara ,2018,2,155791247.126618,142191
15428,maharashtra,nandurbar ,2018,2,129892439.53872508,81758
15429,maharashtra,handrapur ,2018,2,273995050.81267655,218475
15430,maharashtra,kolhapur ,2018,2,602368098.7087289,459551
15431,maharashtra,olapur ,2018,2,1017429009.0580833,657732
15432,maharashtra,mumbai ,2018,2,6048515205.760132,3277612
15433,maharashtra,ndhudurg ,2018,2,82415986.89444102,59117
15434,maharashtra,hule ,2018,2,272204202.2769386,193300
15435,maharashtra,wardha ,2018,2,194612545.356838,153356
15436,maharashtra,parbhani ,2018,2,209686461.81788087,165911
15437,maharashtra,mumbai suburban ,2018,2,3877425976.6560874,2055232
15438,maharashtra,hingoli ,2018,2,117125956.75740682,99174
15439,maharashtra,atnagiri ,2018,2,127489340.06416306,88067
15440,maharashtra,nanded ,2018,2,409059135.82402456,301594
15441,maharashtra,osmanabad ,2018,2,259621224.30486536,180136
15442,maharashtra,nagpur ,2018,2,1325086381.0421863,792349
15443,maharashtra,buldhana ,2018,2,423294588.7912706,289553
15444,maharashtra,nashik ,2018,2,1502940957.143,956098
15445,maharashtra,akola ,2018,2,180567458.51767427,150414
15446,maharashtra,yavatmal ,2018,2,228933313.44599646,175489
15447,maharashtra,aurangabad ,2018,2,1121247393.1699817,789032
15448,maharashtra,amravati ,2018,2,374738414.3468704,296011
15449,maharashtra,washim ,2018,2,107100711.19311343,88839
15450,maharashtra,angli ,2018,2,457068758.97068834,317849
15451,maharashtra,gadchiroli ,2018,2,105087908.63657811,78306
15452,maharashtra,aigad ,2018,2,849899520.0504555,469802
15453,maharashtra,palghar ,2018,2,737532817.3633374,467130
15454,maharashtra,jalna ,2018,2,264258550.15968144,204649
15455,maharashtra,gondia ,2018,2,195516935.27670705,148668
15456,maharashtra,ahmednagar ,2018,2,960786263.1601061,616058
15457,maharashtra,pune ,2018,2,8513428062.925207,5162876
15458,maharashtra,beed ,2018,2,305485923.1836834,213528
15459,maharashtra,atara ,2018,2,487452271.8579569,357450
15460,maharashtra,jalgaon ,2024,1,92902932567.0,63713113
15461,maharashtra,latur ,2024,1,73604502775.0,58225672
15462,maharashtra,hane ,2024,1,215591541310.0,202824955
15463,maharashtra,bhandara ,2024,1,19124669567.0,12169562
15464,maharashtra,nandurbar ,2024,1,21195383978.0,14180355
15465,maharashtra,handrapur ,2024,1,39376663958.0,30822812
15466,maharashtra,kolhapur ,2024,1,62836939651.0,50890243
15467,maharashtra,olapur ,2024,1,186810705530.0,127991531
15468,maharashtra,mumbai ,2024,1,80735270673.0,69196322
15469,maharashtra,ndhudurg ,2024,1,5395551249.0,3878879
15470,maharashtra,hule ,2024,1,44244153434.0,30409559
15471,maharashtra,wardha ,2024,1,21227360350.0,15749995
15472,maharashtra,parbhani ,2024,1,41774626438.0,31107879
15473,maharashtra,mumbai suburban ,2024,1,179594285523.0,169180881
15474,maharashtra,hingoli ,2024,1,20670723218.0,15406519
15475,maharashtra,atnagiri ,2024,1,9517328651.0,7469641
15476,maharashtra,nanded ,2024,1,91004708916.0,63503663
15477,maharashtra,osmanabad ,2024,1,51472469877.0,36186015
15478,maharashtra,nagpur ,2024,1,166124581502.0,131824873
15479,maharashtra,buldhana ,2024,1,62134019734.0,43875579
15480,maharashtra,nashik ,2024,1,240375082446.0,181839029
15481,maharashtra,akola ,2024,1,36713100198.0,27239223
15482,maharashtra,yavatmal ,2024,1,43002314365.0,31658838
15483,maharashtra,aurangabad ,2024,1,181384155116.0,152755419
15484,maharashtra,amravati ,2024,1,66444536197.0,47301831
15485,maharashtra,washim ,2024,1,21916420452.0,16195674
15486,maharashtra,angli ,2024,1,60767234392.0,43734313
15487,maharashtra,gadchiroli ,2024,1,14465276793.0,9594694
15488,maharashtra,aigad ,2024,1,76906252628.0,73173175
15489,maharashtra,palghar ,2024,1,62525280251.0,56863042
15490,maharashtra,jalna ,2024,1,55027360463.0,38189994
15491,maharashtra,gondia ,2024,1,19872202147.0,12925932
15492,maharashtra,ahmednagar ,2024,1,188324218977.0,126557856
15493,maharashtra,pune ,2024,1,673821354148.0,733071386
15494,maharashtra,beed ,2024,1,79891592593.0,51102983
15495,maharashtra,atara ,2024,1,66124094789.0,54959044
15496,assam,nsukia ,2021,4,2099664801.0310597,924326
15497,assam,lakhimpur ,2021,4,1263722648.4815915,560279
15498,assam,kamrup ,2021,4,2906827875.9780307,1326629
15499,assam,kokrajhar ,2021,4,1392051533.964034,529425
15500,assam,karbi anglong ,2021,4,1157896438.235495,448701
15501,assam,vasagar ,2021,4,991840782.996415,452511
15502,assam,brugarh ,2021,4,3247229901.080471,1489321
15503,assam,outh salmara mancachar ,2021,4,919174483.7722924,314595
15504,assam,nagaon ,2021,4,4181552742.898879,1599255
15505,assam,hubri ,2021,4,2452971274.5289254,947815
15506,assam,golaghat ,2021,4,1337575801.9516916,597064
15507,assam,udalguri ,2021,4,917680978.0577191,406086
15508,assam,majuli ,2021,4,129028300.4276244,65312
15509,assam,onitpur ,2021,4,3119948215.7692075,1437714
15510,assam,hojai ,2021,4,1247022294.0951037,527676
15511,assam,marigaon ,2021,4,2372441369.988904,846244
15512,assam,hirang ,2021,4,751602013.9126096,298090
15513,assam,achar ,2021,4,3288405319.0304804,1424029
15514,assam,nalbari ,2021,4,1015183560.9984299,437199
15515,assam,west karbi anglong ,2021,4,155335117.4559282,72436
15516,assam,hemaji ,2021,4,1098025411.0441427,450526
15517,assam,karimganj ,2021,4,2011084236.7440817,719693
15518,assam,bongaigaon ,2021,4,1900609318.3116775,760610
15519,assam,ma hasao ,2021,4,461001023.11421907,188499
15520,assam,baksa ,2021,4,1530357403.5627034,575080
15521,assam,haraideo ,2021,4,657528333.4175942,255415
15522,assam,arrang ,2021,4,2012722511.547618,772608
15523,assam,kamrup metropolitan ,2021,4,48177919267.3695,22903930
15524,assam,hailakandi ,2021,4,1131182051.5056129,494043
15525,assam,barpeta ,2021,4,5341626359.64399,2145496
15526,assam,goalpara ,2021,4,2590433257.901761,920783
15527,assam,biswanath ,2021,4,837297984.1361362,368466
15528,assam,jorhat ,2021,4,1488025280.2612674,760505
15529,assam,nsukia ,2021,1,1160430411.7091098,480161
15530,assam,lakhimpur ,2021,1,669614741.670135,278213
15531,assam,kamrup ,2021,1,1450662971.6951797,557802
15532,assam,kokrajhar ,2021,1,627990382.7904459,228889
15533,assam,karbi anglong ,2021,1,608528765.1323997,217934
15534,assam,vasagar ,2021,1,602350918.9850893,242611
15535,assam,brugarh ,2021,1,1710571109.9822497,680608
15536,assam,outh salmara mancachar ,2021,1,477352228.40615606,134708
15537,assam,nagaon ,2021,1,2019926209.3789358,675634
15538,assam,hubri ,2021,1,1035861131.4318309,362613
15539,assam,golaghat ,2021,1,749087184.8333428,311238
15540,assam,udalguri ,2021,1,451305008.43282115,173233
15541,assam,majuli ,2021,1,74357604.61004795,34915
15542,assam,onitpur ,2021,1,1689369790.428941,669242
15543,assam,hojai ,2021,1,591418708.8113766,220269
15544,assam,marigaon ,2021,1,918760114.9692955,298011
15545,assam,hirang ,2021,1,321319197.07738817,127192
15546,assam,achar ,2021,1,1577581912.6812966,614703
15547,assam,nalbari ,2021,1,506378435.7122495,197323
15548,assam,west karbi anglong ,2021,1,84887268.51304872,41137
15549,assam,hemaji ,2021,1,615209792.8336076,231336
15550,assam,karimganj ,2021,1,916185934.3111196,304173
15551,assam,bongaigaon ,2021,1,874996649.1810182,321020
15552,assam,ma hasao ,2021,1,283821933.22303617,104846
15553,assam,baksa ,2021,1,764921383.8988845,260583
15554,assam,haraideo ,2021,1,380869059.4350337,138143
15555,assam,arrang ,2021,1,757825643.4042199,259665
15556,assam,kamrup metropolitan ,2021,1,24003716533.697937,9400818
15557,assam,hailakandi ,2021,1,515905421.9034898,189886
15558,assam,barpeta ,2021,1,2378951523.3799787,768249
15559,assam,goalpara ,2021,1,1203600745.3463283,400249
15560,assam,biswanath ,2021,1,446301042.8269607,197774
15561,assam,jorhat ,2021,1,856404785.4295708,388882
15562,assam,nsukia ,2021,3,1620117007.2069793,726497
15563,assam,lakhimpur ,2021,3,930738036.1633754,433255
15564,assam,kamrup ,2021,3,2112276358.4188256,957373
15565,assam,kokrajhar ,2021,3,966061545.1374367,366661
15566,assam,karbi anglong ,2021,3,828250761.6786599,338533
15567,assam,vasagar ,2021,3,733449637.2748528,350815
15568,assam,brugarh ,2021,3,2517711536.27678,1116075
15569,assam,outh salmara mancachar ,2021,3,682772092.1272931,245208
15570,assam,nagaon ,2021,3,2903215135.7842274,1156024
15571,assam,hubri ,2021,3,1682447560.536893,668723
15572,assam,golaghat ,2021,3,965096814.5378057,446587
15573,assam,udalguri ,2021,3,657660643.9182184,291168
15574,assam,majuli ,2021,3,102034225.95327796,51208
15575,assam,onitpur ,2021,3,2385666128.443201,1030160
15576,assam,hojai ,2021,3,874185464.7310762,368350
15577,assam,marigaon ,2021,3,1470486045.6813893,554657
15578,assam,hirang ,2021,3,528538770.5729964,220676
15579,assam,achar ,2021,3,2285248942.8809485,998685
15580,assam,nalbari ,2021,3,722110352.781739,318284
15581,assam,west karbi anglong ,2021,3,112522665.53612569,57137
15582,assam,hemaji ,2021,3,848544237.4544444,359737
15583,assam,karimganj ,2021,3,1393649226.0294735,524239
15584,assam,bongaigaon ,2021,3,1331228200.2758412,548175
15585,assam,ma hasao ,2021,3,353350846.5920651,149975
15586,assam,baksa ,2021,3,1074324607.6751742,418859
15587,assam,haraideo ,2021,3,479392451.000507,201059
15588,assam,arrang ,2021,3,1241235475.745712,498938
15589,assam,kamrup metropolitan ,2021,3,36123082534.66112,16840668
15590,assam,hailakandi ,2021,3,801449299.0694864,360281
15591,assam,barpeta ,2021,3,3522432994.68204,1436928
15592,assam,goalpara ,2021,3,1747257315.9936597,650085
15593,assam,biswanath ,2021,3,620203649.3743759,288131
15594,assam,jorhat ,2021,3,1083758709.1114147,531290
15595,assam,nsukia ,2021,2,1318534292.5264628,606143
15596,assam,lakhimpur ,2021,2,751021666.6941358,361975
15597,assam,kamrup ,2021,2,1686926641.0395198,737877
15598,assam,kokrajhar ,2021,2,760467202.4006457,291109
15599,assam,karbi anglong ,2021,2,664132421.6116567,275847
15600,assam,vasagar ,2021,2,635897961.4545786,303100
15601,assam,brugarh ,2021,2,1976153977.7728927,870918
15602,assam,outh salmara mancachar ,2021,2,702484951.4538276,213176
15603,assam,nagaon ,2021,2,2446953429.3994994,928187
15604,assam,hubri ,2021,2,1316708576.7981756,528440
15605,assam,golaghat ,2021,2,828266419.210104,382567
15606,assam,udalguri ,2021,2,535712130.36414516,229956
15607,assam,majuli ,2021,2,85365999.51292944,44407
15608,assam,onitpur ,2021,2,1929013770.5926275,848080
15609,assam,hojai ,2021,2,717552682.8425927,285880
15610,assam,marigaon ,2021,2,1213004303.8796182,452067
15611,assam,hirang ,2021,2,416705187.85423946,173228
15612,assam,achar ,2021,2,1680050955.980187,743120
15613,assam,nalbari ,2021,2,614926960.4062058,265787
15614,assam,west karbi anglong ,2021,2,93322156.33253612,51169
15615,assam,hemaji ,2021,2,707439590.8525485,299375
15616,assam,karimganj ,2021,2,1008636324.5592346,376322
15617,assam,bongaigaon ,2021,2,1107075859.5018854,445957
15618,assam,ma hasao ,2021,2,291445306.00893736,127333
15619,assam,baksa ,2021,2,874733682.7849679,333425
15620,assam,haraideo ,2021,2,406368639.266593,169721
15621,assam,arrang ,2021,2,991719331.0625447,373027
15622,assam,kamrup metropolitan ,2021,2,26948905679.328754,12113618
15623,assam,hailakandi ,2021,2,622102715.3474636,258553
15624,assam,barpeta ,2021,2,2927546915.4449625,1094358
15625,assam,goalpara ,2021,2,1475602701.2507868,544911
15626,assam,biswanath ,2021,2,546335899.8896878,255222
15627,assam,jorhat ,2021,2,911359043.2389444,448050
15628,assam,nsukia ,2019,4,423685126.94560075,224113
15629,assam,lakhimpur ,2019,4,211979144.7023744,129734
15630,assam,kamrup ,2019,4,461559258.766533,249708
15631,assam,kokrajhar ,2019,4,198548447.25328588,90371
15632,assam,karbi anglong ,2019,4,214907046.11081886,95122
15633,assam,vasagar ,2019,4,192010348.16393307,112099
15634,assam,brugarh ,2019,4,470389915.7975105,255885
15635,assam,outh salmara mancachar ,2019,4,91996007.23237559,39935
15636,assam,nagaon ,2019,4,546184547.4478517,287586
15637,assam,hubri ,2019,4,284612415.48264515,134357
15638,assam,golaghat ,2019,4,238009780.18189836,138710
15639,assam,udalguri ,2019,4,154704605.56495023,77332
15640,assam,majuli ,2019,4,26928995.953304544,20488
15641,assam,onitpur ,2019,4,613461613.2726698,298139
15642,assam,hojai ,2019,4,175607661.95152915,95246
15643,assam,marigaon ,2019,4,263927905.91411433,132919
15644,assam,hirang ,2019,4,101022374.81498426,51791
15645,assam,achar ,2019,4,482197783.1553297,273506
15646,assam,nalbari ,2019,4,156653435.63897616,95723
15647,assam,west karbi anglong ,2019,4,25460539.282486644,17914
15648,assam,hemaji ,2019,4,197496702.44348955,103033
15649,assam,karimganj ,2019,4,194919405.22699457,108697
15650,assam,bongaigaon ,2019,4,235963764.71799022,119397
15651,assam,ma hasao ,2019,4,93463244.8365884,45414
15652,assam,baksa ,2019,4,221221950.65788725,106632
15653,assam,haraideo ,2019,4,125582119.32897243,70323
15654,assam,arrang ,2019,4,201143725.75237712,98623
15655,assam,kamrup metropolitan ,2019,4,7206165641.817837,2510384
15656,assam,hailakandi ,2019,4,117286060.91560167,67877
15657,assam,barpeta ,2019,4,613479659.5323288,295624
15658,assam,goalpara ,2019,4,282003507.8056698,139662
15659,assam,biswanath ,2019,4,151710760.8210323,88764
15660,assam,jorhat ,2019,4,307700398.0221567,185402
15661,assam,nsukia ,2019,1,296016100.5028683,147896
15662,assam,lakhimpur ,2019,1,135217192.88448116,84448
15663,assam,kamrup ,2019,1,325387078.1294668,205094
15664,assam,kokrajhar ,2019,1,133213397.36930162,60413
15665,assam,karbi anglong ,2019,1,127716945.67539394,62301
15666,assam,vasagar ,2019,1,126028482.89568174,73524
15667,assam,brugarh ,2019,1,308520050.14443624,180303
15668,assam,outh salmara mancachar ,2019,1,56376266.78267565,36980
15669,assam,nagaon ,2019,1,382986937.00269973,265767
15670,assam,hubri ,2019,1,168832530.51137578,129363
15671,assam,golaghat ,2019,1,150699869.58634305,87815
15672,assam,udalguri ,2019,1,103343677.3304387,57339
15673,assam,majuli ,2019,1,17616797.703198176,15485
15674,assam,onitpur ,2019,1,409811805.46215415,197716
15675,assam,hojai ,2019,1,111715019.69069499,61983
15676,assam,marigaon ,2019,1,225891536.78995085,162645
15677,assam,hirang ,2019,1,57539957.793235525,32379
15678,assam,achar ,2019,1,335675210.43395036,206705
15679,assam,nalbari ,2019,1,94533334.09474775,70290
15680,assam,west karbi anglong ,2019,1,12368112.989129752,11141
15681,assam,hemaji ,2019,1,134956449.74452934,69519
15682,assam,karimganj ,2019,1,140750684.4913983,76238
15683,assam,bongaigaon ,2019,1,138479281.39115623,91061
15684,assam,ma hasao ,2019,1,51318304.483347006,26119
15685,assam,baksa ,2019,1,147648364.40043023,75377
15686,assam,haraideo ,2019,1,75457156.83902974,49174
15687,assam,arrang ,2019,1,137391656.7613904,76056
15688,assam,kamrup metropolitan ,2019,1,2605380335.9221573,1306775
15689,assam,hailakandi ,2019,1,76319460.13758466,51401
15690,assam,barpeta ,2019,1,416977891.5222329,262834
15691,assam,goalpara ,2019,1,191744923.215441,113947
15692,assam,biswanath ,2019,1,91143579.39023894,59752
15693,assam,jorhat ,2019,1,215041144.37958878,125165
15694,assam,nsukia ,2019,3,357008533.5524102,196245
15695,assam,lakhimpur ,2019,3,182745177.30235583,115808
15696,assam,kamrup ,2019,3,383883901.2477784,222439
15697,assam,kokrajhar ,2019,3,153786698.22127867,77004
15698,assam,karbi anglong ,2019,3,173411321.7054668,83280
15699,assam,vasagar ,2019,3,160505383.6038673,101503
15700,assam,brugarh ,2019,3,425077484.1305032,230118
15701,assam,outh salmara mancachar ,2019,3,72591552.54102534,32727
15702,assam,nagaon ,2019,3,491551326.21533215,258566
15703,assam,hubri ,2019,3,235503727.27269614,115968
15704,assam,golaghat ,2019,3,194779142.64060068,121795
15705,assam,udalguri ,2019,3,133441413.33037564,69169
15706,assam,majuli ,2019,3,22241164.406410635,19170
15707,assam,onitpur ,2019,3,533288953.0348954,257623
15708,assam,hojai ,2019,3,154505233.54100534,84120
15709,assam,marigaon ,2019,3,242626706.43637043,116364
15710,assam,hirang ,2019,3,87808950.14199197,45161
15711,assam,achar ,2019,3,426502976.7731471,242781
15712,assam,nalbari ,2019,3,133051985.19050579,82814
15713,assam,west karbi anglong ,2019,3,17754122.575145133,14546
15714,assam,hemaji ,2019,3,171587706.61930138,90986
15715,assam,karimganj ,2019,3,167756855.41726434,96450
15716,assam,bongaigaon ,2019,3,184020775.95802072,104703
15717,assam,ma hasao ,2019,3,80649915.50275356,41878
15718,assam,baksa ,2019,3,175122110.84885266,92868
15719,assam,haraideo ,2019,3,103441007.08569291,59490
15720,assam,arrang ,2019,3,171891466.67902952,90156
15721,assam,kamrup metropolitan ,2019,3,6080999088.202992,2188998
15722,assam,hailakandi ,2019,3,95753332.8367396,62134
15723,assam,barpeta ,2019,3,505242250.25981045,262253
15724,assam,goalpara ,2019,3,234306376.69394106,119928
15725,assam,biswanath ,2019,3,123277846.06646207,78058
15726,assam,jorhat ,2019,3,274329134.3924885,167468
15727,assam,nsukia ,2019,2,323303192.86631006,148294
15728,assam,lakhimpur ,2019,2,154536738.9259897,88545
15729,assam,kamrup ,2019,2,334724712.0725308,176995
15730,assam,kokrajhar ,2019,2,136120566.46937045,58445
15731,assam,karbi anglong ,2019,2,150114998.0486763,62877
15732,assam,vasagar ,2019,2,134981544.55457747,74192
15733,assam,brugarh ,2019,2,356524668.62132466,169357
15734,assam,outh salmara mancachar ,2019,2,69876713.5681054,32449
15735,assam,nagaon ,2019,2,422774561.3600137,231423
15736,assam,hubri ,2019,2,201203482.8078656,101070
15737,assam,golaghat ,2019,2,157511569.7769561,89403
15738,assam,udalguri ,2019,2,108912182.9417754,51326
15739,assam,majuli ,2019,2,17825869.547913164,13800
15740,assam,onitpur ,2019,2,444337498.7727274,192707
15741,assam,hojai ,2019,2,125015617.43164451,63598
15742,assam,marigaon ,2019,2,235342996.58975655,130459
15743,assam,hirang ,2019,2,65747046.11911234,31621
15744,assam,achar ,2019,2,335126276.2091832,177976
15745,assam,nalbari ,2019,2,108268162.20079285,64729
15746,assam,west karbi anglong ,2019,2,15373392.65586704,10260
15747,assam,hemaji ,2019,2,150306788.81401327,66560
15748,assam,karimganj ,2019,2,144404980.60717523,70635
15749,assam,bongaigaon ,2019,2,155642822.44107914,80689
15750,assam,ma hasao ,2019,2,57300032.732904054,28118
15751,assam,baksa ,2019,2,150019543.78537178,70162
15752,assam,haraideo ,2019,2,85061629.87310517,45010
15753,assam,arrang ,2019,2,140869866.57193547,70387
15754,assam,kamrup metropolitan ,2019,2,5089657876.792284,2488968
15755,assam,hailakandi ,2019,2,79845847.4735592,47321
15756,assam,barpeta ,2019,2,466786096.3962827,228864
15757,assam,goalpara ,2019,2,201643499.0041993,97473
15758,assam,biswanath ,2019,2,103930302.37445727,61472
15759,assam,jorhat ,2019,2,231878110.7193352,129744
15760,assam,nsukia ,2023,4,8184084433.0,5189615
15761,assam,lakhimpur ,2023,4,5744327705.0,4361637
15762,assam,kamrup ,2023,4,12506756486.0,8424238
15763,assam,kokrajhar ,2023,4,7312524187.0,4375333
15764,assam,karbi anglong ,2023,4,3978867179.0,2384936
15765,assam,vasagar ,2023,4,3302834884.0,2477201
15766,assam,brugarh ,2023,4,7427295961.0,5709873
15767,assam,outh salmara mancachar ,2023,4,5570379948.0,3369894
15768,assam,nagaon ,2023,4,19063736023.0,11620054
15769,assam,hubri ,2023,4,14883704767.0,9754250
15770,assam,golaghat ,2023,4,5294439139.0,3717221
15771,assam,udalguri ,2023,4,4179265292.0,2834860
15772,assam,majuli ,2023,4,518586023.0,403623
15773,assam,onitpur ,2023,4,10777430093.0,8050113
15774,assam,hojai ,2023,4,5300845947.0,3670224
15775,assam,marigaon ,2023,4,9705402781.0,5808139
15776,assam,hirang ,2023,4,3982679017.0,2347804
15777,assam,achar ,2023,4,14611571234.0,9259935
15778,assam,nalbari ,2023,4,4920016354.0,3150608
15779,assam,west karbi anglong ,2023,4,637186657.0,446777
15780,assam,hemaji ,2023,4,4011663237.0,2640683
15781,assam,karimganj ,2023,4,9636448211.0,5198477
15782,assam,bongaigaon ,2023,4,9640983542.0,6225825
15783,assam,ma hasao ,2023,4,1968322313.0,1098602
15784,assam,baksa ,2023,4,6383786882.0,3620536
15785,assam,haraideo ,2023,4,2105854470.0,1415059
15786,assam,arrang ,2023,4,10599716369.0,6735425
15787,assam,kamrup metropolitan ,2023,4,42066992122.0,35741066
15788,assam,hailakandi ,2023,4,5805638439.0,3536974
15789,assam,barpeta ,2023,4,23767852973.0,15365058
15790,assam,goalpara ,2023,4,13668435884.0,8585082
15791,assam,biswanath ,2023,4,3309626551.0,2448926
15792,assam,jorhat ,2023,4,4736381828.0,3784109
15793,assam,nsukia ,2023,1,6117150816.0,3283559
15794,assam,lakhimpur ,2023,1,4343543762.0,2476912
15795,assam,kamrup ,2023,1,9371100434.0,4930296
15796,assam,kokrajhar ,2023,1,4909355126.0,2355923
15797,assam,karbi anglong ,2023,1,3214908329.0,1520698
15798,assam,vasagar ,2023,1,2672941443.0,1570623
15799,assam,brugarh ,2023,1,5608974753.0,3760225
15800,assam,outh salmara mancachar ,2023,1,4356922804.0,1508825
15801,assam,nagaon ,2023,1,14229904732.0,6685799
15802,assam,hubri ,2023,1,10188898480.0,4783556
15803,assam,golaghat ,2023,1,4026121612.0,2224582
15804,assam,udalguri ,2023,1,2999218033.0,1639335
15805,assam,majuli ,2023,1,402870909.0,252765
15806,assam,onitpur ,2023,1,8045533285.0,5085643
15807,assam,hojai ,2023,1,4081301237.0,2133438
15808,assam,marigaon ,2023,1,7072156482.0,3358524
15809,assam,hirang ,2023,1,2669479936.0,1227227
15810,assam,achar ,2023,1,10760387455.0,5638260
15811,assam,nalbari ,2023,1,3606569741.0,1785728
15812,assam,west karbi anglong ,2023,1,468615052.0,258669
15813,assam,hemaji ,2023,1,3039266504.0,1628726
15814,assam,karimganj ,2023,1,7345868143.0,3129397
15815,assam,bongaigaon ,2023,1,7240422273.0,3402608
15816,assam,ma hasao ,2023,1,1214015609.0,567000
15817,assam,baksa ,2023,1,4845776221.0,2190401
15818,assam,haraideo ,2023,1,1628619134.0,853791
15819,assam,arrang ,2023,1,7158735706.0,3615988
15820,assam,kamrup metropolitan ,2023,1,32177527551.0,22957420
15821,assam,hailakandi ,2023,1,4019608832.0,2046225
15822,assam,barpeta ,2023,1,18729528128.0,8607360
15823,assam,goalpara ,2023,1,9833497403.0,4337423
15824,assam,biswanath ,2023,1,2345159408.0,1384589
15825,assam,jorhat ,2023,1,3630187754.0,2559123
15826,assam,nsukia ,2023,3,6820826177.0,4565290
15827,assam,lakhimpur ,2023,3,5023686779.0,3833961
15828,assam,kamrup ,2023,3,10800114027.0,7313093
15829,assam,kokrajhar ,2023,3,6131660384.0,3648008
15830,assam,karbi anglong ,2023,3,3428433363.0,2100974
15831,assam,vasagar ,2023,3,2996906032.0,2269030
15832,assam,brugarh ,2023,3,6883206756.0,5328549
15833,assam,outh salmara mancachar ,2023,3,4342293033.0,2368268
15834,assam,nagaon ,2023,3,16218655937.0,9915879
15835,assam,hubri ,2023,3,12038352780.0,7727555
15836,assam,golaghat ,2023,3,4649877887.0,3265899
15837,assam,udalguri ,2023,3,3540229495.0,2471832
15838,assam,majuli ,2023,3,449129036.0,340706
15839,assam,onitpur ,2023,3,9555385617.0,7184992
15840,assam,hojai ,2023,3,4680370231.0,3173826
15841,assam,marigaon ,2023,3,7900727989.0,4800400
15842,assam,hirang ,2023,3,3200095251.0,1922041
15843,assam,achar ,2023,3,12475988474.0,8139863
15844,assam,nalbari ,2023,3,4298403085.0,2709875
15845,assam,west karbi anglong ,2023,3,541617888.0,382335
15846,assam,hemaji ,2023,3,3478657621.0,2320967
15847,assam,karimganj ,2023,3,8300362452.0,4518671
15848,assam,bongaigaon ,2023,3,7992492776.0,5223464
15849,assam,ma hasao ,2023,3,1716140103.0,947489
15850,assam,baksa ,2023,3,5364907563.0,3119967
15851,assam,haraideo ,2023,3,1852693619.0,1270698
15852,assam,arrang ,2023,3,8131813482.0,5522247
15853,assam,kamrup metropolitan ,2023,3,38969448090.0,33252533
15854,assam,hailakandi ,2023,3,4560524135.0,3011092
15855,assam,barpeta ,2023,3,19547199120.0,12553937
15856,assam,goalpara ,2023,3,10895284121.0,6726109
15857,assam,biswanath ,2023,3,2896232915.0,2089534
15858,assam,jorhat ,2023,3,4376298184.0,3556267
15859,assam,nsukia ,2023,2,6507525643.0,3851912
15860,assam,lakhimpur ,2023,2,4876785629.0,3057549
15861,assam,kamrup ,2023,2,10319507492.0,6019583
15862,assam,kokrajhar ,2023,2,5758367366.0,2949625
15863,assam,karbi anglong ,2023,2,3451464394.0,1815628
15864,assam,vasagar ,2023,2,2802402072.0,1832171
15865,assam,brugarh ,2023,2,6339612450.0,4515459
15866,assam,outh salmara mancachar ,2023,2,4781401468.0,1921183
15867,assam,nagaon ,2023,2,15933295314.0,8290774
15868,assam,hubri ,2023,2,11652162342.0,5998987
15869,assam,golaghat ,2023,2,4365734962.0,2685300
15870,assam,udalguri ,2023,2,3369067037.0,2017515
15871,assam,majuli ,2023,2,464620442.0,298852
15872,assam,onitpur ,2023,2,9155763527.0,6079471
15873,assam,hojai ,2023,2,4575809166.0,2650538
15874,assam,marigaon ,2023,2,7831746623.0,4122001
15875,assam,hirang ,2023,2,3117726249.0,1562965
15876,assam,achar ,2023,2,11304410610.0,6593914
15877,assam,nalbari ,2023,2,4095366006.0,2194760
15878,assam,west karbi anglong ,2023,2,543268673.0,321867
15879,assam,hemaji ,2023,2,3385291207.0,1933305
15880,assam,karimganj ,2023,2,7737482765.0,3708403
15881,assam,bongaigaon ,2023,2,8015507557.0,4272392
15882,assam,ma hasao ,2023,2,1412966285.0,723783
15883,assam,baksa ,2023,2,5238071690.0,2577080
15884,assam,haraideo ,2023,2,1748795643.0,1046404
15885,assam,arrang ,2023,2,7943501699.0,4517036
15886,assam,kamrup metropolitan ,2023,2,36066525702.0,27633429
15887,assam,hailakandi ,2023,2,4219916209.0,2438411
15888,assam,barpeta ,2023,2,20577968723.0,10582441
15889,assam,goalpara ,2023,2,10755879893.0,5347770
15890,assam,biswanath ,2023,2,2748393436.0,1733270
15891,assam,jorhat ,2023,2,4014450509.0,2997175
15892,assam,nsukia ,2022,4,3636219479.5014515,1847473
15893,assam,lakhimpur ,2022,4,2505469638.516078,1397791
15894,assam,kamrup ,2022,4,6488564510.007879,3473735
15895,assam,kokrajhar ,2022,4,2609828653.3645363,1249751
15896,assam,karbi anglong ,2022,4,2189719279.796463,1030879
15897,assam,vasagar ,2022,4,1544157685.457902,883421
15898,assam,brugarh ,2022,4,4540236249.409073,2781759
15899,assam,outh salmara mancachar ,2022,4,1935371793.739441,763570
15900,assam,nagaon ,2022,4,7442294882.997084,3466436
15901,assam,hubri ,2022,4,5696918774.408015,2801543
15902,assam,golaghat ,2022,4,2348259381.7865367,1247652
15903,assam,udalguri ,2022,4,1929847430.1772635,1048339
15904,assam,majuli ,2022,4,264376860.96607828,170716
15905,assam,onitpur ,2022,4,5955878582.005959,3570910
15906,assam,hojai ,2022,4,2311470243.4308867,1188838
15907,assam,marigaon ,2022,4,3678892463.487752,1732867
15908,assam,hirang ,2022,4,1640747076.1993437,763852
15909,assam,achar ,2022,4,6146128032.607637,3169492
15910,assam,nalbari ,2022,4,1913556549.936222,956563
15911,assam,west karbi anglong ,2022,4,264423911.38078785,139542
15912,assam,hemaji ,2022,4,1749366721.703061,913590
15913,assam,karimganj ,2022,4,3857130937.197542,1635099
15914,assam,bongaigaon ,2022,4,4663672960.523357,2301942
15915,assam,ma hasao ,2022,4,753858279.4564474,323049
15916,assam,baksa ,2022,4,2539432688.237523,1159058
15917,assam,haraideo ,2022,4,1222334993.440687,620063
15918,assam,arrang ,2022,4,3947924967.0539055,1903379
15919,assam,kamrup metropolitan ,2022,4,84183380553.41818,48873033
15920,assam,hailakandi ,2022,4,2307448482.382268,1179854
15921,assam,barpeta ,2022,4,12025232756.80872,5914147
15922,assam,goalpara ,2022,4,5401152298.290413,2471469
15923,assam,biswanath ,2022,4,1431848172.336092,770207
15924,assam,jorhat ,2022,4,3528373897.52103,2231248
15925,assam,nsukia ,2022,1,2471991459.7376165,1110108
15926,assam,lakhimpur ,2022,1,1653871930.7532177,725851
15927,assam,kamrup ,2022,1,3838019247.423967,1708845
15928,assam,kokrajhar ,2022,1,1794915585.4684856,703834
15929,assam,karbi anglong ,2022,1,1480533626.5264075,576671
15930,assam,vasagar ,2022,1,1201010320.385499,570136
15931,assam,brugarh ,2022,1,3721424814.9586687,1830668
15932,assam,outh salmara mancachar ,2022,1,1357660615.5399206,424292
15933,assam,nagaon ,2022,1,5405490459.948576,2049272
15934,assam,hubri ,2022,1,3380205337.130154,1247298
15935,assam,golaghat ,2022,1,1681747448.411046,753488
15936,assam,udalguri ,2022,1,1168300625.4282162,547716
15937,assam,majuli ,2022,1,172837394.19285655,89346
15938,assam,onitpur ,2022,1,3651941482.2987127,1805856
15939,assam,hojai ,2022,1,1595056089.1451948,665166
15940,assam,marigaon ,2022,1,2790138101.722805,1027786
15941,assam,hirang ,2022,1,951303010.3050023,363645
15942,assam,achar ,2022,1,4225305321.285734,1869862
15943,assam,nalbari ,2022,1,1369285179.1665456,571467
15944,assam,west karbi anglong ,2022,1,186901516.61209765,88219
15945,assam,hemaji ,2022,1,1369239048.8460484,562489
15946,assam,karimganj ,2022,1,2759677605.0696893,962907
15947,assam,bongaigaon ,2022,1,2661981437.245404,1014501
15948,assam,ma hasao ,2022,1,509944077.09921765,216314
15949,assam,baksa ,2022,1,1944006764.845173,731895
15950,assam,haraideo ,2022,1,742058516.3146229,311136
15951,assam,arrang ,2022,1,2732173374.689469,1205741
15952,assam,kamrup metropolitan ,2022,1,60093746992.89226,28908435
15953,assam,hailakandi ,2022,1,1476770132.0294952,652625
15954,assam,barpeta ,2022,1,7413611760.549712,2846523
15955,assam,goalpara ,2022,1,3720380319.7322354,1299073
15956,assam,biswanath ,2022,1,990785769.7113907,470228
15957,assam,jorhat ,2022,1,1768122527.2374763,978493
15958,assam,nsukia ,2022,3,3042250714.0585003,1596815
15959,assam,lakhimpur ,2022,3,2067093940.620087,1107100
15960,assam,kamrup ,2022,3,4614592326.476387,2430234
15961,assam,kokrajhar ,2022,3,2284375602.7792797,1067899
15962,assam,karbi anglong ,2022,3,1828335931.7694077,859889
15963,assam,vasagar ,2022,3,1314001865.700468,747403
15964,assam,brugarh ,2022,3,3933628296.025187,2307181
15965,assam,outh salmara mancachar ,2022,3,1484669445.1835508,605276
15966,assam,nagaon ,2022,3,6558107158.010572,2968058
15967,assam,hubri ,2022,3,4556385241.834756,2223747
15968,assam,golaghat ,2022,3,2034519777.2871876,1053657
15969,assam,udalguri ,2022,3,1579156771.500186,863753
15970,assam,majuli ,2022,3,225690807.14413714,134355
15971,assam,onitpur ,2022,3,5410346627.41358,3096898
15972,assam,hojai ,2022,3,2113483858.3325524,1043820
15973,assam,marigaon ,2022,3,3238457317.646788,1489205
15974,assam,hirang ,2022,3,1537298774.9483962,715691
15975,assam,achar ,2022,3,5192449137.351445,2665315
15976,assam,nalbari ,2022,3,1648877908.7165303,794013
15977,assam,west karbi anglong ,2022,3,205472736.923297,109757
15978,assam,hemaji ,2022,3,1515654182.855371,772797
15979,assam,karimganj ,2022,3,3178134072.4352174,1334451
15980,assam,bongaigaon ,2022,3,3479985149.6288843,1668882
15981,assam,ma hasao ,2022,3,678521294.5272696,288848
15982,assam,baksa ,2022,3,2149845145.9618897,994859
15983,assam,haraideo ,2022,3,1267458929.2095046,653536
15984,assam,arrang ,2022,3,3233214492.5730667,1805090
15985,assam,kamrup metropolitan ,2022,3,69410860235.2296,39606017
15986,assam,hailakandi ,2022,3,2991549159.6529717,1560929
15987,assam,barpeta ,2022,3,9149960686.489628,4561028
15988,assam,goalpara ,2022,3,4590076568.303604,2054687
15989,assam,biswanath ,2022,3,1279949511.7036183,668091
15990,assam,jorhat ,2022,3,3694675386.605816,2264530
15991,assam,nsukia ,2022,2,2864342184.623848,1393042
15992,assam,lakhimpur ,2022,2,1949181060.629253,949594
15993,assam,kamrup ,2022,2,4247651138.552457,2122755
15994,assam,kokrajhar ,2022,2,2134593237.4052541,941658
15995,assam,karbi anglong ,2022,2,1596022243.6550176,663418
15996,assam,vasagar ,2022,2,1292419445.2581577,694978
15997,assam,brugarh ,2022,2,4426557091.530311,2372318
15998,assam,outh salmara mancachar ,2022,2,1518417902.4851627,532090
15999,assam,nagaon ,2022,2,6401629329.647786,2624899
16000,assam,hubri ,2022,2,4095843491.511972,1748061
16001,assam,golaghat ,2022,2,1870905474.837348,928135
16002,assam,udalguri ,2022,2,1374405319.608431,731430
16003,assam,majuli ,2022,2,192613565.7361275,105899
16004,assam,onitpur ,2022,2,4228702694.6406856,2331103
16005,assam,hojai ,2022,2,1885347223.2358832,832316
16006,assam,marigaon ,2022,2,3195268221.1941223,1362294
16007,assam,hirang ,2022,2,1142819737.0710807,483371
16008,assam,achar ,2022,2,4390976386.361718,2208886
16009,assam,nalbari ,2022,2,1547056523.551427,711088
16010,assam,west karbi anglong ,2022,2,208934121.88290805,98911
16011,assam,hemaji ,2022,2,1532877539.60587,698448
16012,assam,karimganj ,2022,2,2886007289.474466,1164306
16013,assam,bongaigaon ,2022,2,3242058585.814122,1380703
16014,assam,ma hasao ,2022,2,545715522.4659376,228456
16015,assam,baksa ,2022,2,2132096440.2419512,905373
16016,assam,haraideo ,2022,2,812357268.893158,382915
16017,assam,arrang ,2022,2,3227701241.9922876,1764727
16018,assam,kamrup metropolitan ,2022,2,70515346667.22395,37896005
16019,assam,hailakandi ,2022,2,1571435620.2824044,787208
16020,assam,barpeta ,2022,2,8597920826.98738,3782074
16021,assam,goalpara ,2022,2,4241626695.2866406,1660385
16022,assam,biswanath ,2022,2,1221547710.8569949,604714
16023,assam,jorhat ,2022,2,2020664284.239387,1243165
16024,assam,nsukia ,2020,4,1209737013.9697673,543941
16025,assam,lakhimpur ,2020,4,620709324.0849249,304251
16026,assam,kamrup ,2020,4,1271039293.2521,557203
16027,assam,kokrajhar ,2020,4,522575460.2813618,209653
16028,assam,karbi anglong ,2020,4,548523247.5679932,229991
16029,assam,vasagar ,2020,4,561002521.458745,259736
16030,assam,brugarh ,2020,4,1479167066.8054302,631601
16031,assam,outh salmara mancachar ,2020,4,338306352.61497504,111015
16032,assam,nagaon ,2020,4,1665021995.8192074,667880
16033,assam,hubri ,2020,4,874322425.3902972,337623
16034,assam,golaghat ,2020,4,687756877.7912595,337771
16035,assam,udalguri ,2020,4,415302655.27819014,181878
16036,assam,majuli ,2020,4,69435583.78914571,43480
16037,assam,onitpur ,2020,4,1560923095.7659307,676306
16038,assam,hojai ,2020,4,528926408.78015757,224628
16039,assam,marigaon ,2020,4,736327079.8480828,277304
16040,assam,hirang ,2020,4,281687589.58493227,121011
16041,assam,achar ,2020,4,1434767202.3488228,623731
16042,assam,nalbari ,2020,4,464782209.23467815,210966
16043,assam,west karbi anglong ,2020,4,80617646.24078932,44259
16044,assam,hemaji ,2020,4,567469583.0598263,250452
16045,assam,karimganj ,2020,4,754661918.8881419,309172
16046,assam,bongaigaon ,2020,4,724047412.765212,301859
16047,assam,ma hasao ,2020,4,262165738.17960855,110429
16048,assam,baksa ,2020,4,644108232.3336508,253333
16049,assam,haraideo ,2020,4,356182476.76104593,152117
16050,assam,arrang ,2020,4,682167456.1529416,239602
16051,assam,kamrup metropolitan ,2020,4,16105922899.456022,5300547
16052,assam,hailakandi ,2020,4,419018012.3664531,189140
16053,assam,barpeta ,2020,4,2053361856.4779525,724763
16054,assam,goalpara ,2020,4,1018165139.8396726,381733
16055,assam,biswanath ,2020,4,472733035.60243803,215627
16056,assam,jorhat ,2020,4,815676507.4744498,400452
16057,assam,nsukia ,2020,1,541758826.9845176,286640
16058,assam,lakhimpur ,2020,1,275431087.19729304,170709
16059,assam,kamrup ,2020,1,605538834.8588183,322830
16060,assam,kokrajhar ,2020,1,248408355.21989542,114668
16061,assam,karbi anglong ,2020,1,217131796.10672602,113535
16062,assam,vasagar ,2020,1,255427708.50909787,145386
16063,assam,brugarh ,2020,1,585327059.678019,317878
16064,assam,outh salmara mancachar ,2020,1,131605619.18781178,53050
16065,assam,nagaon ,2020,1,736229612.8989756,360749
16066,assam,hubri ,2020,1,396380458.8856824,171651
16067,assam,golaghat ,2020,1,301335497.7930421,179380
16068,assam,udalguri ,2020,1,191387716.4480479,102667
16069,assam,majuli ,2020,1,35131725.05132236,25164
16070,assam,onitpur ,2020,1,755509094.6113625,383179
16071,assam,hojai ,2020,1,234366183.7308593,116561
16072,assam,marigaon ,2020,1,365789442.36522716,178906
16073,assam,hirang ,2020,1,129457976.34682235,69572
16074,assam,achar ,2020,1,659702346.1886156,375774
16075,assam,nalbari ,2020,1,204236898.97519046,123597
16076,assam,west karbi anglong ,2020,1,34424503.58908371,24370
16077,assam,hemaji ,2020,1,261048437.21831787,132751
16078,assam,karimganj ,2020,1,300337283.14218104,149784
16079,assam,bongaigaon ,2020,1,308181647.0424576,154338
16080,assam,ma hasao ,2020,1,113253608.62830341,57312
16081,assam,baksa ,2020,1,286488075.0946201,139164
16082,assam,haraideo ,2020,1,166505285.42115477,88911
16083,assam,arrang ,2020,1,282448987.90926135,130156
16084,assam,kamrup metropolitan ,2020,1,10080547554.265474,3338601
16085,assam,hailakandi ,2020,1,178759552.2400369,94255
16086,assam,barpeta ,2020,1,833078665.8149495,367963
16087,assam,goalpara ,2020,1,399940069.48684144,178776
16088,assam,biswanath ,2020,1,182185726.09962332,108475
16089,assam,jorhat ,2020,1,371072710.73973197,232108
16090,assam,nsukia ,2020,3,839411510.8503457,442335
16091,assam,lakhimpur ,2020,3,431917438.40076566,258450
16092,assam,kamrup ,2020,3,878646586.9277797,445726
16093,assam,kokrajhar ,2020,3,354873433.7407801,169456
16094,assam,karbi anglong ,2020,3,377558923.84267277,186352
16095,assam,vasagar ,2020,3,375381648.79175025,213330
16096,assam,brugarh ,2020,3,1106487215.771987,526945
16097,assam,outh salmara mancachar ,2020,3,203318061.94884482,76074
16098,assam,nagaon ,2020,3,1153926434.0592713,535675
16099,assam,hubri ,2020,3,574593610.2092601,265528
16100,assam,golaghat ,2020,3,484885427.85811895,278714
16101,assam,udalguri ,2020,3,312073789.4753115,154549
16102,assam,majuli ,2020,3,56123804.82257187,39125
16103,assam,onitpur ,2020,3,1164586118.8388221,540972
16104,assam,hojai ,2020,3,355628836.03412914,175557
16105,assam,marigaon ,2020,3,512119251.2560668,230540
16106,assam,hirang ,2020,3,192241344.00140762,102868
16107,assam,achar ,2020,3,920279966.2377985,487493
16108,assam,nalbari ,2020,3,305820367.27784514,175078
16109,assam,west karbi anglong ,2020,3,63195580.4849911,40408
16110,assam,hemaji ,2020,3,411442432.54643184,206214
16111,assam,karimganj ,2020,3,504923538.1515511,249302
16112,assam,bongaigaon ,2020,3,476147034.02800435,227984
16113,assam,ma hasao ,2020,3,180472116.28952006,93676
16114,assam,baksa ,2020,3,442621506.6427143,208297
16115,assam,haraideo ,2020,3,244390041.98398152,130863
16116,assam,arrang ,2020,3,455692195.8874371,188334
16117,assam,kamrup metropolitan ,2020,3,13346088870.114107,4268591
16118,assam,hailakandi ,2020,3,294342674.92533815,161126
16119,assam,barpeta ,2020,3,1306355860.1566281,553783
16120,assam,goalpara ,2020,3,630486618.2775412,277508
16121,assam,biswanath ,2020,3,332570734.95310086,171570
16122,assam,jorhat ,2020,3,542788284.757088,315288
16123,assam,nsukia ,2020,2,618021383.1902584,420620
16124,assam,lakhimpur ,2020,2,350989858.66494405,272571
16125,assam,kamrup ,2020,2,696378364.1282135,461735
16126,assam,kokrajhar ,2020,2,308298837.3237574,172597
16127,assam,karbi anglong ,2020,2,292585692.4231733,183647
16128,assam,vasagar ,2020,2,286719380.2356086,220014
16129,assam,brugarh ,2020,2,678491572.8304845,447580
16130,assam,outh salmara mancachar ,2020,2,196672059.63422558,83003
16131,assam,nagaon ,2020,2,889592664.4056509,521404
16132,assam,hubri ,2020,2,458359612.4548876,279128
16133,assam,golaghat ,2020,2,381486790.01234204,290221
16134,assam,udalguri ,2020,2,268857082.80588436,166432
16135,assam,majuli ,2020,2,51674787.72689781,40396
16136,assam,onitpur ,2020,2,899403354.2732959,510820
16137,assam,hojai ,2020,2,285298432.07494795,172987
16138,assam,marigaon ,2020,2,429689787.586447,240281
16139,assam,hirang ,2020,2,166769974.12251493,112936
16140,assam,achar ,2020,2,671325302.7518412,448258
16141,assam,nalbari ,2020,2,254116361.12580383,198498
16142,assam,west karbi anglong ,2020,2,49256668.874245055,42806
16143,assam,hemaji ,2020,2,328331122.2696053,205941
16144,assam,karimganj ,2020,2,348307355.5519594,219675
16145,assam,bongaigaon ,2020,2,339332330.9810649,215359
16146,assam,ma hasao ,2020,2,143371839.6172748,90255
16147,assam,baksa ,2020,2,363494158.45049345,220877
16148,assam,haraideo ,2020,2,187405994.2347428,132136
16149,assam,arrang ,2020,2,334935860.5953754,191116
16150,assam,kamrup metropolitan ,2020,2,7190215278.036328,2543890
16151,assam,hailakandi ,2020,2,214091717.66001353,145539
16152,assam,barpeta ,2020,2,967512954.9444927,519590
16153,assam,goalpara ,2020,2,485118707.4615322,261762
16154,assam,biswanath ,2020,2,223505041.45463598,166278
16155,assam,jorhat ,2020,2,406689798.01641923,306847
16156,assam,nsukia ,2018,4,253718923.0695014,127171
16157,assam,lakhimpur ,2018,4,104689433.9410339,76772
16158,assam,kamrup ,2018,4,236088241.49952984,162592
16159,assam,kokrajhar ,2018,4,123041318.32460138,54606
16160,assam,karbi anglong ,2018,4,99019113.05197324,53526
16161,assam,vasagar ,2018,4,99142069.27717136,64113
16162,assam,brugarh ,2018,4,264346941.4922037,144931
16163,assam,outh salmara mancachar ,2018,4,41170236.09800846,26334
16164,assam,nagaon ,2018,4,317973029.4737475,435103
16165,assam,hubri ,2018,4,181651044.89215764,120810
16166,assam,golaghat ,2018,4,126712548.58575013,79500
16167,assam,udalguri ,2018,4,90836151.48172343,51801
16168,assam,majuli ,2018,4,13348264.371029017,16498
16169,assam,onitpur ,2018,4,358549931.5785284,165399
16170,assam,hojai ,2018,4,85392301.38430479,53523
16171,assam,marigaon ,2018,4,207853575.09985885,193075
16172,assam,hirang ,2018,4,51647368.60810732,26846
16173,assam,achar ,2018,4,272342253.1327299,187360
16174,assam,nalbari ,2018,4,83491586.46719557,61931
16175,assam,west karbi anglong ,2018,4,9985888.620912362,8729
16176,assam,hemaji ,2018,4,109905674.61382627,62268
16177,assam,karimganj ,2018,4,106200165.50793815,62738
16178,assam,bongaigaon ,2018,4,130369027.68827806,84239
16179,assam,ma hasao ,2018,4,41435937.87571849,19051
16180,assam,baksa ,2018,4,114583565.16335085,66602
16181,assam,haraideo ,2018,4,63979700.09467216,41777
16182,assam,arrang ,2018,4,109435369.93100193,67909
16183,assam,kamrup metropolitan ,2018,4,1345451492.4344451,686010
16184,assam,hailakandi ,2018,4,66947503.90498407,43026
16185,assam,barpeta ,2018,4,354675455.9326413,225449
16186,assam,goalpara ,2018,4,171764620.40410748,101776
16187,assam,biswanath ,2018,4,77750045.91803803,52514
16188,assam,jorhat ,2018,4,174524079.09399235,110193
16189,assam,nsukia ,2018,1,45886201.028968215,41237
16190,assam,lakhimpur ,2018,1,17798094.851239465,24946
16191,assam,kamrup ,2018,1,41868129.255927615,47859
16192,assam,kokrajhar ,2018,1,17935304.652874034,16397
16193,assam,karbi anglong ,2018,1,14875159.1867853,15032
16194,assam,vasagar ,2018,1,17611863.81889959,16898
16195,assam,brugarh ,2018,1,53258765.86975427,44792
16196,assam,outh salmara mancachar ,2018,1,9404471.999163514,8415
16197,assam,nagaon ,2018,1,56352631.291476294,66695
16198,assam,hubri ,2018,1,24431277.76189988,26072
16199,assam,golaghat ,2018,1,19058581.948010616,22089
16200,assam,udalguri ,2018,1,14465756.75866175,18168
16201,assam,majuli ,2018,1,1326721.023225203,2598
16202,assam,onitpur ,2018,1,73005566.24909952,51976
16203,assam,hojai ,2018,1,15849610.99109809,16917
16204,assam,marigaon ,2018,1,105067294.49868405,79832
16205,assam,hirang ,2018,1,11665546.586547565,8445
16206,assam,achar ,2018,1,57250290.53047233,56481
16207,assam,nalbari ,2018,1,12393870.992541898,16878
16208,assam,west karbi anglong ,2018,1,570966.7219731117,1445
16209,assam,hemaji ,2018,1,17004986.97044885,16037
16210,assam,karimganj ,2018,1,17842353.51962607,17261
16211,assam,bongaigaon ,2018,1,21510944.891263362,18899
16212,assam,ma hasao ,2018,1,4781136.056644153,4233
16213,assam,baksa ,2018,1,22457849.86668141,20964
16214,assam,haraideo ,2018,1,10873516.975702649,13094
16215,assam,arrang ,2018,1,21593879.067580055,28031
16216,assam,kamrup metropolitan ,2018,1,284766218.98487484,194617
16217,assam,hailakandi ,2018,1,11065155.715426873,15865
16218,assam,barpeta ,2018,1,56352302.37753609,67801
16219,assam,goalpara ,2018,1,25331840.51625772,27132
16220,assam,biswanath ,2018,1,12983623.197160937,16453
16221,assam,jorhat ,2018,1,41164542.05596451,33322
16222,assam,nsukia ,2018,3,155121755.76365337,90928
16223,assam,lakhimpur ,2018,3,62695597.63194518,51496
16224,assam,kamrup ,2018,3,148929589.80060056,112726
16225,assam,kokrajhar ,2018,3,73077064.97429448,40412
16226,assam,karbi anglong ,2018,3,57257408.755169146,34200
16227,assam,vasagar ,2018,3,59919419.351953864,42699
16228,assam,brugarh ,2018,3,173048841.5837646,98822
16229,assam,outh salmara mancachar ,2018,3,26159422.01650779,19386
16230,assam,nagaon ,2018,3,208584967.9650631,142195
16231,assam,hubri ,2018,3,103548615.7832775,67607
16232,assam,golaghat ,2018,3,72105527.30150673,54792
16233,assam,udalguri ,2018,3,49951166.54462874,37084
16234,assam,majuli ,2018,3,8055597.913024999,10921
16235,assam,onitpur ,2018,3,252135800.71617544,116196
16236,assam,hojai ,2018,3,61817228.94964518,38583
16237,assam,marigaon ,2018,3,189132040.91743046,102867
16238,assam,hirang ,2018,3,33723485.937145546,18743
16239,assam,achar ,2018,3,189612378.33199263,123735
16240,assam,nalbari ,2018,3,53972192.02012733,41038
16241,assam,west karbi anglong ,2018,3,4925639.964915074,4995
16242,assam,hemaji ,2018,3,66647316.37566679,40083
16243,assam,karimganj ,2018,3,61562538.83501206,44660
16244,assam,bongaigaon ,2018,3,82437701.24197799,50508
16245,assam,ma hasao ,2018,3,21820660.620861933,12952
16246,assam,baksa ,2018,3,78080860.90020068,50043
16247,assam,haraideo ,2018,3,37987634.601765156,28439
16248,assam,arrang ,2018,3,66050473.03652644,51560
16249,assam,kamrup metropolitan ,2018,3,884121118.8280818,476050
16250,assam,hailakandi ,2018,3,41835687.849734716,29372
16251,assam,barpeta ,2018,3,230125281.84070832,145945
16252,assam,goalpara ,2018,3,88773137.69565679,57019
16253,assam,biswanath ,2018,3,49910423.578981526,36071
16254,assam,jorhat ,2018,3,118008412.28630178,79724
16255,assam,nsukia ,2018,2,102921465.63822293,66715
16256,assam,lakhimpur ,2018,2,43214923.214693636,39374
16257,assam,kamrup ,2018,2,83338163.66068907,74537
16258,assam,kokrajhar ,2018,2,39803961.022866696,25926
16259,assam,karbi anglong ,2018,2,32715713.62045552,21038
16260,assam,vasagar ,2018,2,38045383.75274092,32513
16261,assam,brugarh ,2018,2,110954951.68517756,70642
16262,assam,outh salmara mancachar ,2018,2,17203000.741125718,11905
16263,assam,nagaon ,2018,2,129818644.91478491,105834
16264,assam,hubri ,2018,2,47762317.267708406,45661
16265,assam,golaghat ,2018,2,43250232.58380605,36437
16266,assam,udalguri ,2018,2,30375056.040722743,27215
16267,assam,majuli ,2018,2,3699473.567640461,5058
16268,assam,onitpur ,2018,2,151230715.30607644,82799
16269,assam,hojai ,2018,2,37555286.20435598,27627
16270,assam,marigaon ,2018,2,204057284.2187584,109223
16271,assam,hirang ,2018,2,20005276.774361502,11893
16272,assam,achar ,2018,2,105147622.61224496,83921
16273,assam,nalbari ,2018,2,31476842.338154256,28274
16274,assam,west karbi anglong ,2018,2,2307157.4720137673,3059
16275,assam,hemaji ,2018,2,40136198.64929268,28048
16276,assam,karimganj ,2018,2,31418376.057903484,29742
16277,assam,bongaigaon ,2018,2,41124057.19038026,30556
16278,assam,ma hasao ,2018,2,15427592.177508093,7909
16279,assam,baksa ,2018,2,47062551.49763677,34924
16280,assam,haraideo ,2018,2,22097271.472520743,22888
16281,assam,arrang ,2018,2,44360631.7271892,39773
16282,assam,kamrup metropolitan ,2018,2,548619364.2308466,320417
16283,assam,hailakandi ,2018,2,21484955.789951526,20932
16284,assam,barpeta ,2018,2,117541108.74699074,102217
16285,assam,goalpara ,2018,2,48654323.65172512,38784
16286,assam,biswanath ,2018,2,27140715.978855878,24691
16287,assam,jorhat ,2018,2,70634515.73039348,53341
16288,assam,nsukia ,2024,1,8644251817.0,5550247
16289,assam,lakhimpur ,2024,1,6318881902.0,4902457
16290,assam,kamrup ,2024,1,14690113788.0,9838598
16291,assam,kokrajhar ,2024,1,8290319960.0,5186611
16292,assam,karbi anglong ,2024,1,4219129847.0,2642472
16293,assam,vasagar ,2024,1,3525865170.0,2717687
16294,assam,brugarh ,2024,1,7569686833.0,5918526
16295,assam,outh salmara mancachar ,2024,1,7281381782.0,4422302
16296,assam,nagaon ,2024,1,22200039299.0,13867011
16297,assam,hubri ,2024,1,17933300841.0,12272788
16298,assam,golaghat ,2024,1,5849983656.0,4174420
16299,assam,udalguri ,2024,1,4593023615.0,3174551
16300,assam,majuli ,2024,1,559995250.0,431401
16301,assam,onitpur ,2024,1,11543368894.0,8762274
16302,assam,hojai ,2024,1,6143520677.0,4225108
16303,assam,marigaon ,2024,1,10714731134.0,6801169
16304,assam,hirang ,2024,1,4661771980.0,2783695
16305,assam,achar ,2024,1,15918343605.0,10515083
16306,assam,nalbari ,2024,1,5414952987.0,3456500
16307,assam,west karbi anglong ,2024,1,687692284.0,486912
16308,assam,hemaji ,2024,1,4418125959.0,2923070
16309,assam,karimganj ,2024,1,11211072125.0,6276788
16310,assam,bongaigaon ,2024,1,11757183235.0,7673311
16311,assam,ma hasao ,2024,1,1945653945.0,1220165
16312,assam,baksa ,2024,1,7136380339.0,4160930
16313,assam,haraideo ,2024,1,2122402178.0,1530590
16314,assam,arrang ,2024,1,12414085307.0,8045981
16315,assam,kamrup metropolitan ,2024,1,43094133738.0,37451157
16316,assam,hailakandi ,2024,1,6161516215.0,4160640
16317,assam,barpeta ,2024,1,29325169669.0,18751526
16318,assam,goalpara ,2024,1,16606751899.0,10539700
16319,assam,biswanath ,2024,1,3417757121.0,2719000
16320,assam,jorhat ,2024,1,4813318979.0,3942386
16321,sikkim,outh ,2021,4,546711693.4617904,238464
16322,sikkim,west ,2021,4,436365769.14490384,146397
16323,sikkim,east ,2021,4,2791933180.3838186,1071092
16324,sikkim,north ,2021,4,421772618.6452949,128392
16325,sikkim,outh ,2021,1,310128541.24028677,127233
16326,sikkim,west ,2021,1,254432217.49525508,88532
16327,sikkim,east ,2021,1,1432658383.1323361,516158
16328,sikkim,north ,2021,1,220448584.97284672,68266
16329,sikkim,outh ,2021,3,416609481.70282745,188063
16330,sikkim,west ,2021,3,312940476.16548187,116665
16331,sikkim,east ,2021,3,1937906268.9017417,757493
16332,sikkim,north ,2021,3,321880637.03834116,98373
16333,sikkim,outh ,2021,2,344012187.23706484,157530
16334,sikkim,west ,2021,2,248942844.2100811,102322
16335,sikkim,east ,2021,2,1575867390.7924504,635504
16336,sikkim,north ,2021,2,256077157.4357005,81358
16337,sikkim,outh ,2019,4,121803196.14604722,73099
16338,sikkim,west ,2019,4,92445262.76900172,43955
16339,sikkim,east ,2019,4,877636921.1534436,616761
16340,sikkim,north ,2019,4,84624221.58772576,33255
16341,sikkim,outh ,2019,1,76869333.72007152,47506
16342,sikkim,west ,2019,1,46329216.02416058,21489
16343,sikkim,east ,2019,1,291845617.9832262,155482
16344,sikkim,north ,2019,1,42949466.656635895,15810
16345,sikkim,outh ,2019,3,106415589.26391001,61142
16346,sikkim,west ,2019,3,66514136.575647816,33550
16347,sikkim,east ,2019,3,643298304.6767757,429201
16348,sikkim,north ,2019,3,68488417.92409426,28543
16349,sikkim,outh ,2019,2,82937894.82004634,45712
16350,sikkim,west ,2019,2,63325567.8423853,26024
16351,sikkim,east ,2019,2,538259507.8024242,297652
16352,sikkim,north ,2019,2,54371272.971085116,18856
16353,sikkim,outh ,2023,4,1473748906.0,992717
16354,sikkim,west ,2023,4,1099388405.0,559933
16355,sikkim,east ,2023,4,5169011224.0,2941915
16356,sikkim,north ,2023,4,848459936.0,362759
16357,sikkim,outh ,2023,1,1130114141.0,686864
16358,sikkim,west ,2023,1,853504549.0,368967
16359,sikkim,east ,2023,1,4070142377.0,2050840
16360,sikkim,north ,2023,1,708806955.0,289457
16361,sikkim,outh ,2023,3,1367211496.0,981509
16362,sikkim,west ,2023,3,961549678.0,518786
16363,sikkim,east ,2023,3,4826863273.0,2877345
16364,sikkim,north ,2023,3,951612974.0,427297
16365,sikkim,outh ,2023,2,1313893353.0,866355
16366,sikkim,west ,2023,2,1009668241.0,468073
16367,sikkim,east ,2023,2,5266694395.0,2681672
16368,sikkim,north ,2023,2,990094447.0,396867
16369,sikkim,outh ,2022,4,731151545.284701,410951
16370,sikkim,west ,2022,4,569473212.1510196,222875
16371,sikkim,east ,2022,4,4615052808.218626,2227237
16372,sikkim,north ,2022,4,542707823.7654651,197276
16373,sikkim,outh ,2022,1,619438912.3531296,281076
16374,sikkim,west ,2022,1,468296204.3106276,165446
16375,sikkim,east ,2022,1,2887894588.7435055,1173942
16376,sikkim,north ,2022,1,391801570.4561584,123838
16377,sikkim,outh ,2022,3,760409362.3196087,406488
16378,sikkim,west ,2022,3,503543689.90772784,204845
16379,sikkim,east ,2022,3,3375012613.0491495,1604446
16380,sikkim,north ,2022,3,523914878.6149709,180979
16381,sikkim,outh ,2022,2,756330708.2028978,391808
16382,sikkim,west ,2022,2,578171483.8935819,215921
16383,sikkim,east ,2022,2,3736097005.542384,1540255
16384,sikkim,north ,2022,2,540506472.6682708,174097
16385,sikkim,outh ,2020,4,292804584.22659683,130339
16386,sikkim,west ,2020,4,245657098.12953633,95163
16387,sikkim,east ,2020,4,1129627876.1171591,428732
16388,sikkim,north ,2020,4,251186246.6496318,80801
16389,sikkim,outh ,2020,1,138401236.4081525,82456
16390,sikkim,west ,2020,1,100981561.51060593,49913
16391,sikkim,east ,2020,1,729478141.5689781,360279
16392,sikkim,north ,2020,1,84615332.45666516,35470
16393,sikkim,outh ,2020,3,202497013.7266165,104888
16394,sikkim,west ,2020,3,165556236.37028116,79994
16395,sikkim,east ,2020,3,869648385.4220288,353881
16396,sikkim,north ,2020,3,163225093.14147198,57672
16397,sikkim,outh ,2020,2,152837659.21956825,95669
16398,sikkim,west ,2020,2,121265798.69496223,69860
16399,sikkim,east ,2020,2,653853477.4965272,304581
16400,sikkim,north ,2020,2,126661852.85020877,47621
16401,sikkim,outh ,2018,4,60113689.048481904,34495
16402,sikkim,west ,2018,4,51859359.64770544,19567
16403,sikkim,east ,2018,4,216960325.35148895,84485
16404,sikkim,north ,2018,4,54207984.03057738,15986
16405,sikkim,outh ,2018,1,16098282.748140384,11355
16406,sikkim,west ,2018,1,7468491.334182342,4845
16407,sikkim,east ,2018,1,35907388.054869555,24432
16408,sikkim,north ,2018,1,5176776.803176152,3446
16409,sikkim,outh ,2018,3,40036375.9623436,24662
16410,sikkim,west ,2018,3,33797876.56771384,14121
16411,sikkim,east ,2018,3,133322127.02823457,59571
16412,sikkim,north ,2018,3,27923847.395025603,10146
16413,sikkim,outh ,2018,2,27651617.534535274,16740
16414,sikkim,west ,2018,2,19368446.48352459,10671
16415,sikkim,east ,2018,2,83823658.19224699,40432
16416,sikkim,north ,2018,2,12849363.319488723,6735
16417,sikkim,outh ,2024,1,1648548570.0,1210994
16418,sikkim,west ,2024,1,1126104223.0,638357
16419,sikkim,east ,2024,1,5716197803.0,3488191
16420,sikkim,north ,2024,1,964870927.0,482604
16421,karnataka,mysuru ,2021,4,52946045330.89639,31839861
16422,karnataka,hitradurga ,2021,4,14560428980.082018,7474376
16423,karnataka,kalaburagi ,2021,4,26451488965.63411,13349587
16424,karnataka,amanagara ,2021,4,18992856972.666298,10827530
16425,karnataka,mandya ,2021,4,20006664449.043564,9802476
16426,karnataka,kodagu ,2021,4,5100881378.425953,2826193
16427,karnataka,hikkamagaluru ,2021,4,10518135301.355194,5505712
16428,karnataka,haveri ,2021,4,9220800926.195599,4957707
16429,karnataka,ballari ,2021,4,34087192109.870033,18819499
16430,karnataka,belagavi ,2021,4,39314016545.15853,22398086
16431,karnataka,kolar ,2021,4,26179750345.180424,14712839
16432,karnataka,uttara kannada ,2021,4,9102945420.969872,5249512
16433,karnataka,umakuru ,2021,4,32086008651.860348,17549961
16434,karnataka,yadgir ,2021,4,8475580979.299593,3619421
16435,karnataka,bengaluru urban ,2021,4,755926042210.8082,584958847
16436,karnataka,hikkaballapura ,2021,4,19411029582.917385,9562085
16437,karnataka,avanagere ,2021,4,34700043233.80145,19885521
16438,karnataka,bagalkote ,2021,4,16264812662.155334,8508880
16439,karnataka,vijayapura ,2021,4,21912610698.285416,10780905
16440,karnataka,koppal ,2021,4,12492370832.95604,6635768
16441,karnataka,bidar ,2021,4,19817202480.152584,10187097
16442,karnataka,bengaluru rural ,2021,4,33858680417.976257,22522389
16443,karnataka,aichur ,2021,4,19356588626.568703,9278851
16444,karnataka,hamarajanagara ,2021,4,5552756929.955185,2746927
16445,karnataka,akshina kannada ,2021,4,31520554624.570152,19368239
16446,karnataka,hassan ,2021,4,20595035689.589443,10464484
16447,karnataka,harwad ,2021,4,32561017319.923508,21979264
16448,karnataka,hivamogga ,2021,4,27830702801.550133,15695558
16449,karnataka,udupi ,2021,4,8949815675.05281,5829250
16450,karnataka,gadag ,2021,4,7679264206.975709,4388613
16451,karnataka,mysuru ,2021,1,28183406863.66486,17089151
16452,karnataka,hitradurga ,2021,1,7565985784.453019,3714510
16453,karnataka,kalaburagi ,2021,1,13881496062.286669,6439886
16454,karnataka,amanagara ,2021,1,10303526389.686382,5830609
16455,karnataka,mandya ,2021,1,10841975091.163118,5158134
16456,karnataka,kodagu ,2021,1,2645865957.006945,1380725
16457,karnataka,hikkamagaluru ,2021,1,5185000583.956051,2605701
16458,karnataka,haveri ,2021,1,4651874088.262499,2390787
16459,karnataka,ballari ,2021,1,18837260510.48218,9904822
16460,karnataka,belagavi ,2021,1,18931041051.05792,10602642
16461,karnataka,kolar ,2021,1,14724582470.43729,7957144
16462,karnataka,uttara kannada ,2021,1,4520088579.643313,2580942
16463,karnataka,umakuru ,2021,1,17694897997.486073,9386009
16464,karnataka,yadgir ,2021,1,4623935210.174469,1755607
16465,karnataka,bengaluru urban ,2021,1,432401341231.7671,348712787
16466,karnataka,hikkaballapura ,2021,1,10585085072.149288,5027581
16467,karnataka,avanagere ,2021,1,17155680177.783762,9322884
16468,karnataka,bagalkote ,2021,1,8239831522.642422,4033439
16469,karnataka,vijayapura ,2021,1,11170578518.368378,5145667
16470,karnataka,koppal ,2021,1,6139670045.277093,3042763
16471,karnataka,bidar ,2021,1,10925907352.23449,5209226
16472,karnataka,bengaluru rural ,2021,1,18735722156.72461,12387231
16473,karnataka,aichur ,2021,1,10717943675.71631,4719196
16474,karnataka,hamarajanagara ,2021,1,2890358122.602378,1380973
16475,karnataka,akshina kannada ,2021,1,15430015647.494526,9626991
16476,karnataka,hassan ,2021,1,10472109758.71391,4852456
16477,karnataka,harwad ,2021,1,16320416665.27951,11396406
16478,karnataka,hivamogga ,2021,1,12979261424.243988,6961180
16479,karnataka,udupi ,2021,1,4318595833.417577,2999356
16480,karnataka,gadag ,2021,1,3921903568.216193,2182687
16481,karnataka,mysuru ,2021,3,42793900020.64541,25045268
16482,karnataka,hitradurga ,2021,3,12308859087.12011,6231545
16483,karnataka,kalaburagi ,2021,3,20950668881.300247,10665776
16484,karnataka,amanagara ,2021,3,15882834743.062683,8835685
16485,karnataka,mandya ,2021,3,16634412671.450672,7929522
16486,karnataka,kodagu ,2021,3,3866527644.3690343,2090601
16487,karnataka,hikkamagaluru ,2021,3,8373702713.439056,4321253
16488,karnataka,haveri ,2021,3,7598806899.828201,4071322
16489,karnataka,ballari ,2021,3,28402193277.238922,15360429
16490,karnataka,belagavi ,2021,3,30762343874.290985,17022354
16491,karnataka,kolar ,2021,3,22985772793.69687,12345736
16492,karnataka,uttara kannada ,2021,3,6788107042.030695,3997228
16493,karnataka,umakuru ,2021,3,27175810122.446198,14242057
16494,karnataka,yadgir ,2021,3,7164867020.281796,2968202
16495,karnataka,bengaluru urban ,2021,3,626123198813.8513,476485560
16496,karnataka,hikkaballapura ,2021,3,16926839574.70867,7969287
16497,karnataka,avanagere ,2021,3,28564688330.34218,15967687
16498,karnataka,bagalkote ,2021,3,13216790982.379145,6681929
16499,karnataka,vijayapura ,2021,3,17965404016.83265,8525361
16500,karnataka,koppal ,2021,3,10331849991.77075,5371719
16501,karnataka,bidar ,2021,3,16065409114.53396,8687234
16502,karnataka,bengaluru rural ,2021,3,28063157056.129364,18220951
16503,karnataka,aichur ,2021,3,16847864115.933386,7622542
16504,karnataka,hamarajanagara ,2021,3,4612190943.282972,2245885
16505,karnataka,akshina kannada ,2021,3,25279637809.21226,15180931
16506,karnataka,hassan ,2021,3,16403399916.30698,7941626
16507,karnataka,harwad ,2021,3,26053988751.02021,17187010
16508,karnataka,hivamogga ,2021,3,22070915047.782825,12112810
16509,karnataka,udupi ,2021,3,6508822562.961538,4312053
16510,karnataka,gadag ,2021,3,6511775339.361624,3656976
16511,karnataka,mysuru ,2021,2,30853150362.625572,17372316
16512,karnataka,hitradurga ,2021,2,9780802178.160032,4896289
16513,karnataka,kalaburagi ,2021,2,17652070457.62749,8337112
16514,karnataka,amanagara ,2021,2,12386904951.91838,6647943
16515,karnataka,mandya ,2021,2,13463242356.880379,6206906
16516,karnataka,kodagu ,2021,2,2767308186.8975034,1492581
16517,karnataka,hikkamagaluru ,2021,2,6149407549.81893,3111459
16518,karnataka,haveri ,2021,2,6197739534.751736,3110220
16519,karnataka,ballari ,2021,2,23117810388.096546,11601049
16520,karnataka,belagavi ,2021,2,23772477631.266983,12215950
16521,karnataka,kolar ,2021,2,17435526726.61021,9352225
16522,karnataka,uttara kannada ,2021,2,5000306105.6013775,2905076
16523,karnataka,umakuru ,2021,2,21263359141.534966,10841529
16524,karnataka,yadgir ,2021,2,6281841237.85188,2452409
16525,karnataka,bengaluru urban ,2021,2,444422398357.67755,326804307
16526,karnataka,hikkaballapura ,2021,2,12849313743.804506,6109863
16527,karnataka,avanagere ,2021,2,21560667430.36194,11241732
16528,karnataka,bagalkote ,2021,2,10550185654.533318,4997178
16529,karnataka,vijayapura ,2021,2,14538509045.273123,6396225
16530,karnataka,koppal ,2021,2,8437126899.16258,4159197
16531,karnataka,bidar ,2021,2,13527998469.212965,6915969
16532,karnataka,bengaluru rural ,2021,2,19987071189.389824,12594743
16533,karnataka,aichur ,2021,2,14265747344.598593,5962067
16534,karnataka,hamarajanagara ,2021,2,3528159373.1348076,1805479
16535,karnataka,akshina kannada ,2021,2,18919204047.503716,10734091
16536,karnataka,hassan ,2021,2,12792200404.234383,5982873
16537,karnataka,harwad ,2021,2,18982715974.0801,11462786
16538,karnataka,hivamogga ,2021,2,17168519411.92635,8867928
16539,karnataka,udupi ,2021,2,5054042664.029269,3271925
16540,karnataka,gadag ,2021,2,5181344411.482389,2799619
16541,karnataka,mysuru ,2019,4,8812951678.18542,6009700
16542,karnataka,hitradurga ,2019,4,2002316772.868118,1067103
16543,karnataka,kalaburagi ,2019,4,3564569593.554303,1798526
16544,karnataka,amanagara ,2019,4,3325299266.7780094,1984361
16545,karnataka,mandya ,2019,4,3229657460.81484,1649217
16546,karnataka,kodagu ,2019,4,720368458.7957824,431268
16547,karnataka,hikkamagaluru ,2019,4,1380891787.5321822,808717
16548,karnataka,haveri ,2019,4,1195895752.7241912,646052
16549,karnataka,ballari ,2019,4,5649113297.438309,3167702
16550,karnataka,belagavi ,2019,4,5664222342.192614,3807962
16551,karnataka,kolar ,2019,4,4256924114.160181,2360285
16552,karnataka,uttara kannada ,2019,4,1403249288.833963,922743
16553,karnataka,umakuru ,2019,4,4751005895.145698,2873750
16554,karnataka,yadgir ,2019,4,1170814340.549012,469575
16555,karnataka,bengaluru urban ,2019,4,199966708446.8142,180458808
16556,karnataka,hikkaballapura ,2019,4,3159592090.2319264,1570925
16557,karnataka,avanagere ,2019,4,3345622513.6539807,2063312
16558,karnataka,bagalkote ,2019,4,2292815308.7554636,1294034
16559,karnataka,vijayapura ,2019,4,3251735280.3451853,1705336
16560,karnataka,koppal ,2019,4,1661869404.8229644,828400
16561,karnataka,bidar ,2019,4,2910548028.0352697,1354884
16562,karnataka,bengaluru rural ,2019,4,6512032486.840271,4458453
16563,karnataka,aichur ,2019,4,3050353281.999224,1490992
16564,karnataka,hamarajanagara ,2019,4,784422903.3923473,410150
16565,karnataka,akshina kannada ,2019,4,6266562292.312677,4307358
16566,karnataka,hassan ,2019,4,2890517586.098419,1386630
16567,karnataka,harwad ,2019,4,6425417517.094139,4934246
16568,karnataka,hivamogga ,2019,4,2820880194.725874,1782120
16569,karnataka,udupi ,2019,4,1392442535.9198146,1073447
16570,karnataka,gadag ,2019,4,1188343526.612237,680196
16571,karnataka,mysuru ,2019,1,3156454954.6930947,1927906
16572,karnataka,hitradurga ,2019,1,810523100.9070721,414641
16573,karnataka,kalaburagi ,2019,1,1493727762.8934321,736201
16574,karnataka,amanagara ,2019,1,1444743612.7999709,928541
16575,karnataka,mandya ,2019,1,1206557137.4535284,642364
16576,karnataka,kodagu ,2019,1,255164153.17943642,132175
16577,karnataka,hikkamagaluru ,2019,1,513170969.25567997,269535
16578,karnataka,haveri ,2019,1,510705701.535235,296805
16579,karnataka,ballari ,2019,1,2244647823.113589,1396502
16580,karnataka,belagavi ,2019,1,2143704811.908953,1476221
16581,karnataka,kolar ,2019,1,1634035507.1281617,1051914
16582,karnataka,uttara kannada ,2019,1,582803226.86871,401079
16583,karnataka,umakuru ,2019,1,1788430415.4750216,926600
16584,karnataka,yadgir ,2019,1,529691468.640022,214448
16585,karnataka,bengaluru urban ,2019,1,82111161572.76288,65174133
16586,karnataka,hikkaballapura ,2019,1,1181327350.8270614,668044
16587,karnataka,avanagere ,2019,1,1235312216.171686,678678
16588,karnataka,bagalkote ,2019,1,970277390.0547762,765236
16589,karnataka,vijayapura ,2019,1,1265405752.316557,696701
16590,karnataka,koppal ,2019,1,648740849.0448687,355401
16591,karnataka,bidar ,2019,1,1239943431.4717097,617247
16592,karnataka,bengaluru rural ,2019,1,2607054374.084066,1707501
16593,karnataka,aichur ,2019,1,1244470857.745585,610473
16594,karnataka,hamarajanagara ,2019,1,307486834.4398674,177125
16595,karnataka,akshina kannada ,2019,1,1721495724.0678744,1086942
16596,karnataka,hassan ,2019,1,1125284006.1181178,551975
16597,karnataka,harwad ,2019,1,1848626654.9759147,1312093
16598,karnataka,hivamogga ,2019,1,993459723.8128774,551200
16599,karnataka,udupi ,2019,1,708575940.0412929,493365
16600,karnataka,gadag ,2019,1,453398821.97652453,326563
16601,karnataka,mysuru ,2019,3,5997469689.765679,4034380
16602,karnataka,hitradurga ,2019,3,1321757015.672064,724826
16603,karnataka,kalaburagi ,2019,3,2394791825.4026256,1249186
16604,karnataka,amanagara ,2019,3,2330296690.6610665,1333468
16605,karnataka,mandya ,2019,3,2134315021.9709759,1131938
16606,karnataka,kodagu ,2019,3,422323264.2985822,273544
16607,karnataka,hikkamagaluru ,2019,3,866421227.2573984,519469
16608,karnataka,haveri ,2019,3,790256817.2883446,446343
16609,karnataka,ballari ,2019,3,3798926912.7760153,2172340
16610,karnataka,belagavi ,2019,3,3771202585.888157,2722900
16611,karnataka,kolar ,2019,3,2946242408.2718744,1615545
16612,karnataka,uttara kannada ,2019,3,937085015.2821138,660223
16613,karnataka,umakuru ,2019,3,3158249577.001503,1878003
16614,karnataka,yadgir ,2019,3,777674785.0658498,331943
16615,karnataka,bengaluru urban ,2019,3,150244275641.79712,131234422
16616,karnataka,hikkaballapura ,2019,3,2134493307.180094,1105172
16617,karnataka,avanagere ,2019,3,2163728718.7321467,1351913
16618,karnataka,bagalkote ,2019,3,1524098889.2266183,959443
16619,karnataka,vijayapura ,2019,3,2163978249.4202127,1199591
16620,karnataka,koppal ,2019,3,1109392478.0717268,579391
16621,karnataka,bidar ,2019,3,1874680074.4677765,929774
16622,karnataka,bengaluru rural ,2019,3,4619041821.916124,3070784
16623,karnataka,aichur ,2019,3,1951946628.5438323,983058
16624,karnataka,hamarajanagara ,2019,3,522262756.8100619,290920
16625,karnataka,akshina kannada ,2019,3,4761473404.878738,3129205
16626,karnataka,hassan ,2019,3,1927647326.5696983,941322
16627,karnataka,harwad ,2019,3,4405498989.367172,3529480
16628,karnataka,hivamogga ,2019,3,1817498335.3695498,1158823
16629,karnataka,udupi ,2019,3,912774613.24923,707717
16630,karnataka,gadag ,2019,3,756916365.9954008,468612
16631,karnataka,mysuru ,2019,2,4532575333.011817,2641497
16632,karnataka,hitradurga ,2019,2,1107532510.9053113,508856
16633,karnataka,kalaburagi ,2019,2,1904197997.7828102,826121
16634,karnataka,amanagara ,2019,2,1917887093.7086911,988447
16635,karnataka,mandya ,2019,2,1675365826.7313943,785153
16636,karnataka,kodagu ,2019,2,347619659.43413806,183333
16637,karnataka,hikkamagaluru ,2019,2,700499292.0221097,348482
16638,karnataka,haveri ,2019,2,666468434.5274383,326245
16639,karnataka,ballari ,2019,2,3020731081.771243,1510968
16640,karnataka,belagavi ,2019,2,3129078023.5608435,1861710
16641,karnataka,kolar ,2019,2,2210613369.044175,1122326
16642,karnataka,uttara kannada ,2019,2,739399034.5004739,433761
16643,karnataka,umakuru ,2019,2,2439881028.5137053,1200397
16644,karnataka,yadgir ,2019,2,676844338.0988811,239850
16645,karnataka,bengaluru urban ,2019,2,113389910485.89922,89148659
16646,karnataka,hikkaballapura ,2019,2,1630218604.708301,794610
16647,karnataka,avanagere ,2019,2,1848844193.1551795,972408
16648,karnataka,bagalkote ,2019,2,1285713396.8026183,704180
16649,karnataka,vijayapura ,2019,2,1774819997.5978944,835718
16650,karnataka,koppal ,2019,2,926600613.138814,417932
16651,karnataka,bidar ,2019,2,1544703339.6695948,649994
16652,karnataka,bengaluru rural ,2019,2,3457051861.64153,1994507
16653,karnataka,aichur ,2019,2,1597335139.4970949,677977
16654,karnataka,hamarajanagara ,2019,2,417237665.64096105,209517
16655,karnataka,akshina kannada ,2019,2,2960907502.219463,1632538
16656,karnataka,hassan ,2019,2,1575389093.820531,677980
16657,karnataka,harwad ,2019,2,3292543548.21006,2084046
16658,karnataka,hivamogga ,2019,2,1476458316.79241,785673
16659,karnataka,udupi ,2019,2,795893292.4269867,477100
16660,karnataka,gadag ,2019,2,659704151.2505269,361619
16661,karnataka,mysuru ,2023,4,137617765715.0,98475888
16662,karnataka,hitradurga ,2023,4,47617459223.0,30779318
16663,karnataka,kalaburagi ,2023,4,84416856783.0,58794838
16664,karnataka,amanagara ,2023,4,58793433805.0,41988532
16665,karnataka,mandya ,2023,4,67495598892.0,39779545
16666,karnataka,kodagu ,2023,4,15228674574.0,10010149
16667,karnataka,hikkamagaluru ,2023,4,36256471892.0,23911168
16668,karnataka,haveri ,2023,4,31245935687.0,21904275
16669,karnataka,ballari ,2023,4,97565267440.0,70296908
16670,karnataka,belagavi ,2023,4,113156722991.0,83265692
16671,karnataka,kolar ,2023,4,79798746897.0,52256686
16672,karnataka,uttara kannada ,2023,4,28413998346.0,20785621
16673,karnataka,umakuru ,2023,4,99519475458.0,66902256
16674,karnataka,yadgir ,2023,4,27679673998.0,16526956
16675,karnataka,bengaluru urban ,2023,4,1497515119439.0,1345789742
16676,karnataka,hikkaballapura ,2023,4,60575294876.0,35598363
16677,karnataka,avanagere ,2023,4,60282959128.0,42843956
16678,karnataka,bagalkote ,2023,4,47804781287.0,34797754
16679,karnataka,vijayapura ,2023,4,65075047157.0,45289520
16680,karnataka,koppal ,2023,4,39623764233.0,27610806
16681,karnataka,bidar ,2023,4,61452269618.0,41753306
16682,karnataka,bengaluru rural ,2023,4,104306321317.0,79952595
16683,karnataka,aichur ,2023,4,59116501841.0,38465109
16684,karnataka,hamarajanagara ,2023,4,20989319197.0,12862131
16685,karnataka,akshina kannada ,2023,4,49713577409.0,38034728
16686,karnataka,hassan ,2023,4,71013645558.0,44399600
16687,karnataka,harwad ,2023,4,74835427721.0,64108115
16688,karnataka,hivamogga ,2023,4,56570670114.0,40949022
16689,karnataka,udupi ,2023,4,25419703369.0,19532729
16690,karnataka,gadag ,2023,4,22275940418.0,16768856
16691,karnataka,mysuru ,2023,1,102081266965.0,69476703
16692,karnataka,hitradurga ,2023,1,35025857004.0,20380756
16693,karnataka,kalaburagi ,2023,1,62736086592.0,38475891
16694,karnataka,amanagara ,2023,1,44644046339.0,28780586
16695,karnataka,mandya ,2023,1,51089871879.0,27582297
16696,karnataka,kodagu ,2023,1,11971454409.0,6979758
16697,karnataka,hikkamagaluru ,2023,1,27060799645.0,15839053
16698,karnataka,haveri ,2023,1,22538872814.0,14231228
16699,karnataka,ballari ,2023,1,72409426251.0,47163373
16700,karnataka,belagavi ,2023,1,85400137021.0,57532745
16701,karnataka,kolar ,2023,1,58784650749.0,35751853
16702,karnataka,uttara kannada ,2023,1,21172992938.0,13959083
16703,karnataka,umakuru ,2023,1,75621295866.0,46279091
16704,karnataka,yadgir ,2023,1,20480356589.0,10725856
16705,karnataka,bengaluru urban ,2023,1,1167307214747.0,1012347596
16706,karnataka,hikkaballapura ,2023,1,44641967762.0,24880755
16707,karnataka,avanagere ,2023,1,45441952270.0,29174096
16708,karnataka,bagalkote ,2023,1,35925148798.0,23590774
16709,karnataka,vijayapura ,2023,1,47696820115.0,29335797
16710,karnataka,koppal ,2023,1,28725236069.0,18446482
16711,karnataka,bidar ,2023,1,45275019283.0,28500777
16712,karnataka,bengaluru rural ,2023,1,78255906228.0,55822209
16713,karnataka,aichur ,2023,1,44662941986.0,25226450
16714,karnataka,hamarajanagara ,2023,1,14798033390.0,8356400
16715,karnataka,akshina kannada ,2023,1,38918432493.0,28042766
16716,karnataka,hassan ,2023,1,51825912725.0,29363015
16717,karnataka,harwad ,2023,1,55712206587.0,45285470
16718,karnataka,hivamogga ,2023,1,43693997731.0,27921980
16719,karnataka,udupi ,2023,1,19800656762.0,13989107
16720,karnataka,gadag ,2023,1,16528664310.0,11255242
16721,karnataka,mysuru ,2023,3,123540038949.0,88357040
16722,karnataka,hitradurga ,2023,3,41994132923.0,26654594
16723,karnataka,kalaburagi ,2023,3,72792592574.0,50402491
16724,karnataka,amanagara ,2023,3,53619456139.0,37497619
16725,karnataka,mandya ,2023,3,61264788393.0,35552744
16726,karnataka,kodagu ,2023,3,13293966018.0,8652699
16727,karnataka,hikkamagaluru ,2023,3,32208322908.0,20947604
16728,karnataka,haveri ,2023,3,26546619154.0,18613145
16729,karnataka,ballari ,2023,3,85332155838.0,61692758
16730,karnataka,belagavi ,2023,3,97349683787.0,71792429
16731,karnataka,kolar ,2023,3,74138419859.0,46832326
16732,karnataka,uttara kannada ,2023,3,22965778977.0,16663388
16733,karnataka,umakuru ,2023,3,90948228317.0,60019989
16734,karnataka,yadgir ,2023,3,23956658873.0,14056142
16735,karnataka,bengaluru urban ,2023,3,1442850468373.0,1298080873
16736,karnataka,hikkaballapura ,2023,3,55392276046.0,31949117
16737,karnataka,avanagere ,2023,3,52977786487.0,37648252
16738,karnataka,bagalkote ,2023,3,41201863716.0,29952127
16739,karnataka,vijayapura ,2023,3,57266604438.0,39315084
16740,karnataka,koppal ,2023,3,33966807456.0,24271143
16741,karnataka,bidar ,2023,3,53231271932.0,37188099
16742,karnataka,bengaluru rural ,2023,3,95459150421.0,72362144
16743,karnataka,aichur ,2023,3,52868092812.0,33499823
16744,karnataka,hamarajanagara ,2023,3,18366605983.0,11148732
16745,karnataka,akshina kannada ,2023,3,43884089776.0,33502068
16746,karnataka,hassan ,2023,3,61791653367.0,38488929
16747,karnataka,harwad ,2023,3,65808872010.0,57069013
16748,karnataka,hivamogga ,2023,3,50024310022.0,35965629
16749,karnataka,udupi ,2023,3,21353765360.0,16303431
16750,karnataka,gadag ,2023,3,19486434679.0,14782870
16751,karnataka,mysuru ,2023,2,113330745472.0,77947993
16752,karnataka,hitradurga ,2023,2,39223910016.0,23334593
16753,karnataka,kalaburagi ,2023,2,70012762190.0,43949529
16754,karnataka,amanagara ,2023,2,51075547444.0,32862792
16755,karnataka,mandya ,2023,2,57074017376.0,31084437
16756,karnataka,kodagu ,2023,2,13617990835.0,8116662
16757,karnataka,hikkamagaluru ,2023,2,30725618449.0,18304032
16758,karnataka,haveri ,2023,2,25722797319.0,16217717
16759,karnataka,ballari ,2023,2,82833769907.0,54078814
16760,karnataka,belagavi ,2023,2,94029814125.0,64222081
16761,karnataka,kolar ,2023,2,66342513839.0,40150506
16762,karnataka,uttara kannada ,2023,2,24133103295.0,15871013
16763,karnataka,umakuru ,2023,2,84493652590.0,52028144
16764,karnataka,yadgir ,2023,2,23817528462.0,12415657
16765,karnataka,bengaluru urban ,2023,2,1308665877658.0,1124713207
16766,karnataka,hikkaballapura ,2023,2,50348133405.0,27484712
16767,karnataka,avanagere ,2023,2,51720330859.0,33703063
16768,karnataka,bagalkote ,2023,2,40225793749.0,26637726
16769,karnataka,vijayapura ,2023,2,54838017587.0,33888784
16770,karnataka,koppal ,2023,2,33330011295.0,21758844
16771,karnataka,bidar ,2023,2,50880102840.0,32261599
16772,karnataka,bengaluru rural ,2023,2,87017798673.0,61918811
16773,karnataka,aichur ,2023,2,52057148884.0,29249226
16774,karnataka,hamarajanagara ,2023,2,16631452734.0,9768864
16775,karnataka,akshina kannada ,2023,2,43134422701.0,30922936
16776,karnataka,hassan ,2023,2,57299647893.0,33532364
16777,karnataka,harwad ,2023,2,62911792502.0,50253304
16778,karnataka,hivamogga ,2023,2,49719581487.0,32038521
16779,karnataka,udupi ,2023,2,23083412358.0,15889871
16780,karnataka,gadag ,2023,2,19301802886.0,13261724
16781,karnataka,mysuru ,2022,4,67004180524.31279,44057659
16782,karnataka,hitradurga ,2022,4,20575182885.91857,11603531
16783,karnataka,kalaburagi ,2022,4,37601225202.67351,22515278
16784,karnataka,amanagara ,2022,4,26462503793.535507,16729830
16785,karnataka,mandya ,2022,4,30249005906.885826,16082429
16786,karnataka,kodagu ,2022,4,7370333319.586554,4395090
16787,karnataka,hikkamagaluru ,2022,4,16304151824.762962,9547252
16788,karnataka,haveri ,2022,4,14092113266.32198,8622172
16789,karnataka,ballari ,2022,4,44205335947.44105,27273315
16790,karnataka,belagavi ,2022,4,56335376307.967834,36557938
16791,karnataka,kolar ,2022,4,35826431858.45456,20890491
16792,karnataka,uttara kannada ,2022,4,13625913466.521233,8700136
16793,karnataka,umakuru ,2022,4,45262565516.08911,27089373
16794,karnataka,yadgir ,2022,4,12205110759.17209,6217448
16795,karnataka,bengaluru urban ,2022,4,1092079302011.8888,876647100
16796,karnataka,hikkaballapura ,2022,4,27341471911.9961,14245515
16797,karnataka,avanagere ,2022,4,27299396607.142998,16964566
16798,karnataka,bagalkote ,2022,4,21729430694.885933,13610551
16799,karnataka,vijayapura ,2022,4,29483315553.68548,17470241
16800,karnataka,koppal ,2022,4,18160316484.484657,11035753
16801,karnataka,bidar ,2022,4,28937118123.55844,17395190
16802,karnataka,bengaluru rural ,2022,4,46931010610.96648,32555311
16803,karnataka,aichur ,2022,4,26973026231.779526,14690606
16804,karnataka,hamarajanagara ,2022,4,9398487368.420757,5183720
16805,karnataka,akshina kannada ,2022,4,30207470651.062298,20604812
16806,karnataka,hassan ,2022,4,30785005624.735577,17267008
16807,karnataka,harwad ,2022,4,36289207502.73111,27717085
16808,karnataka,hivamogga ,2022,4,28561731845.161823,17761137
16809,karnataka,udupi ,2022,4,12891286924.60652,8818675
16810,karnataka,gadag ,2022,4,10329614180.904041,6661159
16811,karnataka,mysuru ,2022,1,61822430173.662796,37083502
16812,karnataka,hitradurga ,2022,1,17387118905.490105,8840295
16813,karnataka,kalaburagi ,2022,1,31752677807.213947,16255757
16814,karnataka,amanagara ,2022,1,22088643583.77496,12677561
16815,karnataka,mandya ,2022,1,24060082945.764446,11788401
16816,karnataka,kodagu ,2022,1,6646574029.357061,3432505
16817,karnataka,hikkamagaluru ,2022,1,12915229702.858986,6600446
16818,karnataka,haveri ,2022,1,11265090071.929947,6004637
16819,karnataka,ballari ,2022,1,38400067163.88623,21654672
16820,karnataka,belagavi ,2022,1,46658421651.21534,26878240
16821,karnataka,kolar ,2022,1,29992517346.890373,16843681
16822,karnataka,uttara kannada ,2022,1,10544067403.534029,6073557
16823,karnataka,umakuru ,2022,1,37948656148.62866,20649123
16824,karnataka,yadgir ,2022,1,10462830367.372805,4406744
16825,karnataka,bengaluru urban ,2022,1,837938769153.0939,648380838
16826,karnataka,hikkaballapura ,2022,1,22098064888.873837,11172675
16827,karnataka,avanagere ,2022,1,39050377360.95714,22581033
16828,karnataka,bagalkote ,2022,1,18494582236.413975,10124765
16829,karnataka,vijayapura ,2022,1,24932106998.528744,12863787
16830,karnataka,koppal ,2022,1,14483139066.469166,7931539
16831,karnataka,bidar ,2022,1,22960981363.08881,12375594
16832,karnataka,bengaluru rural ,2022,1,38366097407.82493,25383239
16833,karnataka,aichur ,2022,1,23404274257.14149,11003927
16834,karnataka,hamarajanagara ,2022,1,6913976350.923538,3366450
16835,karnataka,akshina kannada ,2022,1,37851830234.158745,23170221
16836,karnataka,hassan ,2022,1,25671185335.18034,12843322
16837,karnataka,harwad ,2022,1,37328868895.055,25761398
16838,karnataka,hivamogga ,2022,1,36172162298.55464,19949316
16839,karnataka,udupi ,2022,1,10288136700.683779,6634616
16840,karnataka,gadag ,2022,1,8750528457.344032,5123566
16841,karnataka,mysuru ,2022,3,62142656687.51495,40705541
16842,karnataka,hitradurga ,2022,3,18816797147.733307,10645515
16843,karnataka,kalaburagi ,2022,3,34468548524.63291,20345468
16844,karnataka,amanagara ,2022,3,24917635086.46713,15252860
16845,karnataka,mandya ,2022,3,27652425871.348373,14529761
16846,karnataka,kodagu ,2022,3,6211450943.385445,3756864
16847,karnataka,hikkamagaluru ,2022,3,13904227857.055336,8118417
16848,karnataka,haveri ,2022,3,12602269794.288483,7691043
16849,karnataka,ballari ,2022,3,39977029009.67139,25020296
16850,karnataka,belagavi ,2022,3,47452586439.87803,30506760
16851,karnataka,kolar ,2022,3,34773465329.38425,19634287
16852,karnataka,uttara kannada ,2022,3,10582287506.903862,6851164
16853,karnataka,umakuru ,2022,3,41225194542.91735,24310727
16854,karnataka,yadgir ,2022,3,10954971886.095985,5434554
16855,karnataka,bengaluru urban ,2022,3,930886457807.8191,738035161
16856,karnataka,hikkaballapura ,2022,3,26027691612.465057,13185890
16857,karnataka,avanagere ,2022,3,26646939915.558224,16814000
16858,karnataka,bagalkote ,2022,3,19422333597.546112,12090911
16859,karnataka,vijayapura ,2022,3,26736978830.775085,15584088
16860,karnataka,koppal ,2022,3,15884067510.35669,9948188
16861,karnataka,bidar ,2022,3,25448600189.83323,15717179
16862,karnataka,bengaluru rural ,2022,3,43852997173.89527,29738665
16863,karnataka,aichur ,2022,3,24600810301.99743,13272269
16864,karnataka,hamarajanagara ,2022,3,7956137338.000944,4335006
16865,karnataka,akshina kannada ,2022,3,25239674044.223103,17248777
16866,karnataka,hassan ,2022,3,27360185921.83621,15366670
16867,karnataka,harwad ,2022,3,34230149717.13926,25927571
16868,karnataka,hivamogga ,2022,3,25663783169.577217,15974774
16869,karnataka,udupi ,2022,3,11043120655.651598,7695387
16870,karnataka,gadag ,2022,3,9236758197.071215,6023535
16871,karnataka,mysuru ,2022,2,71755017847.05061,44272976
16872,karnataka,hitradurga ,2022,2,20208472585.330925,10700572
16873,karnataka,kalaburagi ,2022,2,37138279677.46423,19784596
16874,karnataka,amanagara ,2022,2,26816373100.039696,15245758
16875,karnataka,mandya ,2022,2,28867594359.29202,14343600
16876,karnataka,kodagu ,2022,2,7565443848.449671,4177322
16877,karnataka,hikkamagaluru ,2022,2,15036115690.782028,8024667
16878,karnataka,haveri ,2022,2,13257194848.140846,7254524
16879,karnataka,ballari ,2022,2,43733106040.42187,25715246
16880,karnataka,belagavi ,2022,2,54330716392.87328,32214940
16881,karnataka,kolar ,2022,2,35399778574.459595,19566690
16882,karnataka,uttara kannada ,2022,2,11973278366.373596,7039036
16883,karnataka,umakuru ,2022,2,44297419510.10812,24528653
16884,karnataka,yadgir ,2022,2,12375236867.624014,5520410
16885,karnataka,bengaluru urban ,2022,2,1013933810932.2711,786978117
16886,karnataka,hikkaballapura ,2022,2,26798287983.128845,13199482
16887,karnataka,avanagere ,2022,2,46910152646.482544,28378650
16888,karnataka,bagalkote ,2022,2,21543677830.77469,12292030
16889,karnataka,vijayapura ,2022,2,29343153102.38529,15497828
16890,karnataka,koppal ,2022,2,17390091876.711746,10029526
16891,karnataka,bidar ,2022,2,27016319518.501,15103994
16892,karnataka,bengaluru rural ,2022,2,45049848699.91368,29552291
16893,karnataka,aichur ,2022,2,27197767201.220184,13465552
16894,karnataka,hamarajanagara ,2022,2,8011329768.322524,4177168
16895,karnataka,akshina kannada ,2022,2,43058171123.94547,26596843
16896,karnataka,hassan ,2022,2,29316180031.946106,15347412
16897,karnataka,harwad ,2022,2,44220634322.54169,30334488
16898,karnataka,hivamogga ,2022,2,42192013838.99083,24024769
16899,karnataka,udupi ,2022,2,11968816664.618942,7786229
16900,karnataka,gadag ,2022,2,10441830809.061962,6295591
16901,karnataka,mysuru ,2020,4,24721321665.945152,14314966
16902,karnataka,hitradurga ,2020,4,7600991609.367609,3837391
16903,karnataka,kalaburagi ,2020,4,12627718005.276012,6040954
16904,karnataka,amanagara ,2020,4,10176732532.120983,5702541
16905,karnataka,mandya ,2020,4,10250617415.246532,4908339
16906,karnataka,kodagu ,2020,4,2414955954.5999603,1378387
16907,karnataka,hikkamagaluru ,2020,4,4992605338.457241,2641832
16908,karnataka,haveri ,2020,4,4543883457.159707,2426895
16909,karnataka,ballari ,2020,4,18739492904.576576,9772557
16910,karnataka,belagavi ,2020,4,18131720291.443623,10147281
16911,karnataka,kolar ,2020,4,14873069326.116919,7877407
16912,karnataka,uttara kannada ,2020,4,4460758062.022853,2667563
16913,karnataka,umakuru ,2020,4,16914412572.224335,8893778
16914,karnataka,yadgir ,2020,4,4394551584.79969,1767141
16915,karnataka,bengaluru urban ,2020,4,352536741958.4486,267720411
16916,karnataka,hikkaballapura ,2020,4,10592481164.6092,4952668
16917,karnataka,avanagere ,2020,4,14015672346.829773,7262656
16918,karnataka,bagalkote ,2020,4,8472795712.359591,4166298
16919,karnataka,vijayapura ,2020,4,11453048337.939936,5433260
16920,karnataka,koppal ,2020,4,6272905723.2932205,3144655
16921,karnataka,bidar ,2020,4,10175605486.384695,4874329
16922,karnataka,bengaluru rural ,2020,4,18175304366.25715,11780762
16923,karnataka,aichur ,2020,4,10512812486.905113,4812779
16924,karnataka,hamarajanagara ,2020,4,2862512344.8971806,1419599
16925,karnataka,akshina kannada ,2020,4,13295138020.866743,7794258
16926,karnataka,hassan ,2020,4,9743350925.375175,4590150
16927,karnataka,harwad ,2020,4,15011234195.50343,9872445
16928,karnataka,hivamogga ,2020,4,11470058678.184986,6063929
16929,karnataka,udupi ,2020,4,4525865271.057199,3017320
16930,karnataka,gadag ,2020,4,4078340826.749055,2254433
16931,karnataka,mysuru ,2020,1,13036685203.223095,8069105
16932,karnataka,hitradurga ,2020,1,2626154899.977052,1429747
16933,karnataka,kalaburagi ,2020,1,4631840960.1782255,2328594
16934,karnataka,amanagara ,2020,1,4245435911.3876715,2539779
16935,karnataka,mandya ,2020,1,4312506529.5597,2204678
16936,karnataka,kodagu ,2020,1,892550887.3595694,506914
16937,karnataka,hikkamagaluru ,2020,1,1660570854.4509535,959731
16938,karnataka,haveri ,2020,1,1597337190.2603629,877565
16939,karnataka,ballari ,2020,1,7053379784.876897,3903343
16940,karnataka,belagavi ,2020,1,6363752952.026527,4316092
16941,karnataka,kolar ,2020,1,5550612726.131468,3093003
16942,karnataka,uttara kannada ,2020,1,1583481410.9743357,1040619
16943,karnataka,umakuru ,2020,1,6659223682.826369,3872833
16944,karnataka,yadgir ,2020,1,1622925509.814738,652496
16945,karnataka,bengaluru urban ,2020,1,231970686013.7528,200174352
16946,karnataka,hikkaballapura ,2020,1,4013876477.4404044,2047103
16947,karnataka,avanagere ,2020,1,4892688445.769339,2704786
16948,karnataka,bagalkote ,2020,1,2848817825.0858374,1612647
16949,karnataka,vijayapura ,2020,1,3966541860.6325555,2114247
16950,karnataka,koppal ,2020,1,2209262842.6267776,1133585
16951,karnataka,bidar ,2020,1,3723442388.449338,1808853
16952,karnataka,bengaluru rural ,2020,1,7794174929.658327,5260930
16953,karnataka,aichur ,2020,1,3941437359.341171,1924790
16954,karnataka,hamarajanagara ,2020,1,1029877709.8243908,553272
16955,karnataka,akshina kannada ,2020,1,7157456163.571186,4233207
16956,karnataka,hassan ,2020,1,3716555553.1742363,1812274
16957,karnataka,harwad ,2020,1,6715983685.589501,5171963
16958,karnataka,hivamogga ,2020,1,4229300190.9267178,2394183
16959,karnataka,udupi ,2020,1,1843787355.1339335,1399840
16960,karnataka,gadag ,2020,1,1511707695.3671956,893359
16961,karnataka,mysuru ,2020,3,17597207367.350117,9675261
16962,karnataka,hitradurga ,2020,3,5093059094.127508,2668335
16963,karnataka,kalaburagi ,2020,3,8540463933.472765,3985999
16964,karnataka,amanagara ,2020,3,6868892174.870599,3857792
16965,karnataka,mandya ,2020,3,7045696607.512827,3414341
16966,karnataka,kodagu ,2020,3,1484649695.2324553,864653
16967,karnataka,hikkamagaluru ,2020,3,3204755845.405322,1770575
16968,karnataka,haveri ,2020,3,2997480441.814833,1610868
16969,karnataka,ballari ,2020,3,12217179442.79111,6483038
16970,karnataka,belagavi ,2020,3,12764674160.447115,7078363
16971,karnataka,kolar ,2020,3,10255312905.948189,5319243
16972,karnataka,uttara kannada ,2020,3,2695792104.7146916,1739526
16973,karnataka,umakuru ,2020,3,11453537750.655712,6090300
16974,karnataka,yadgir ,2020,3,2891471242.143757,1187896
16975,karnataka,bengaluru urban ,2020,3,261095181780.0901,188947684
16976,karnataka,hikkaballapura ,2020,3,7428337958.70154,3502237
16977,karnataka,avanagere ,2020,3,10283937898.613033,5205295
16978,karnataka,bagalkote ,2020,3,5776387765.783536,2852266
16979,karnataka,vijayapura ,2020,3,8003746941.635164,3761144
16980,karnataka,koppal ,2020,3,4024163868.9327297,2037116
16981,karnataka,bidar ,2020,3,6687478292.352659,3305705
16982,karnataka,bengaluru rural ,2020,3,11770793408.192162,7596076
16983,karnataka,aichur ,2020,3,7181366788.459692,3282229
16984,karnataka,hamarajanagara ,2020,3,1800992219.5249476,931206
16985,karnataka,akshina kannada ,2020,3,10219448161.55705,5509516
16986,karnataka,hassan ,2020,3,6405222177.752996,3100603
16987,karnataka,harwad ,2020,3,10834407900.60387,6653211
16988,karnataka,hivamogga ,2020,3,8599350580.438519,4533533
16989,karnataka,udupi ,2020,3,2765993461.2813215,1879859
16990,karnataka,gadag ,2020,3,2753533726.27555,1516661
16991,karnataka,mysuru ,2020,2,13106859536.057842,7184930
16992,karnataka,hitradurga ,2020,2,3711671026.847204,2118154
16993,karnataka,kalaburagi ,2020,2,6189980486.812849,3019911
16994,karnataka,amanagara ,2020,2,4746064695.43483,2814041
16995,karnataka,mandya ,2020,2,5215911416.961924,2804235
16996,karnataka,kodagu ,2020,2,1015841839.584493,640336
16997,karnataka,hikkamagaluru ,2020,2,2254645075.4632063,1376548
16998,karnataka,haveri ,2020,2,2208795764.1573615,1232235
16999,karnataka,ballari ,2020,2,8629333001.029207,4733742
17000,karnataka,belagavi ,2020,2,8395766920.028916,4972764
17001,karnataka,kolar ,2020,2,6790159344.716665,3965696
17002,karnataka,uttara kannada ,2020,2,1912236201.3327289,1401701
17003,karnataka,umakuru ,2020,2,8510119360.526954,4836880
17004,karnataka,yadgir ,2020,2,2425403532.336086,996282
17005,karnataka,bengaluru urban ,2020,2,176357097466.7659,132120979
17006,karnataka,hikkaballapura ,2020,2,4966625322.511406,2650503
17007,karnataka,avanagere ,2020,2,5508343020.299786,3025086
17008,karnataka,bagalkote ,2020,2,4002269578.8099203,2110909
17009,karnataka,vijayapura ,2020,2,5624135328.809127,2779449
17010,karnataka,koppal ,2020,2,2917566000.1891146,1520618
17011,karnataka,bidar ,2020,2,5080725120.068466,2721584
17012,karnataka,bengaluru rural ,2020,2,7327672246.467524,4985176
17013,karnataka,aichur ,2020,2,5656069355.298939,2539004
17014,karnataka,hamarajanagara ,2020,2,1319001489.301943,810039
17015,karnataka,akshina kannada ,2020,2,6376675751.895021,3531912
17016,karnataka,hassan ,2020,2,4597170471.807137,2466013
17017,karnataka,harwad ,2020,2,6626617210.413645,4199998
17018,karnataka,hivamogga ,2020,2,5814372127.285877,3119744
17019,karnataka,udupi ,2020,2,1890958755.8770115,1422997
17020,karnataka,gadag ,2020,2,1926789573.0495763,1120246
17021,karnataka,mysuru ,2018,4,1934191959.7463405,992071
17022,karnataka,hitradurga ,2018,4,546653636.718746,260875
17023,karnataka,kalaburagi ,2018,4,1051812356.8478899,484662
17024,karnataka,amanagara ,2018,4,851555945.1183145,439026
17025,karnataka,mandya ,2018,4,720190472.7213624,344532
17026,karnataka,kodagu ,2018,4,173960980.54396644,86516
17027,karnataka,hikkamagaluru ,2018,4,342427224.4189781,168715
17028,karnataka,haveri ,2018,4,339306947.5389293,185161
17029,karnataka,ballari ,2018,4,1433381270.7836392,706744
17030,karnataka,belagavi ,2018,4,1380889164.00907,790074
17031,karnataka,kolar ,2018,4,972325521.2040188,560804
17032,karnataka,uttara kannada ,2018,4,422226740.12537265,243522
17033,karnataka,umakuru ,2018,4,1135663144.6698978,546317
17034,karnataka,yadgir ,2018,4,362358443.4741473,145371
17035,karnataka,bengaluru urban ,2018,4,50279165003.07312,33061353
17036,karnataka,hikkaballapura ,2018,4,695025056.5925088,362252
17037,karnataka,avanagere ,2018,4,772186269.0594003,406502
17038,karnataka,bagalkote ,2018,4,616194423.7795491,378816
17039,karnataka,vijayapura ,2018,4,851094200.8525147,407819
17040,karnataka,koppal ,2018,4,424705014.54504216,204253
17041,karnataka,bidar ,2018,4,906044599.8161691,420152
17042,karnataka,bengaluru rural ,2018,4,1521114253.9508784,809772
17043,karnataka,aichur ,2018,4,829979589.5310304,392004
17044,karnataka,hamarajanagara ,2018,4,203176036.8450142,108505
17045,karnataka,akshina kannada ,2018,4,1035756925.1271486,572445
17046,karnataka,hassan ,2018,4,708379494.3534096,313128
17047,karnataka,harwad ,2018,4,1056146644.1909373,632389
17048,karnataka,hivamogga ,2018,4,615205068.1171639,305791
17049,karnataka,udupi ,2018,4,535630124.88923,300804
17050,karnataka,gadag ,2018,4,291640063.42841136,181696
17051,karnataka,mysuru ,2018,1,515455840.3810141,331051
17052,karnataka,hitradurga ,2018,1,121914949.95121673,86333
17053,karnataka,kalaburagi ,2018,1,212180924.393686,152325
17054,karnataka,amanagara ,2018,1,195057353.0378645,124329
17055,karnataka,mandya ,2018,1,141585191.42723837,105447
17056,karnataka,kodagu ,2018,1,42386913.56106545,23443
17057,karnataka,hikkamagaluru ,2018,1,79877643.751937,56698
17058,karnataka,haveri ,2018,1,73634849.47856122,62962
17059,karnataka,ballari ,2018,1,317208290.2209056,218492
17060,karnataka,belagavi ,2018,1,286997207.16189647,265382
17061,karnataka,kolar ,2018,1,167783200.2327131,133622
17062,karnataka,uttara kannada ,2018,1,106664202.9083384,84133
17063,karnataka,umakuru ,2018,1,260985866.64781785,177987
17064,karnataka,yadgir ,2018,1,77395671.09263033,44863
17065,karnataka,bengaluru urban ,2018,1,14162750303.06484,8306513
17066,karnataka,hikkaballapura ,2018,1,164073011.9008005,114026
17067,karnataka,avanagere ,2018,1,169137586.6290862,137819
17068,karnataka,bagalkote ,2018,1,130764471.85886697,137750
17069,karnataka,vijayapura ,2018,1,175198952.32641873,140665
17070,karnataka,koppal ,2018,1,79650000.28856131,63835
17071,karnataka,bidar ,2018,1,219204065.8266272,148528
17072,karnataka,bengaluru rural ,2018,1,307037188.47050476,187325
17073,karnataka,aichur ,2018,1,181240414.70697537,131182
17074,karnataka,hamarajanagara ,2018,1,35620369.65107579,32011
17075,karnataka,akshina kannada ,2018,1,270072282.10085386,185407
17076,karnataka,hassan ,2018,1,134541685.05605823,88635
17077,karnataka,harwad ,2018,1,231336487.17577106,204568
17078,karnataka,hivamogga ,2018,1,155561860.94620705,110195
17079,karnataka,udupi ,2018,1,144516000.63165635,102236
17080,karnataka,gadag ,2018,1,58062529.1315764,59137
17081,karnataka,mysuru ,2018,3,1288891514.5700188,637275
17082,karnataka,hitradurga ,2018,3,364428579.91914105,178075
17083,karnataka,kalaburagi ,2018,3,646610249.5756959,322364
17084,karnataka,amanagara ,2018,3,531708693.80836976,250107
17085,karnataka,mandya ,2018,3,435712260.636139,215192
17086,karnataka,kodagu ,2018,3,101894557.14789373,50067
17087,karnataka,hikkamagaluru ,2018,3,222659779.46996915,117401
17088,karnataka,haveri ,2018,3,208898170.04147172,123816
17089,karnataka,ballari ,2018,3,923310407.3267276,466759
17090,karnataka,belagavi ,2018,3,845527722.6769543,533530
17091,karnataka,kolar ,2018,3,575358671.1529725,306174
17092,karnataka,uttara kannada ,2018,3,245792251.0064874,158965
17093,karnataka,umakuru ,2018,3,761725760.4228042,360361
17094,karnataka,yadgir ,2018,3,238773314.8823272,94615
17095,karnataka,bengaluru urban ,2018,3,33812835282.27632,18405424
17096,karnataka,hikkaballapura ,2018,3,455657587.43727696,206995
17097,karnataka,avanagere ,2018,3,492038963.89301944,262775
17098,karnataka,bagalkote ,2018,3,386799858.107288,261382
17099,karnataka,vijayapura ,2018,3,544199069.9645602,282023
17100,karnataka,koppal ,2018,3,266476549.3538421,137612
17101,karnataka,bidar ,2018,3,592567176.6178123,305909
17102,karnataka,bengaluru rural ,2018,3,912516659.1974224,436757
17103,karnataka,aichur ,2018,3,534240617.6416866,261036
17104,karnataka,hamarajanagara ,2018,3,117401392.08948684,67825
17105,karnataka,akshina kannada ,2018,3,664098740.3597008,363684
17106,karnataka,hassan ,2018,3,437626349.28732896,209392
17107,karnataka,harwad ,2018,3,662938245.6847134,431588
17108,karnataka,hivamogga ,2018,3,403295006.78298324,214984
17109,karnataka,udupi ,2018,3,367215858.6763589,192716
17110,karnataka,gadag ,2018,3,183892465.80073494,125458
17111,karnataka,mysuru ,2018,2,897691678.2669395,447047
17112,karnataka,hitradurga ,2018,2,240516730.56177408,126138
17113,karnataka,kalaburagi ,2018,2,465136527.93587565,225202
17114,karnataka,amanagara ,2018,2,356041712.35851943,180632
17115,karnataka,mandya ,2018,2,280805271.0157244,146602
17116,karnataka,kodagu ,2018,2,83410947.73702285,39093
17117,karnataka,hikkamagaluru ,2018,2,153982332.69983456,86011
17118,karnataka,haveri ,2018,2,138186428.15616366,85932
17119,karnataka,ballari ,2018,2,626895300.6322386,312869
17120,karnataka,belagavi ,2018,2,565399486.7143972,361190
17121,karnataka,kolar ,2018,2,334688753.0247266,185633
17122,karnataka,uttara kannada ,2018,2,189355614.690955,115613
17123,karnataka,umakuru ,2018,2,486561374.7814332,259255
17124,karnataka,yadgir ,2018,2,170819659.69297707,66639
17125,karnataka,bengaluru urban ,2018,2,23824727965.49048,11916035
17126,karnataka,hikkaballapura ,2018,2,317528991.04639685,156443
17127,karnataka,avanagere ,2018,2,338624047.55587566,195484
17128,karnataka,bagalkote ,2018,2,258874636.43210196,170303
17129,karnataka,vijayapura ,2018,2,345417220.31850344,189029
17130,karnataka,koppal ,2018,2,159663391.41499817,90682
17131,karnataka,bidar ,2018,2,419997599.5748527,201824
17132,karnataka,bengaluru rural ,2018,2,586804990.4033923,277565
17133,karnataka,aichur ,2018,2,380694550.21686906,190132
17134,karnataka,hamarajanagara ,2018,2,74364597.81797275,45985
17135,karnataka,akshina kannada ,2018,2,453188212.400241,262880
17136,karnataka,hassan ,2018,2,281290645.775151,131643
17137,karnataka,harwad ,2018,2,449174522.00529456,280837
17138,karnataka,hivamogga ,2018,2,283096644.17995495,152407
17139,karnataka,udupi ,2018,2,240375464.3765934,138827
17140,karnataka,gadag ,2018,2,112264784.02529755,78515
17141,karnataka,mysuru ,2024,1,147716500320.0,106124394
17142,karnataka,hitradurga ,2024,1,54066827414.0,35570361
17143,karnataka,kalaburagi ,2024,1,97965669958.0,67949265
17144,karnataka,amanagara ,2024,1,64526745965.0,47285588
17145,karnataka,mandya ,2024,1,76160681841.0,45060994
17146,karnataka,kodagu ,2024,1,17423403287.0,10709210
17147,karnataka,hikkamagaluru ,2024,1,40678326530.0,26503527
17148,karnataka,haveri ,2024,1,36754914972.0,26295477
17149,karnataka,ballari ,2024,1,109308212872.0,81057747
17150,karnataka,belagavi ,2024,1,129136538352.0,96862530
17151,karnataka,kolar ,2024,1,88279879409.0,59417479
17152,karnataka,uttara kannada ,2024,1,31788200632.0,23663409
17153,karnataka,umakuru ,2024,1,110489979979.0,75588141
17154,karnataka,yadgir ,2024,1,33325161591.0,19704994
17155,karnataka,bengaluru urban ,2024,1,1530943099565.0,1410557938
17156,karnataka,hikkaballapura ,2024,1,66191532714.0,40270354
17157,karnataka,avanagere ,2024,1,68041291732.0,48759381
17158,karnataka,bagalkote ,2024,1,55553074744.0,41843652
17159,karnataka,vijayapura ,2024,1,75738515223.0,53765660
17160,karnataka,koppal ,2024,1,44783026017.0,32199087
17161,karnataka,bidar ,2024,1,68455770737.0,47524947
17162,karnataka,bengaluru rural ,2024,1,113432150583.0,89513697
17163,karnataka,aichur ,2024,1,69138757321.0,45219984
17164,karnataka,hamarajanagara ,2024,1,24086923007.0,15020807
17165,karnataka,akshina kannada ,2024,1,52051571037.0,40081239
17166,karnataka,hassan ,2024,1,80971645794.0,50532430
17167,karnataka,harwad ,2024,1,81776254598.0,72657648
17168,karnataka,hivamogga ,2024,1,64280510132.0,46318279
17169,karnataka,udupi ,2024,1,27105021030.0,20620916
17170,karnataka,gadag ,2024,1,25078467150.0,19760020
17171,odisha,ayagada ,2021,4,6787852551.279442,3507319
17172,odisha,koraput ,2021,4,7615206063.540329,3420361
17173,odisha,malkangiri ,2021,4,2362647817.594655,944763
17174,odisha,ambalpur ,2021,4,8285793491.380421,5031922
17175,odisha,kalahandi ,2021,4,6135732201.285078,3402330
17176,odisha,anugul ,2021,4,10832624236.879738,5595409
17177,odisha,ganjam ,2021,4,25961006849.075542,12765148
17178,odisha,jajapur ,2021,4,14846315998.402483,9413690
17179,odisha,bargarh ,2021,4,5988250004.212584,2928438
17180,odisha,henkanal ,2021,4,7483698923.738497,4358635
17181,odisha,bhadrak ,2021,4,9896347666.60693,5912920
17182,odisha,nuapada ,2021,4,2266776078.240573,1029449
17183,odisha,kendujhar ,2021,4,12263605984.767775,6478836
17184,odisha,mayurbhanj ,2021,4,8018457152.240013,4438866
17185,odisha,jharsuguda ,2021,4,6025708131.50321,3680407
17186,odisha,kandhamal ,2021,4,4066852872.5686264,2257911
17187,odisha,eogarh ,2021,4,1062094682.1692731,512496
17188,odisha,undargarh ,2021,4,13524168955.7137,7505779
17189,odisha,jagatsinghapur ,2021,4,8365537188.546018,5234984
17190,odisha,balangir ,2021,4,7082596489.488298,3606120
17191,odisha,baleshwar ,2021,4,16112382301.474276,8971332
17192,odisha,puri ,2021,4,13192898085.078499,8372818
17193,odisha,onepur ,2021,4,2482976023.652462,1161962
17194,odisha,khordha ,2021,4,135122128258.68546,94505879
17195,odisha,boudh ,2021,4,1654377854.776198,791827
17196,odisha,gajapati ,2021,4,3082994382.0058923,1471303
17197,odisha,nayagarh ,2021,4,5319824631.017162,3214212
17198,odisha,nabarangpur ,2021,4,3502205583.265269,1497950
17199,odisha,kendrapara ,2021,4,7981220766.163595,4821107
17200,odisha,uttack ,2021,4,27928768464.569107,17091193
17201,odisha,ayagada ,2021,1,3857572983.853812,1580304
17202,odisha,koraput ,2021,1,3878359742.028323,1411047
17203,odisha,malkangiri ,2021,1,1292715033.1124027,417372
17204,odisha,ambalpur ,2021,1,4327629131.775824,2362934
17205,odisha,kalahandi ,2021,1,3607832701.490842,1524147
17206,odisha,anugul ,2021,1,5923776582.870062,2688530
17207,odisha,ganjam ,2021,1,13763037682.995218,5849764
17208,odisha,jajapur ,2021,1,8875206797.09903,4602753
17209,odisha,bargarh ,2021,1,3151903068.5503645,1326870
17210,odisha,henkanal ,2021,1,4435108999.126256,2198973
17211,odisha,bhadrak ,2021,1,5913171362.618633,2838067
17212,odisha,nuapada ,2021,1,1190057735.4815695,434130
17213,odisha,kendujhar ,2021,1,6672384144.204559,3023651
17214,odisha,mayurbhanj ,2021,1,4060942529.903472,2086266
17215,odisha,jharsuguda ,2021,1,3272554633.9005995,1727405
17216,odisha,kandhamal ,2021,1,2241356872.3974366,1058055
17217,odisha,eogarh ,2021,1,623754965.5699625,253699
17218,odisha,undargarh ,2021,1,7002917726.513086,3591361
17219,odisha,jagatsinghapur ,2021,1,4667403003.91797,2373105
17220,odisha,balangir ,2021,1,3913234687.8471766,1609575
17221,odisha,baleshwar ,2021,1,8799570176.640512,4262593
17222,odisha,puri ,2021,1,7057319530.168398,3904605
17223,odisha,onepur ,2021,1,1586903873.6281981,590256
17224,odisha,khordha ,2021,1,75722041312.73495,45765876
17225,odisha,boudh ,2021,1,1050296820.3914839,381445
17226,odisha,gajapati ,2021,1,1790861201.587816,690416
17227,odisha,nayagarh ,2021,1,3171144816.7281227,1668288
17228,odisha,nabarangpur ,2021,1,1939648037.4513333,629994
17229,odisha,kendrapara ,2021,1,4742223586.637663,2318945
17230,odisha,uttack ,2021,1,14866806447.116581,8289932
17231,odisha,ayagada ,2021,3,5381125913.756851,2574801
17232,odisha,koraput ,2021,3,5893005777.487125,2509905
17233,odisha,malkangiri ,2021,3,1834021448.2813165,696476
17234,odisha,ambalpur ,2021,3,6244596039.416241,3665818
17235,odisha,kalahandi ,2021,3,4962612594.774069,2578011
17236,odisha,anugul ,2021,3,8427870407.924927,4298974
17237,odisha,ganjam ,2021,3,20245873714.529366,9758386
17238,odisha,jajapur ,2021,3,11904523018.166103,7272580
17239,odisha,bargarh ,2021,3,4687162070.696696,2216651
17240,odisha,henkanal ,2021,3,5951039799.088284,3328230
17241,odisha,bhadrak ,2021,3,7770426087.071074,4514522
17242,odisha,nuapada ,2021,3,1789197066.4958181,779264
17243,odisha,kendujhar ,2021,3,9669648441.296114,4942596
17244,odisha,mayurbhanj ,2021,3,6058820680.073039,3366763
17245,odisha,jharsuguda ,2021,3,4581837440.292698,2772640
17246,odisha,kandhamal ,2021,3,3180693137.638117,1699861
17247,odisha,eogarh ,2021,3,837326467.8967566,401592
17248,odisha,undargarh ,2021,3,10009710570.217995,5579434
17249,odisha,jagatsinghapur ,2021,3,6884871775.425156,4055375
17250,odisha,balangir ,2021,3,5371520093.547472,2632946
17251,odisha,baleshwar ,2021,3,12434308111.40699,6888676
17252,odisha,puri ,2021,3,9865814428.877203,6111015
17253,odisha,onepur ,2021,3,2022927897.311029,912081
17254,odisha,khordha ,2021,3,108452202806.23245,71647985
17255,odisha,boudh ,2021,3,1350893048.4398901,619658
17256,odisha,gajapati ,2021,3,2608533955.2796984,1119729
17257,odisha,nayagarh ,2021,3,4293630576.548503,2508535
17258,odisha,nabarangpur ,2021,3,2637036417.011711,1101606
17259,odisha,kendrapara ,2021,3,6502877452.246092,3791932
17260,odisha,uttack ,2021,3,21926611695.60376,13016632
17261,odisha,ayagada ,2021,2,4490127256.444258,1923410
17262,odisha,koraput ,2021,2,4735541770.736616,1819616
17263,odisha,malkangiri ,2021,2,1533587670.9741046,536483
17264,odisha,ambalpur ,2021,2,4696196506.85312,2608509
17265,odisha,kalahandi ,2021,2,4092365112.1617136,1937182
17266,odisha,anugul ,2021,2,6629061184.353284,3164512
17267,odisha,ganjam ,2021,2,16847721822.034683,7627913
17268,odisha,jajapur ,2021,2,10463482056.82759,5656119
17269,odisha,bargarh ,2021,2,3738223458.7360225,1645651
17270,odisha,henkanal ,2021,2,5071739030.814058,2643521
17271,odisha,bhadrak ,2021,2,6934665842.085368,3607884
17272,odisha,nuapada ,2021,2,1419954693.5429103,575643
17273,odisha,kendujhar ,2021,2,8414558964.419752,3840405
17274,odisha,mayurbhanj ,2021,2,4822603778.775457,2518601
17275,odisha,jharsuguda ,2021,2,3575096264.686943,1975532
17276,odisha,kandhamal ,2021,2,2643241575.642929,1337203
17277,odisha,eogarh ,2021,2,710519513.1816282,312612
17278,odisha,undargarh ,2021,2,7912972842.987008,4098648
17279,odisha,jagatsinghapur ,2021,2,5877965110.803436,3117688
17280,odisha,balangir ,2021,2,4234458586.911901,1937619
17281,odisha,baleshwar ,2021,2,10295354117.300941,5228480
17282,odisha,puri ,2021,2,8010886850.312719,4549183
17283,odisha,onepur ,2021,2,1750553183.5037367,716848
17284,odisha,khordha ,2021,2,85083429987.67566,51729539
17285,odisha,boudh ,2021,2,1140110013.4057999,467496
17286,odisha,gajapati ,2021,2,2207862998.917333,866454
17287,odisha,nayagarh ,2021,2,3717016584.1111574,2042130
17288,odisha,nabarangpur ,2021,2,2137024330.427526,808234
17289,odisha,kendrapara ,2021,2,5922631480.685869,3121087
17290,odisha,uttack ,2021,2,16755164887.959583,9410135
17291,odisha,ayagada ,2019,4,1109322132.7707095,550178
17292,odisha,koraput ,2019,4,1209747441.0287023,494293
17293,odisha,malkangiri ,2019,4,322448354.4155744,133235
17294,odisha,ambalpur ,2019,4,1490849495.7650275,1116191
17295,odisha,kalahandi ,2019,4,1028034741.0202825,639494
17296,odisha,anugul ,2019,4,1943880255.5758097,1366993
17297,odisha,ganjam ,2019,4,4526321215.890192,2682447
17298,odisha,jajapur ,2019,4,2951249575.9169297,2717947
17299,odisha,bargarh ,2019,4,951985689.607422,713094
17300,odisha,henkanal ,2019,4,1418903993.556759,1550560
17301,odisha,bhadrak ,2019,4,1972793936.5333765,1978353
17302,odisha,nuapada ,2019,4,340951304.7500589,167314
17303,odisha,kendujhar ,2019,4,2048009647.964933,2031166
17304,odisha,mayurbhanj ,2019,4,1247673917.9390252,1161522
17305,odisha,jharsuguda ,2019,4,1157694298.6700208,652637
17306,odisha,kandhamal ,2019,4,413746856.4352374,233830
17307,odisha,eogarh ,2019,4,186540867.93405515,129619
17308,odisha,undargarh ,2019,4,2290633492.940537,1500297
17309,odisha,jagatsinghapur ,2019,4,1488084640.2449114,1335182
17310,odisha,balangir ,2019,4,1280487371.8376715,687750
17311,odisha,baleshwar ,2019,4,2998071243.256762,3904913
17312,odisha,puri ,2019,4,2409106457.318024,2203098
17313,odisha,onepur ,2019,4,541430418.2319663,496342
17314,odisha,khordha ,2019,4,34227232121.528633,27477393
17315,odisha,boudh ,2019,4,312738553.0520179,254637
17316,odisha,gajapati ,2019,4,458723675.8489066,251711
17317,odisha,nayagarh ,2019,4,1112909587.3624873,1216377
17318,odisha,nabarangpur ,2019,4,577013731.8257252,225429
17319,odisha,kendrapara ,2019,4,1483548006.277824,1340023
17320,odisha,uttack ,2019,4,6269240606.549929,5783608
17321,odisha,ayagada ,2019,1,595120420.4162832,340244
17322,odisha,koraput ,2019,1,630823035.7838995,316520
17323,odisha,malkangiri ,2019,1,160691430.78001356,70405
17324,odisha,ambalpur ,2019,1,918259581.0629485,895013
17325,odisha,kalahandi ,2019,1,586265031.5428826,431549
17326,odisha,anugul ,2019,1,1083105252.400957,1023176
17327,odisha,ganjam ,2019,1,2660856143.34366,2226839
17328,odisha,jajapur ,2019,1,1597716033.1140456,2005354
17329,odisha,bargarh ,2019,1,528962055.1266706,461241
17330,odisha,henkanal ,2019,1,855542150.6448644,1112474
17331,odisha,bhadrak ,2019,1,1137735927.030436,1224209
17332,odisha,nuapada ,2019,1,179419439.00628442,108374
17333,odisha,kendujhar ,2019,1,1219690306.823368,1099272
17334,odisha,mayurbhanj ,2019,1,818274530.2355882,839604
17335,odisha,jharsuguda ,2019,1,714563396.0299269,564885
17336,odisha,kandhamal ,2019,1,223691661.64638668,162039
17337,odisha,eogarh ,2019,1,116546935.48252225,115802
17338,odisha,undargarh ,2019,1,1246173000.5323277,923180
17339,odisha,jagatsinghapur ,2019,1,836101925.5451324,1002784
17340,odisha,balangir ,2019,1,735304021.8803861,508744
17341,odisha,baleshwar ,2019,1,1780121522.7942672,2052883
17342,odisha,puri ,2019,1,1292024780.4366007,1300890
17343,odisha,onepur ,2019,1,316438049.4707992,280808
17344,odisha,khordha ,2019,1,10292381463.86045,9928652
17345,odisha,boudh ,2019,1,182312483.2199381,172499
17346,odisha,gajapati ,2019,1,244816781.83949018,167455
17347,odisha,nayagarh ,2019,1,600356133.5273821,755115
17348,odisha,nabarangpur ,2019,1,281842707.2121133,144603
17349,odisha,kendrapara ,2019,1,845608921.7750068,953388
17350,odisha,uttack ,2019,1,2746382808.134754,2843941
17351,odisha,ayagada ,2019,3,767666276.6532172,376394
17352,odisha,koraput ,2019,3,819578530.4873664,353450
17353,odisha,malkangiri ,2019,3,196389555.9927202,89976
17354,odisha,ambalpur ,2019,3,1086288716.854814,753215
17355,odisha,kalahandi ,2019,3,705204074.2370496,409951
17356,odisha,anugul ,2019,3,1372415071.347659,916878
17357,odisha,ganjam ,2019,3,3154919760.2279887,1689894
17358,odisha,jajapur ,2019,3,2029201892.6835146,1763488
17359,odisha,bargarh ,2019,3,634553845.35181,399644
17360,odisha,henkanal ,2019,3,949131450.4318355,798967
17361,odisha,bhadrak ,2019,3,1329983572.7403765,1061299
17362,odisha,nuapada ,2019,3,218116599.9378627,109425
17363,odisha,kendujhar ,2019,3,1617148718.999577,1226918
17364,odisha,mayurbhanj ,2019,3,923239649.3263234,694198
17365,odisha,jharsuguda ,2019,3,850967438.6626351,471902
17366,odisha,kandhamal ,2019,3,281375741.2826705,153216
17367,odisha,eogarh ,2019,3,128900414.43567635,80214
17368,odisha,undargarh ,2019,3,1653794140.1211014,1085480
17369,odisha,jagatsinghapur ,2019,3,1026487175.9802848,851671
17370,odisha,balangir ,2019,3,855603215.9304413,449364
17371,odisha,baleshwar ,2019,3,2136997579.0817952,1845986
17372,odisha,puri ,2019,3,1624951778.3543258,1500762
17373,odisha,onepur ,2019,3,362861784.21083355,264052
17374,odisha,khordha ,2019,3,25509656902.49331,18364742
17375,odisha,boudh ,2019,3,197907021.9060244,163537
17376,odisha,gajapati ,2019,3,305317973.3723446,177790
17377,odisha,nayagarh ,2019,3,719659519.0129741,634614
17378,odisha,nabarangpur ,2019,3,326011025.21638674,154122
17379,odisha,kendrapara ,2019,3,980897393.1448151,734359
17380,odisha,uttack ,2019,3,4539350540.746681,3846764
17381,odisha,ayagada ,2019,2,656526617.7743134,280709
17382,odisha,koraput ,2019,2,697680672.1443019,264946
17383,odisha,malkangiri ,2019,2,163577949.03581494,63662
17384,odisha,ambalpur ,2019,2,876350025.865391,555196
17385,odisha,kalahandi ,2019,2,566971135.6188346,313155
17386,odisha,anugul ,2019,2,1100526633.6700115,656270
17387,odisha,ganjam ,2019,2,2952122343.4128723,1557000
17388,odisha,jajapur ,2019,2,1615320702.0190089,1116157
17389,odisha,bargarh ,2019,2,521508061.5031182,307078
17390,odisha,henkanal ,2019,2,794892139.9110959,599263
17391,odisha,bhadrak ,2019,2,1136520159.8199663,793895
17392,odisha,nuapada ,2019,2,183804523.48156023,85666
17393,odisha,kendujhar ,2019,2,1270398763.2721443,778337
17394,odisha,mayurbhanj ,2019,2,822899498.9777604,579915
17395,odisha,jharsuguda ,2019,2,720310010.8218305,379831
17396,odisha,kandhamal ,2019,2,238768483.16886765,122464
17397,odisha,eogarh ,2019,2,116813754.21692091,72026
17398,odisha,undargarh ,2019,2,1356881694.2599456,769791
17399,odisha,jagatsinghapur ,2019,2,819445698.642421,575539
17400,odisha,balangir ,2019,2,692317084.1134429,347205
17401,odisha,baleshwar ,2019,2,1740194783.6891394,1260994
17402,odisha,puri ,2019,2,1052200875.2230995,808325
17403,odisha,onepur ,2019,2,309467845.15625936,177313
17404,odisha,khordha ,2019,2,19006076643.493904,13339889
17405,odisha,boudh ,2019,2,155807378.12670165,104159
17406,odisha,gajapati ,2019,2,282761898.15176636,135005
17407,odisha,nayagarh ,2019,2,591354095.869525,478845
17408,odisha,nabarangpur ,2019,2,270059798.7114527,111246
17409,odisha,kendrapara ,2019,2,847545177.3492131,588898
17410,odisha,uttack ,2019,2,3195750424.172798,2289245
17411,odisha,ayagada ,2023,4,19529338976.0,14113207
17412,odisha,koraput ,2023,4,25647012624.0,16569234
17413,odisha,malkangiri ,2023,4,9007087767.0,5726990
17414,odisha,ambalpur ,2023,4,26841024062.0,21295127
17415,odisha,kalahandi ,2023,4,20859142371.0,15864080
17416,odisha,anugul ,2023,4,36677401893.0,25080945
17417,odisha,ganjam ,2023,4,77749126200.0,48035983
17418,odisha,jajapur ,2023,4,48907345461.0,39153853
17419,odisha,bargarh ,2023,4,19800633025.0,12932917
17420,odisha,henkanal ,2023,4,24462783100.0,18358529
17421,odisha,bhadrak ,2023,4,31923396167.0,23724908
17422,odisha,nuapada ,2023,4,8105292732.0,5242852
17423,odisha,kendujhar ,2023,4,40235381596.0,27386425
17424,odisha,mayurbhanj ,2023,4,26905455795.0,18519245
17425,odisha,jharsuguda ,2023,4,19003209811.0,14596889
17426,odisha,kandhamal ,2023,4,8406634206.0,5306960
17427,odisha,eogarh ,2023,4,3616594645.0,2219031
17428,odisha,undargarh ,2023,4,44374566430.0,31194923
17429,odisha,jagatsinghapur ,2023,4,26632050068.0,21413923
17430,odisha,balangir ,2023,4,23916025705.0,16060318
17431,odisha,baleshwar ,2023,4,50767577705.0,33254165
17432,odisha,puri ,2023,4,43085652765.0,33388606
17433,odisha,onepur ,2023,4,8646100840.0,5476918
17434,odisha,khordha ,2023,4,180631613988.0,165927018
17435,odisha,boudh ,2023,4,5569291790.0,3712027
17436,odisha,gajapati ,2023,4,8848733085.0,5668552
17437,odisha,nayagarh ,2023,4,17123425127.0,12330167
17438,odisha,nabarangpur ,2023,4,13632135191.0,8124092
17439,odisha,kendrapara ,2023,4,25538101739.0,18840661
17440,odisha,uttack ,2023,4,82349730773.0,62618931
17441,odisha,ayagada ,2023,1,15843507868.0,9242117
17442,odisha,koraput ,2023,1,19625419729.0,10477639
17443,odisha,malkangiri ,2023,1,7024085785.0,3379377
17444,odisha,ambalpur ,2023,1,20599161744.0,14071573
17445,odisha,kalahandi ,2023,1,17450640008.0,10265015
17446,odisha,anugul ,2023,1,27099331321.0,15740427
17447,odisha,ganjam ,2023,1,61573352324.0,32835788
17448,odisha,jajapur ,2023,1,37473229516.0,25255634
17449,odisha,bargarh ,2023,1,15825674760.0,8484449
17450,odisha,henkanal ,2023,1,18813154646.0,11782611
17451,odisha,bhadrak ,2023,1,26416399764.0,16140167
17452,odisha,nuapada ,2023,1,6435315301.0,3426856
17453,odisha,kendujhar ,2023,1,31232789553.0,18026645
17454,odisha,mayurbhanj ,2023,1,20296749444.0,12205379
17455,odisha,jharsuguda ,2023,1,13856078393.0,9307491
17456,odisha,kandhamal ,2023,1,5954869943.0,3307033
17457,odisha,eogarh ,2023,1,2928557374.0,1468398
17458,odisha,undargarh ,2023,1,33143659545.0,20729692
17459,odisha,jagatsinghapur ,2023,1,20464625700.0,13624395
17460,odisha,balangir ,2023,1,19132286523.0,10543941
17461,odisha,baleshwar ,2023,1,39044589915.0,22230329
17462,odisha,puri ,2023,1,32501736718.0,21713045
17463,odisha,onepur ,2023,1,7359675423.0,3584230
17464,odisha,khordha ,2023,1,135017933250.0,111522734
17465,odisha,boudh ,2023,1,4699827212.0,2331533
17466,odisha,gajapati ,2023,1,7156141256.0,3933839
17467,odisha,nayagarh ,2023,1,13199944354.0,8162882
17468,odisha,nabarangpur ,2023,1,11008689918.0,5141635
17469,odisha,kendrapara ,2023,1,20308826840.0,12576184
17470,odisha,uttack ,2023,1,62482723536.0,41385050
17471,odisha,ayagada ,2023,3,17020301741.0,11950523
17472,odisha,koraput ,2023,3,21936971593.0,13875934
17473,odisha,malkangiri ,2023,3,7683988772.0,4699211
17474,odisha,ambalpur ,2023,3,22980535995.0,18200103
17475,odisha,kalahandi ,2023,3,18608289132.0,13462159
17476,odisha,anugul ,2023,3,30774729076.0,20871920
17477,odisha,ganjam ,2023,3,65970075357.0,40855320
17478,odisha,jajapur ,2023,3,41352891757.0,32536236
17479,odisha,bargarh ,2023,3,16997816139.0,10989062
17480,odisha,henkanal ,2023,3,20325555127.0,14991124
17481,odisha,bhadrak ,2023,3,27112240601.0,19729790
17482,odisha,nuapada ,2023,3,7165645529.0,4599682
17483,odisha,kendujhar ,2023,3,34029005050.0,22939986
17484,odisha,mayurbhanj ,2023,3,23206650556.0,15900420
17485,odisha,jharsuguda ,2023,3,16343837926.0,12507197
17486,odisha,kandhamal ,2023,3,7294719659.0,4419352
17487,odisha,eogarh ,2023,3,3168912235.0,1893121
17488,odisha,undargarh ,2023,3,38003557931.0,27013359
17489,odisha,jagatsinghapur ,2023,3,22841698068.0,17892144
17490,odisha,balangir ,2023,3,20581098952.0,13899455
17491,odisha,baleshwar ,2023,3,43382779335.0,28232066
17492,odisha,puri ,2023,3,36742200410.0,28070046
17493,odisha,onepur ,2023,3,7653369524.0,4621800
17494,odisha,khordha ,2023,3,159592851808.0,144941533
17495,odisha,boudh ,2023,3,4824574199.0,3039098
17496,odisha,gajapati ,2023,3,7654611243.0,4811928
17497,odisha,nayagarh ,2023,3,14450532338.0,10205405
17498,odisha,nabarangpur ,2023,3,11074858315.0,6813694
17499,odisha,kendrapara ,2023,3,21458494609.0,15411372
17500,odisha,uttack ,2023,3,70065545147.0,53024563
17501,odisha,ayagada ,2023,2,16326853134.0,10430733
17502,odisha,koraput ,2023,2,20632039550.0,12108317
17503,odisha,malkangiri ,2023,2,7377060939.0,4006534
17504,odisha,ambalpur ,2023,2,19664092856.0,13805023
17505,odisha,kalahandi ,2023,2,17433145169.0,11483007
17506,odisha,anugul ,2023,2,28339516034.0,17821017
17507,odisha,ganjam ,2023,2,65580991112.0,37687158
17508,odisha,jajapur ,2023,2,40171499264.0,28791729
17509,odisha,bargarh ,2023,2,16347856794.0,9687928
17510,odisha,henkanal ,2023,2,19560724883.0,13271170
17511,odisha,bhadrak ,2023,2,27663111525.0,18158095
17512,odisha,nuapada ,2023,2,6363214004.0,3842005
17513,odisha,kendujhar ,2023,2,32289663832.0,20222348
17514,odisha,mayurbhanj ,2023,2,22050422348.0,14022144
17515,odisha,jharsuguda ,2023,2,14973940875.0,10602684
17516,odisha,kandhamal ,2023,2,6668488360.0,3880193
17517,odisha,eogarh ,2023,2,3119334936.0,1650318
17518,odisha,undargarh ,2023,2,35645373543.0,23197177
17519,odisha,jagatsinghapur ,2023,2,22153848980.0,15759372
17520,odisha,balangir ,2023,2,18902988269.0,11856945
17521,odisha,baleshwar ,2023,2,42078597675.0,25291904
17522,odisha,puri ,2023,2,36233538120.0,25372964
17523,odisha,onepur ,2023,2,7337203832.0,4062758
17524,odisha,khordha ,2023,2,146803819835.0,124412287
17525,odisha,boudh ,2023,2,4594961187.0,2609458
17526,odisha,gajapati ,2023,2,7628137659.0,4433293
17527,odisha,nayagarh ,2023,2,13825445948.0,9151257
17528,odisha,nabarangpur ,2023,2,10698518195.0,5915153
17529,odisha,kendrapara ,2023,2,22059925056.0,14559641
17530,odisha,uttack ,2023,2,66807740190.0,46505217
17531,odisha,ayagada ,2022,4,8675747746.466286,5257941
17532,odisha,koraput ,2022,4,11474927055.711767,6085464
17533,odisha,malkangiri ,2022,4,3725926906.976351,1806300
17534,odisha,ambalpur ,2022,4,14842758106.879675,10274024
17535,odisha,kalahandi ,2022,4,9059291540.607044,5718284
17536,odisha,anugul ,2022,4,19745058048.99432,12295417
17537,odisha,ganjam ,2022,4,39538930037.66425,22374745
17538,odisha,jajapur ,2022,4,21337793694.560028,14867125
17539,odisha,bargarh ,2022,4,9785407450.508883,5568285
17540,odisha,henkanal ,2022,4,10618843490.215986,6836914
17541,odisha,bhadrak ,2022,4,15308124669.531929,10065776
17542,odisha,nuapada ,2022,4,3596704492.6502886,1890250
17543,odisha,kendujhar ,2022,4,17491124060.737698,10410170
17544,odisha,mayurbhanj ,2022,4,13255523390.65194,8292947
17545,odisha,jharsuguda ,2022,4,8933820245.634933,5993084
17546,odisha,kandhamal ,2022,4,3670658325.388134,2010523
17547,odisha,eogarh ,2022,4,1590818534.2203064,798399
17548,odisha,undargarh ,2022,4,21877712615.61438,13451927
17549,odisha,jagatsinghapur ,2022,4,12340755527.048079,8378147
17550,odisha,balangir ,2022,4,11236556907.329634,6484587
17551,odisha,baleshwar ,2022,4,22861471772.138065,13396460
17552,odisha,puri ,2022,4,19540224955.19215,13182742
17553,odisha,onepur ,2022,4,3996412193.5660787,2183385
17554,odisha,khordha ,2022,4,268479766618.40594,208260666
17555,odisha,boudh ,2022,4,2337831973.684458,1271353
17556,odisha,gajapati ,2022,4,6909085562.353609,3242621
17557,odisha,nayagarh ,2022,4,7483877287.158049,4834028
17558,odisha,nabarangpur ,2022,4,5927912765.485254,2969219
17559,odisha,kendrapara ,2022,4,11163586588.46068,7111443
17560,odisha,uttack ,2022,4,45410411960.17213,30402517
17561,odisha,ayagada ,2022,1,8060115677.80162,3936852
17562,odisha,koraput ,2022,1,9298326854.887985,4038613
17563,odisha,malkangiri ,2022,1,3270655406.2866373,1179046
17564,odisha,ambalpur ,2022,1,9796463368.436136,5761550
17565,odisha,kalahandi ,2022,1,8069224583.104255,4098786
17566,odisha,anugul ,2022,1,12666904909.368557,6423393
17567,odisha,ganjam ,2022,1,29674857683.21894,14289760
17568,odisha,jajapur ,2022,1,17569845983.615986,10760033
17569,odisha,bargarh ,2022,1,7430199582.216238,3467880
17570,odisha,henkanal ,2022,1,8922834794.738628,4932962
17571,odisha,bhadrak ,2022,1,12413725786.608274,7049860
17572,odisha,nuapada ,2022,1,2867818846.767225,1270136
17573,odisha,kendujhar ,2022,1,15056691322.671284,7553005
17574,odisha,mayurbhanj ,2022,1,9650878750.134228,5095313
17575,odisha,jharsuguda ,2022,1,6844271054.447269,4134502
17576,odisha,kandhamal ,2022,1,4625177433.767569,2538748
17577,odisha,eogarh ,2022,1,1357264183.472781,598462
17578,odisha,undargarh ,2022,1,15915215285.753382,8621086
17579,odisha,jagatsinghapur ,2022,1,10028244699.653543,5978387
17580,odisha,balangir ,2022,1,8648940992.57866,4197830
17581,odisha,baleshwar ,2022,1,19169857482.365425,10164531
17582,odisha,puri ,2022,1,15063520180.066017,9268269
17583,odisha,onepur ,2022,1,3419311100.9759455,1409459
17584,odisha,khordha ,2022,1,152745328927.4852,104052705
17585,odisha,boudh ,2022,1,2234431099.098205,951344
17586,odisha,gajapati ,2022,1,3677406538.0799146,1692615
17587,odisha,nayagarh ,2022,1,6409579564.6163,3648292
17588,odisha,nabarangpur ,2022,1,4950344796.343363,1875017
17589,odisha,kendrapara ,2022,1,9906960117.735264,5689131
17590,odisha,uttack ,2022,1,31482914773.52869,18955932
17591,odisha,ayagada ,2022,3,7860841426.804449,4630056
17592,odisha,koraput ,2022,3,9998538489.170717,5222148
17593,odisha,malkangiri ,2022,3,3146761920.0637245,1473325
17594,odisha,ambalpur ,2022,3,11478161491.375761,7870435
17595,odisha,kalahandi ,2022,3,7966634545.859101,5013207
17596,odisha,anugul ,2022,3,13631294531.285408,8115183
17597,odisha,ganjam ,2022,3,33504012152.53193,18696976
17598,odisha,jajapur ,2022,3,18746602447.445084,13031811
17599,odisha,bargarh ,2022,3,8890053156.888083,5107762
17600,odisha,henkanal ,2022,3,9609384521.368855,6306392
17601,odisha,bhadrak ,2022,3,13285204298.360706,8725910
17602,odisha,nuapada ,2022,3,3030878277.7567472,1638138
17603,odisha,kendujhar ,2022,3,14742503568.623667,8971733
17604,odisha,mayurbhanj ,2022,3,10635989150.205183,6682226
17605,odisha,jharsuguda ,2022,3,8014356028.054185,5377124
17606,odisha,kandhamal ,2022,3,3284992415.173833,1814757
17607,odisha,eogarh ,2022,3,1434375903.9677882,793258
17608,odisha,undargarh ,2022,3,20430235862.000168,12922754
17609,odisha,jagatsinghapur ,2022,3,10735372271.141613,7256382
17610,odisha,balangir ,2022,3,9063831703.893017,5221322
17611,odisha,baleshwar ,2022,3,19704921264.79484,11721722
17612,odisha,puri ,2022,3,16592473105.31533,11193823
17613,odisha,onepur ,2022,3,3405255943.0292325,1778702
17614,odisha,khordha ,2022,3,234713995654.54218,182514532
17615,odisha,boudh ,2022,3,2148876148.799854,1191513
17616,odisha,gajapati ,2022,3,7752031340.001187,3662329
17617,odisha,nayagarh ,2022,3,6946679941.389475,4495311
17618,odisha,nabarangpur ,2022,3,4596544680.665671,2357269
17619,odisha,kendrapara ,2022,3,9787502106.824364,6258047
17620,odisha,uttack ,2022,3,39407252993.2224,26643179
17621,odisha,ayagada ,2022,2,8714955313.81208,4627958
17622,odisha,koraput ,2022,2,10469450815.614134,4936573
17623,odisha,malkangiri ,2022,2,3383818107.9216194,1387356
17624,odisha,ambalpur ,2022,2,10992643684.982574,6893113
17625,odisha,kalahandi ,2022,2,8314694921.632622,4688556
17626,odisha,anugul ,2022,2,13937160595.230968,7523854
17627,odisha,ganjam ,2022,2,34095586248.503082,17162973
17628,odisha,jajapur ,2022,2,20441535607.89478,12788486
17629,odisha,bargarh ,2022,2,8114146805.586442,4086915
17630,odisha,henkanal ,2022,2,9756517532.112658,5757058
17631,odisha,bhadrak ,2022,2,14146459101.732891,8276685
17632,odisha,nuapada ,2022,2,3116138855.4475727,1521970
17633,odisha,kendujhar ,2022,2,16383523040.274462,8741853
17634,odisha,mayurbhanj ,2022,2,10858866629.542103,6060816
17635,odisha,jharsuguda ,2022,2,7708561039.053738,4801176
17636,odisha,kandhamal ,2022,2,5091606151.332576,2888894
17637,odisha,eogarh ,2022,2,1490625193.843516,690751
17638,odisha,undargarh ,2022,2,18077191337.901314,10183902
17639,odisha,jagatsinghapur ,2022,2,11721528584.666618,7161421
17640,odisha,balangir ,2022,2,9186213799.65329,4915372
17641,odisha,baleshwar ,2022,2,22154827661.360664,12044394
17642,odisha,puri ,2022,2,17846685658.05171,11076675
17643,odisha,onepur ,2022,2,3533650027.0623655,1649781
17644,odisha,khordha ,2022,2,174299128204.99298,124986765
17645,odisha,boudh ,2022,2,2255513699.796166,1082256
17646,odisha,gajapati ,2022,2,4088833138.615046,2039493
17647,odisha,nayagarh ,2022,2,6885797711.463306,4075329
17648,odisha,nabarangpur ,2022,2,5063429958.41774,2228087
17649,odisha,kendrapara ,2022,2,11344691542.074535,6628224
17650,odisha,uttack ,2022,2,36561231371.455444,22544912
17651,odisha,ayagada ,2020,4,3505981077.0872393,1437322
17652,odisha,koraput ,2020,4,3682341020.3632216,1326213
17653,odisha,malkangiri ,2020,4,1080034767.104372,396989
17654,odisha,ambalpur ,2020,4,3856932278.5305915,2041120
17655,odisha,kalahandi ,2020,4,2970301991.8473916,1385646
17656,odisha,anugul ,2020,4,5376845657.748441,2566879
17657,odisha,ganjam ,2020,4,13253685787.514484,5759948
17658,odisha,jajapur ,2020,4,8064953082.11138,4383403
17659,odisha,bargarh ,2020,4,2760170987.368587,1229675
17660,odisha,henkanal ,2020,4,3880815794.3012795,2043208
17661,odisha,bhadrak ,2020,4,5186943315.862049,2820751
17662,odisha,nuapada ,2020,4,991560206.6707819,394157
17663,odisha,kendujhar ,2020,4,5952433266.6475725,2911896
17664,odisha,mayurbhanj ,2020,4,3615645137.819895,1986570
17665,odisha,jharsuguda ,2020,4,2963828411.1698093,1564404
17666,odisha,kandhamal ,2020,4,1759108070.2207742,771916
17667,odisha,eogarh ,2020,4,570948134.8258159,253750
17668,odisha,undargarh ,2020,4,6393696705.870721,3330883
17669,odisha,jagatsinghapur ,2020,4,4334522915.224213,2391216
17670,odisha,balangir ,2020,4,3399486807.277832,1460921
17671,odisha,baleshwar ,2020,4,7694990828.293821,3989220
17672,odisha,puri ,2020,4,6257350469.108796,3709394
17673,odisha,onepur ,2020,4,1256084562.715549,538383
17674,odisha,khordha ,2020,4,54573862957.88316,30354832
17675,odisha,boudh ,2020,4,843923193.7491837,354223
17676,odisha,gajapati ,2020,4,1686082695.4936619,659640
17677,odisha,nayagarh ,2020,4,2988260896.098785,1672589
17678,odisha,nabarangpur ,2020,4,1638158377.9883218,587880
17679,odisha,kendrapara ,2020,4,4247755012.4466047,2352689
17680,odisha,uttack ,2020,4,13515958605.271858,7649233
17681,odisha,ayagada ,2020,1,1477428119.1390314,663128
17682,odisha,koraput ,2020,1,1499069454.0581412,592534
17683,odisha,malkangiri ,2020,1,470844271.20852065,181586
17684,odisha,ambalpur ,2020,1,1737396143.7868922,1113759
17685,odisha,kalahandi ,2020,1,1321645511.002597,664969
17686,odisha,anugul ,2020,1,2199325035.222316,1176601
17687,odisha,ganjam ,2020,1,5351713624.577465,2622872
17688,odisha,jajapur ,2020,1,3390103391.1967616,2166952
17689,odisha,bargarh ,2020,1,1108945715.4864137,589393
17690,odisha,henkanal ,2020,1,1661118753.4586196,1043514
17691,odisha,bhadrak ,2020,1,2346314618.120599,1450538
17692,odisha,nuapada ,2020,1,449826625.3323068,185560
17693,odisha,kendujhar ,2020,1,2398684449.974683,1413416
17694,odisha,mayurbhanj ,2020,1,1482459556.842404,1016860
17695,odisha,jharsuguda ,2020,1,1269976277.2419264,700840
17696,odisha,kandhamal ,2020,1,464298902.2308825,243339
17697,odisha,eogarh ,2020,1,248576105.90038487,124611
17698,odisha,undargarh ,2020,1,2694884103.726101,1644012
17699,odisha,jagatsinghapur ,2020,1,1771679500.0746913,1127051
17700,odisha,balangir ,2020,1,1531878718.6190534,683817
17701,odisha,baleshwar ,2020,1,3252830642.849325,2303973
17702,odisha,puri ,2020,1,2673428317.4419956,1788019
17703,odisha,onepur ,2020,1,678233299.6053038,322992
17704,odisha,khordha ,2020,1,39755139238.6053,23152370
17705,odisha,boudh ,2020,1,417335078.4573859,195704
17706,odisha,gajapati ,2020,1,639923543.0203347,313975
17707,odisha,nayagarh ,2020,1,1259172558.6025171,808455
17708,odisha,nabarangpur ,2020,1,787100587.3644687,284539
17709,odisha,kendrapara ,2020,1,1775004059.5783315,1082408
17710,odisha,uttack ,2020,1,5842461996.611475,4024520
17711,odisha,ayagada ,2020,3,2171461862.7580986,940395
17712,odisha,koraput ,2020,3,2239193172.260001,892903
17713,odisha,malkangiri ,2020,3,656924030.3406456,279070
17714,odisha,ambalpur ,2020,3,2335225267.124839,1337354
17715,odisha,kalahandi ,2020,3,1807514657.1636548,963695
17716,odisha,anugul ,2020,3,3343482976.3347354,1744600
17717,odisha,ganjam ,2020,3,7953863604.839375,3839868
17718,odisha,jajapur ,2020,3,5158572435.142748,2999596
17719,odisha,bargarh ,2020,3,1694097974.727478,830854
17720,odisha,henkanal ,2020,3,2367632360.986941,1383673
17721,odisha,bhadrak ,2020,3,3426773014.8613324,2028722
17722,odisha,nuapada ,2020,3,614356415.8543423,274431
17723,odisha,kendujhar ,2020,3,3776890615.14137,2057809
17724,odisha,mayurbhanj ,2020,3,2333381596.6676884,1442159
17725,odisha,jharsuguda ,2020,3,1905020608.66538,1058263
17726,odisha,kandhamal ,2020,3,1335599297.787261,642484
17727,odisha,eogarh ,2020,3,361669508.7964552,183525
17728,odisha,undargarh ,2020,3,3933817517.0151653,2196403
17729,odisha,jagatsinghapur ,2020,3,2892836563.407177,1718846
17730,odisha,balangir ,2020,3,2034115762.7420158,985190
17731,odisha,baleshwar ,2020,3,5216210715.3624935,2923704
17732,odisha,puri ,2020,3,3947100295.177196,2508367
17733,odisha,onepur ,2020,3,809172723.1178588,381251
17734,odisha,khordha ,2020,3,44638448273.52248,23387123
17735,odisha,boudh ,2020,3,545058074.0596836,254628
17736,odisha,gajapati ,2020,3,1022242584.1231097,438029
17737,odisha,nayagarh ,2020,3,1872504494.580644,1150471
17738,odisha,nabarangpur ,2020,3,953944775.823143,410817
17739,odisha,kendrapara ,2020,3,2843601668.3324695,1718709
17740,odisha,uttack ,2020,3,8273230957.575866,5060890
17741,odisha,ayagada ,2020,2,1650075972.3540688,729797
17742,odisha,koraput ,2020,2,1684147260.0748496,701471
17743,odisha,malkangiri ,2020,2,505736982.3899178,237062
17744,odisha,ambalpur ,2020,2,1711599706.905475,1027708
17745,odisha,kalahandi ,2020,2,1488536209.721948,809132
17746,odisha,anugul ,2020,2,2479132333.7187643,1343647
17747,odisha,ganjam ,2020,2,5465974236.170576,2890005
17748,odisha,jajapur ,2020,2,3594755068.4098186,2289121
17749,odisha,bargarh ,2020,2,1303406945.1623073,691248
17750,odisha,henkanal ,2020,2,1842085944.2675903,1131904
17751,odisha,bhadrak ,2020,2,2600823926.195097,1596539
17752,odisha,nuapada ,2020,2,513555457.6037278,242495
17753,odisha,kendujhar ,2020,2,2773560564.5270324,1613148
17754,odisha,mayurbhanj ,2020,2,1742769226.7353773,1179036
17755,odisha,jharsuguda ,2020,2,1432120073.5978777,827189
17756,odisha,kandhamal ,2020,2,637452864.4548341,352412
17757,odisha,eogarh ,2020,2,292751431.02703243,159575
17758,odisha,undargarh ,2020,2,2767383294.981725,1703737
17759,odisha,jagatsinghapur ,2020,2,2052533021.7400928,1319261
17760,odisha,balangir ,2020,2,1606404798.2724493,810788
17761,odisha,baleshwar ,2020,2,3546636201.588075,2140956
17762,odisha,puri ,2020,2,2861457530.8475657,1909766
17763,odisha,onepur ,2020,2,726143280.9609615,340991
17764,odisha,khordha ,2020,2,34814877058.41614,16842715
17765,odisha,boudh ,2020,2,477555378.4481401,215816
17766,odisha,gajapati ,2020,2,705704082.2520387,338142
17767,odisha,nayagarh ,2020,2,1462497686.3507159,937866
17768,odisha,nabarangpur ,2020,2,831289714.099038,349727
17769,odisha,kendrapara ,2020,2,2031155809.389162,1332607
17770,odisha,uttack ,2020,2,6130914551.43539,3964715
17771,odisha,ayagada ,2018,4,375733700.0966269,210620
17772,odisha,koraput ,2018,4,450336283.85006404,217814
17773,odisha,malkangiri ,2018,4,111333626.42487808,48825
17774,odisha,ambalpur ,2018,4,656698191.7778965,496780
17775,odisha,kalahandi ,2018,4,366703031.77118087,319594
17776,odisha,anugul ,2018,4,741924970.0601255,603596
17777,odisha,ganjam ,2018,4,1733900621.6234186,1402146
17778,odisha,jajapur ,2018,4,1110622397.2154818,1228698
17779,odisha,bargarh ,2018,4,397273620.1985332,368823
17780,odisha,henkanal ,2018,4,606485615.306731,736715
17781,odisha,bhadrak ,2018,4,1040836292.0215917,1048520
17782,odisha,nuapada ,2018,4,129383879.66258861,83272
17783,odisha,kendujhar ,2018,4,951193274.8831768,774382
17784,odisha,mayurbhanj ,2018,4,709208196.9918126,671390
17785,odisha,jharsuguda ,2018,4,635778677.7811842,361836
17786,odisha,kandhamal ,2018,4,170201069.83170795,105832
17787,odisha,eogarh ,2018,4,79524192.39719433,78808
17788,odisha,undargarh ,2018,4,942930576.3489256,620461
17789,odisha,jagatsinghapur ,2018,4,588561101.5869067,729403
17790,odisha,balangir ,2018,4,559763676.388267,369543
17791,odisha,baleshwar ,2018,4,1819634443.5278254,1996845
17792,odisha,puri ,2018,4,919852799.4930115,1076748
17793,odisha,onepur ,2018,4,248817917.18160307,238162
17794,odisha,khordha ,2018,4,4756776453.593592,4036038
17795,odisha,boudh ,2018,4,116282926.3032055,112170
17796,odisha,gajapati ,2018,4,135906778.33179373,87088
17797,odisha,nayagarh ,2018,4,432441658.9666865,568477
17798,odisha,nabarangpur ,2018,4,185807459.33983347,90414
17799,odisha,kendrapara ,2018,4,555486338.2117988,636115
17800,odisha,uttack ,2018,4,1900469800.3941858,1823683
17801,odisha,ayagada ,2018,1,63041849.54983255,57875
17802,odisha,koraput ,2018,1,87612627.38374957,64106
17803,odisha,malkangiri ,2018,1,13922771.654664017,12181
17804,odisha,ambalpur ,2018,1,130860854.95753448,135539
17805,odisha,kalahandi ,2018,1,56923003.74994819,101889
17806,odisha,anugul ,2018,1,139694643.55029076,173164
17807,odisha,ganjam ,2018,1,379358026.2266699,399549
17808,odisha,jajapur ,2018,1,204373666.27913067,362382
17809,odisha,bargarh ,2018,1,69991391.85670178,100526
17810,odisha,henkanal ,2018,1,110743455.97829723,170704
17811,odisha,bhadrak ,2018,1,187375014.25093254,279644
17812,odisha,nuapada ,2018,1,16219184.747249335,22483
17813,odisha,kendujhar ,2018,1,196242627.59467983,259941
17814,odisha,mayurbhanj ,2018,1,151786389.20530617,208105
17815,odisha,jharsuguda ,2018,1,99628072.57447763,85127
17816,odisha,kandhamal ,2018,1,27561407.78923364,31647
17817,odisha,eogarh ,2018,1,17727797.112559356,22191
17818,odisha,undargarh ,2018,1,185365810.08196718,193041
17819,odisha,jagatsinghapur ,2018,1,119770991.43254161,226525
17820,odisha,balangir ,2018,1,99039589.98749083,122127
17821,odisha,baleshwar ,2018,1,306223509.1455674,469068
17822,odisha,puri ,2018,1,173702320.317419,279071
17823,odisha,onepur ,2018,1,33907648.68154905,65573
17824,odisha,khordha ,2018,1,1064565482.4430823,1013916
17825,odisha,boudh ,2018,1,20293882.499208704,23736
17826,odisha,gajapati ,2018,1,28674112.963607132,27344
17827,odisha,nayagarh ,2018,1,109752751.4176215,195162
17828,odisha,nabarangpur ,2018,1,32425549.032544628,29925
17829,odisha,kendrapara ,2018,1,109453626.87180772,189692
17830,odisha,uttack ,2018,1,391394151.55179805,487588
17831,odisha,ayagada ,2018,3,221366403.54383555,153782
17832,odisha,koraput ,2018,3,309493417.8350831,190128
17833,odisha,malkangiri ,2018,3,66126775.35538447,33813
17834,odisha,ambalpur ,2018,3,509785806.67046696,516882
17835,odisha,kalahandi ,2018,3,275641643.341962,317849
17836,odisha,anugul ,2018,3,629540966.2196767,788980
17837,odisha,ganjam ,2018,3,1488758261.4624352,1634313
17838,odisha,jajapur ,2018,3,1217205290.9252758,1897103
17839,odisha,bargarh ,2018,3,355106412.1943749,475249
17840,odisha,henkanal ,2018,3,893325822.9390368,1546536
17841,odisha,bhadrak ,2018,3,1105939240.7227635,1431437
17842,odisha,nuapada ,2018,3,88353387.44027391,71512
17843,odisha,kendujhar ,2018,3,1007991207.6659348,1247010
17844,odisha,mayurbhanj ,2018,3,778424664.2122172,1007920
17845,odisha,jharsuguda ,2018,3,500399017.99309593,295910
17846,odisha,kandhamal ,2018,3,102126788.89644672,86499
17847,odisha,eogarh ,2018,3,62546408.53513194,79892
17848,odisha,undargarh ,2018,3,679466472.395373,607564
17849,odisha,jagatsinghapur ,2018,3,602444546.8981619,914194
17850,odisha,balangir ,2018,3,451445683.5316338,398755
17851,odisha,baleshwar ,2018,3,2480538495.3597507,3746440
17852,odisha,puri ,2018,3,948651181.6266804,1434318
17853,odisha,onepur ,2018,3,286967512.2910415,430291
17854,odisha,khordha ,2018,3,4389717266.977921,5333443
17855,odisha,boudh ,2018,3,101294236.07840069,142876
17856,odisha,gajapati ,2018,3,99259597.44691782,88201
17857,odisha,nayagarh ,2018,3,672431075.2136058,1140437
17858,odisha,nabarangpur ,2018,3,131705572.2801894,74791
17859,odisha,kendrapara ,2018,3,590088339.5304233,940408
17860,odisha,uttack ,2018,3,2048374280.000453,3025622
17861,odisha,ayagada ,2018,2,133934305.0941247,78405
17862,odisha,koraput ,2018,2,163322729.95992735,97339
17863,odisha,malkangiri ,2018,2,31113526.612936266,18334
17864,odisha,ambalpur ,2018,2,243114979.82241705,183165
17865,odisha,kalahandi ,2018,2,110202063.26568079,127537
17866,odisha,anugul ,2018,2,251270632.8081957,239863
17867,odisha,ganjam ,2018,2,659317553.0568262,516556
17868,odisha,jajapur ,2018,2,374915596.3622368,516443
17869,odisha,bargarh ,2018,2,142274687.80496913,148693
17870,odisha,henkanal ,2018,2,196983337.3218306,250503
17871,odisha,bhadrak ,2018,2,370601551.17362,401149
17872,odisha,nuapada ,2018,2,31977887.611119263,28460
17873,odisha,kendujhar ,2018,2,396095822.9971422,354756
17874,odisha,mayurbhanj ,2018,2,308804358.7495179,309322
17875,odisha,jharsuguda ,2018,2,200645039.84701014,122539
17876,odisha,kandhamal ,2018,2,53127566.02930246,42540
17877,odisha,eogarh ,2018,2,25744655.72793788,27938
17878,odisha,undargarh ,2018,2,347365611.29012877,261219
17879,odisha,jagatsinghapur ,2018,2,213321220.3055919,352035
17880,odisha,balangir ,2018,2,225892711.29741782,184848
17881,odisha,baleshwar ,2018,2,628176565.8703398,711772
17882,odisha,puri ,2018,2,317753882.2036277,399081
17883,odisha,onepur ,2018,2,72953022.99574599,100367
17884,odisha,khordha ,2018,2,1738879066.970015,1344202
17885,odisha,boudh ,2018,2,30803139.07787043,35158
17886,odisha,gajapati ,2018,2,53091301.97845738,34342
17887,odisha,nayagarh ,2018,2,186571949.00942016,271194
17888,odisha,nabarangpur ,2018,2,70788054.16027857,42799
17889,odisha,kendrapara ,2018,2,205735327.47078633,253791
17890,odisha,uttack ,2018,2,703532192.7454895,703794
17891,odisha,ayagada ,2024,1,24570572605.0,17211575
17892,odisha,koraput ,2024,1,30437958429.0,20069043
17893,odisha,malkangiri ,2024,1,10712409071.0,6938079
17894,odisha,ambalpur ,2024,1,31539058589.0,25564964
17895,odisha,kalahandi ,2024,1,27565578673.0,20096596
17896,odisha,anugul ,2024,1,43736663472.0,30743658
17897,odisha,ganjam ,2024,1,92784597755.0,57499836
17898,odisha,jajapur ,2024,1,59805818397.0,48108638
17899,odisha,bargarh ,2024,1,24214635724.0,15774383
17900,odisha,henkanal ,2024,1,29540227602.0,22299757
17901,odisha,bhadrak ,2024,1,41410056177.0,29274880
17902,odisha,nuapada ,2024,1,9580050552.0,6328495
17903,odisha,kendujhar ,2024,1,46573838578.0,32149938
17904,odisha,mayurbhanj ,2024,1,31213726932.0,21797039
17905,odisha,jharsuguda ,2024,1,21882935716.0,17286627
17906,odisha,kandhamal ,2024,1,9766792372.0,6461590
17907,odisha,eogarh ,2024,1,4360360524.0,2642217
17908,odisha,undargarh ,2024,1,49533434476.0,35895728
17909,odisha,jagatsinghapur ,2024,1,32643794379.0,26184711
17910,odisha,balangir ,2024,1,30176760869.0,20198492
17911,odisha,baleshwar ,2024,1,60077711596.0,39111358
17912,odisha,puri ,2024,1,51019326060.0,39355871
17913,odisha,onepur ,2024,1,11660663709.0,7004529
17914,odisha,khordha ,2024,1,200339723171.0,184579893
17915,odisha,boudh ,2024,1,7725425268.0,4866477
17916,odisha,gajapati ,2024,1,10775987925.0,6945326
17917,odisha,nayagarh ,2024,1,21046570341.0,14974700
17918,odisha,nabarangpur ,2024,1,16267915146.0,9809077
17919,odisha,kendrapara ,2024,1,32143484077.0,23485438
17920,odisha,uttack ,2024,1,93282644351.0,71519537
17921,delhi,outh ,2021,4,16942839763.77591,12510023
17922,delhi,entral ,2021,4,177625511230.04297,111134916
17923,delhi,new delhi ,2021,4,99244375372.27342,61634107
17924,delhi,west ,2021,4,39890704519.6619,20430656
17925,delhi,outh west ,2021,4,21054166955.724888,12404698
17926,delhi,outh east delhi ,2021,4,32122243404.91709,21366628
17927,delhi,hahdara ,2021,4,17929102853.31345,7518346
17928,delhi,north east ,2021,4,16623188284.116459,7502147
17929,delhi,east ,2021,4,18447833006.757885,12092666
17930,delhi,north west ,2021,4,26091698381.405727,13585992
17931,delhi,north ,2021,4,22723650290.401375,12503180
17932,delhi,outh ,2021,1,10208060134.038582,7428356
17933,delhi,entral ,2021,1,90711721159.7766,54173342
17934,delhi,new delhi ,2021,1,53832767509.43621,31953482
17935,delhi,west ,2021,1,23133622270.239567,12363374
17936,delhi,outh west ,2021,1,12780255587.51034,7721739
17937,delhi,outh east delhi ,2021,1,18449868327.686386,12287216
17938,delhi,hahdara ,2021,1,9595155648.306192,4235592
17939,delhi,north east ,2021,1,8600371051.924284,4096987
17940,delhi,east ,2021,1,11290580992.02735,7874737
17941,delhi,north west ,2021,1,15349170514.541979,8024587
17942,delhi,north ,2021,1,12976771848.005226,7199592
17943,delhi,outh ,2021,3,13789719686.570162,10381321
17944,delhi,entral ,2021,3,137311394953.58371,88849847
17945,delhi,new delhi ,2021,3,77874603330.18225,50089446
17946,delhi,west ,2021,3,31879892281.09146,17186832
17947,delhi,outh west ,2021,3,17385987188.96021,10691277
17948,delhi,outh east delhi ,2021,3,25283744433.53666,17254936
17949,delhi,hahdara ,2021,3,13750322170.230267,6108459
17950,delhi,north east ,2021,3,12299024401.944893,5995497
17951,delhi,east ,2021,3,14944795668.028805,10407086
17952,delhi,north west ,2021,3,21133053482.335487,11436200
17953,delhi,north ,2021,3,18205778951.817307,10359707
17954,delhi,outh ,2021,2,9956087387.089848,7346726
17955,delhi,entral ,2021,2,100895875737.76091,62131856
17956,delhi,new delhi ,2021,2,60387138441.32027,36788618
17957,delhi,west ,2021,2,22460950400.13157,12217454
17958,delhi,outh west ,2021,2,13456640547.363728,8208259
17959,delhi,outh east delhi ,2021,2,17106146861.933065,11519378
17960,delhi,hahdara ,2021,2,9073393321.040276,4234013
17961,delhi,north east ,2021,2,9118331386.987755,4567057
17962,delhi,east ,2021,2,10978698462.135326,7486985
17963,delhi,north west ,2021,2,15462806103.953077,8373397
17964,delhi,north ,2021,2,13045029034.825657,7283521
17965,delhi,outh ,2019,4,5360121273.421125,4672501
17966,delhi,entral ,2019,4,21110784970.602043,13130548
17967,delhi,new delhi ,2019,4,54398427887.76767,29048107
17968,delhi,west ,2019,4,9822841229.050655,6541869
17969,delhi,outh west ,2019,4,5538272503.100773,3796919
17970,delhi,outh east delhi ,2019,4,8697135102.682936,6387755
17971,delhi,hahdara ,2019,4,3597910765.053079,2149197
17972,delhi,north east ,2019,4,3047347200.361245,1871409
17973,delhi,east ,2019,4,5518543582.019401,4787770
17974,delhi,north west ,2019,4,6492920778.373013,4376687
17975,delhi,north ,2019,4,5440162132.4586935,3982235
17976,delhi,outh ,2019,1,2944578121.8940973,2571440
17977,delhi,entral ,2019,1,16258175800.83931,12885975
17978,delhi,new delhi ,2019,1,13939472234.96883,10000765
17979,delhi,west ,2019,1,5022146273.196945,3962949
17980,delhi,outh west ,2019,1,2903464344.436347,2287011
17981,delhi,outh east delhi ,2019,1,4783209115.672518,4177871
17982,delhi,hahdara ,2019,1,1800644587.5922666,1402956
17983,delhi,north east ,2019,1,1482131304.9541302,1085347
17984,delhi,east ,2019,1,2994257491.1936464,3074036
17985,delhi,north west ,2019,1,3421611240.905769,3030848
17986,delhi,north ,2019,1,2919441273.8433604,2528129
17987,delhi,outh ,2019,3,4543363283.628731,4067756
17988,delhi,entral ,2019,3,15911065630.894386,10383905
17989,delhi,new delhi ,2019,3,43288057341.92169,24687138
17990,delhi,west ,2019,3,8122173371.353606,5923192
17991,delhi,outh west ,2019,3,4564338750.415346,3392924
17992,delhi,outh east delhi ,2019,3,7118731074.594847,5633818
17993,delhi,hahdara ,2019,3,2840221012.8598523,1929681
17994,delhi,north east ,2019,3,2351726102.348302,1625617
17995,delhi,east ,2019,3,4563965029.464273,4260289
17996,delhi,north west ,2019,3,5327025172.802139,4036365
17997,delhi,north ,2019,3,4566145276.173758,3597191
17998,delhi,outh ,2019,2,3393506108.0570455,2809313
17999,delhi,entral ,2019,2,12827351677.982723,8821530
18000,delhi,new delhi ,2019,2,36146671717.91837,23313548
18001,delhi,west ,2019,2,5964570040.981258,4273168
18002,delhi,outh west ,2019,2,3375124289.347537,2441752
18003,delhi,outh east delhi ,2019,2,5354348696.201298,4093477
18004,delhi,hahdara ,2019,2,2125041674.940278,1439856
18005,delhi,north east ,2019,2,1754227759.3446712,1142423
18006,delhi,east ,2019,2,3432947910.865346,3157212
18007,delhi,north west ,2019,2,3903083209.0510397,3032525
18008,delhi,north ,2019,2,3429942978.9386196,2646708
18009,delhi,outh ,2023,4,49217789026.0,47263751
18010,delhi,entral ,2023,4,108685950109.0,73391621
18011,delhi,new delhi ,2023,4,77725370165.0,70788153
18012,delhi,west ,2023,4,114164241444.0,77741144
18013,delhi,outh west ,2023,4,59373267213.0,45782050
18014,delhi,outh east delhi ,2023,4,92211250667.0,81901206
18015,delhi,hahdara ,2023,4,52825059811.0,30001836
18016,delhi,north east ,2023,4,50548947037.0,29422483
18017,delhi,east ,2023,4,50886137378.0,43082162
18018,delhi,north west ,2023,4,74621203545.0,49542115
18019,delhi,north ,2023,4,69390502954.0,49234225
18020,delhi,outh ,2023,1,37497668457.0,32534127
18021,delhi,entral ,2023,1,81500812610.0,49681285
18022,delhi,new delhi ,2023,1,58799219994.0,48280973
18023,delhi,west ,2023,1,88637227473.0,53494049
18024,delhi,outh west ,2023,1,45110662539.0,31119622
18025,delhi,outh east delhi ,2023,1,72188090661.0,56901581
18026,delhi,hahdara ,2023,1,39855441084.0,19779351
18027,delhi,north east ,2023,1,37314879022.0,19619286
18028,delhi,east ,2023,1,39834690348.0,30263080
18029,delhi,north west ,2023,1,57664399598.0,34149097
18030,delhi,north ,2023,1,53000017794.0,33930652
18031,delhi,outh ,2023,3,45520647764.0,44793802
18032,delhi,entral ,2023,3,90738331879.0,63523786
18033,delhi,new delhi ,2023,3,69220641303.0,64482143
18034,delhi,west ,2023,3,102906527096.0,72448584
18035,delhi,outh west ,2023,3,54916853763.0,42925892
18036,delhi,outh east delhi ,2023,3,83210641938.0,74833594
18037,delhi,hahdara ,2023,3,43115840667.0,25892515
18038,delhi,north east ,2023,3,40819069162.0,25363870
18039,delhi,east ,2023,3,46476789040.0,40696568
18040,delhi,north west ,2023,3,67892826766.0,45854816
18041,delhi,north ,2023,3,63381082060.0,45891413
18042,delhi,outh ,2023,2,41499044092.0,38797761
18043,delhi,entral ,2023,2,86092311109.0,57622069
18044,delhi,new delhi ,2023,2,64569798729.0,57173491
18045,delhi,west ,2023,2,95782240128.0,62944946
18046,delhi,outh west ,2023,2,49688361980.0,36917006
18047,delhi,outh east delhi ,2023,2,78214516249.0,66237557
18048,delhi,hahdara ,2023,2,41909976096.0,23083531
18049,delhi,north east ,2023,2,39076228438.0,22434191
18050,delhi,east ,2023,2,43552662240.0,36042935
18051,delhi,north west ,2023,2,63155058402.0,40527597
18052,delhi,north ,2023,2,58188318194.0,40357914
18053,delhi,outh ,2022,4,23391855096.18752,19537728
18054,delhi,entral ,2022,4,386107883617.53076,280960656
18055,delhi,new delhi ,2022,4,58157025088.38429,45094468
18056,delhi,west ,2022,4,56453476563.182175,32293188
18057,delhi,outh west ,2022,4,28102930810.327362,18499176
18058,delhi,outh east delhi ,2022,4,44231426531.24901,33116019
18059,delhi,hahdara ,2022,4,24438534174.92784,11420073
18060,delhi,north east ,2022,4,23377796053.16697,11345971
18061,delhi,east ,2022,4,33122093387.044395,23683133
18062,delhi,north west ,2022,4,35599171826.28781,19859098
18063,delhi,north ,2022,4,31932822870.2881,19393947
18064,delhi,outh ,2022,1,17982839888.57036,13519253
18065,delhi,entral ,2022,1,198072597274.588,128309915
18066,delhi,new delhi ,2022,1,110657872546.40234,71006225
18067,delhi,west ,2022,1,43283043830.88957,22748647
18068,delhi,outh west ,2022,1,22636957994.996166,13659485
18069,delhi,outh east delhi ,2022,1,34276252396.92598,23146633
18070,delhi,hahdara ,2022,1,19161154403.811974,8243067
18071,delhi,north east ,2022,1,17814230282.345295,8357217
18072,delhi,east ,2022,1,19771730745.94047,13032988
18073,delhi,north west ,2022,1,28208907241.065834,14899833
18074,delhi,north ,2022,1,25099334230.75274,14076598
18075,delhi,outh ,2022,3,21732528705.790974,18234782
18076,delhi,entral ,2022,3,327191972497.86694,243139962
18077,delhi,new delhi ,2022,3,76558260276.67705,58178476
18078,delhi,west ,2022,3,52638495087.749954,30595250
18079,delhi,outh west ,2022,3,26324661266.56318,17276601
18080,delhi,outh east delhi ,2022,3,40627500625.401535,30215862
18081,delhi,hahdara ,2022,3,21361296110.510616,10220528
18082,delhi,north east ,2022,3,19808599331.163063,10077560
18083,delhi,east ,2022,3,28881717613.549664,21104584
18084,delhi,north west ,2022,3,32675014921.771603,18316480
18085,delhi,north ,2022,3,29812600679.071415,18232076
18086,delhi,outh ,2022,2,21493188986.975037,17358990
18087,delhi,entral ,2022,2,232911858055.08478,159034619
18088,delhi,new delhi ,2022,2,129418048270.15207,87939392
18089,delhi,west ,2022,2,50563146986.313255,28008086
18090,delhi,outh west ,2022,2,26515960445.85206,16899542
18091,delhi,outh east delhi ,2022,2,40564903164.264656,29302567
18092,delhi,hahdara ,2022,2,22195136725.333412,10060246
18093,delhi,north east ,2022,2,20477358374.155003,9992930
18094,delhi,east ,2022,2,23141432019.978474,16485686
18095,delhi,north west ,2022,2,33092543802.04011,18057230
18096,delhi,north ,2022,2,29482073628.067886,17494896
18097,delhi,outh ,2020,4,9578135719.354939,6797385
18098,delhi,entral ,2020,4,61575435521.28284,32194168
18099,delhi,new delhi ,2020,4,37020451053.1837,19719782
18100,delhi,west ,2020,4,22395396964.83783,12092280
18101,delhi,outh west ,2020,4,12646111042.466732,7745403
18102,delhi,outh east delhi ,2020,4,17130268130.317047,11414146
18103,delhi,hahdara ,2020,4,9392225302.24066,4208254
18104,delhi,north east ,2020,4,8639858685.613663,4156966
18105,delhi,east ,2020,4,10725439312.082695,7410660
18106,delhi,north west ,2020,4,14953244692.580372,8026101
18107,delhi,north ,2020,4,12208521800.583145,6775272
18108,delhi,outh ,2020,1,5702232003.384875,4578729
18109,delhi,entral ,2020,1,41219414205.0607,24757650
18110,delhi,new delhi ,2020,1,34941263526.20206,17899322
18111,delhi,west ,2020,1,10519670848.511332,6627571
18112,delhi,outh west ,2020,1,6031191820.22498,3956004
18113,delhi,outh east delhi ,2020,1,9238065831.407084,6523345
18114,delhi,hahdara ,2020,1,3847703306.2548194,2148023
18115,delhi,north east ,2020,1,3286317523.1033545,1945559
18116,delhi,east ,2020,1,5861493191.072474,4783041
18117,delhi,north west ,2020,1,7009463341.814796,4394010
18118,delhi,north ,2020,1,5959728045.553724,4134350
18119,delhi,outh ,2020,3,6503381595.242459,4564631
18120,delhi,entral ,2020,3,61527717933.93762,32203761
18121,delhi,new delhi ,2020,3,34516772051.491745,17268250
18122,delhi,west ,2020,3,14963814238.681543,8231034
18123,delhi,outh west ,2020,3,8927576871.08003,5547370
18124,delhi,outh east delhi ,2020,3,11175362187.684738,7402382
18125,delhi,hahdara ,2020,3,5899818228.157591,2832449
18126,delhi,north east ,2020,3,5488227059.169052,2910048
18127,delhi,east ,2020,3,7198767026.72743,5054670
18128,delhi,north west ,2020,3,10454717366.918316,5785656
18129,delhi,north ,2020,3,8507808245.570089,4691610
18130,delhi,outh ,2020,2,4698622938.32077,3631140
18131,delhi,entral ,2020,2,30418597739.3527,17641823
18132,delhi,new delhi ,2020,2,27033383045.677082,13713658
18133,delhi,west ,2020,2,8981471481.485285,5753319
18134,delhi,outh west ,2020,2,6168338438.737106,4193591
18135,delhi,outh east delhi ,2020,2,7084670452.703099,5215263
18136,delhi,hahdara ,2020,2,3324156645.786351,1925218
18137,delhi,north east ,2020,2,3393429629.3164525,2229412
18138,delhi,east ,2020,2,5059627017.012638,4005780
18139,delhi,north west ,2020,2,6452332763.460186,4270005
18140,delhi,north ,2020,2,5258808051.479293,3462809
18141,delhi,outh ,2018,4,2243831444.013054,1769675
18142,delhi,entral ,2018,4,13878492766.290386,9373395
18143,delhi,new delhi ,2018,4,5091082007.824482,3230268
18144,delhi,west ,2018,4,3650604507.6334457,2678986
18145,delhi,outh west ,2018,4,2165326033.913863,1535302
18146,delhi,outh east delhi ,2018,4,3473400560.128728,2675009
18147,delhi,hahdara ,2018,4,1305320182.496128,987533
18148,delhi,north east ,2018,4,1097772210.9177313,777795
18149,delhi,east ,2018,4,2113753353.5608745,2073615
18150,delhi,north west ,2018,4,2514145474.579898,2221592
18151,delhi,north ,2018,4,2189129077.3478146,1864549
18152,delhi,outh ,2018,1,597143870.4750924,334361
18153,delhi,entral ,2018,1,4312145216.274474,2997714
18154,delhi,new delhi ,2018,1,1478916789.169149,883737
18155,delhi,west ,2018,1,966855137.026748,545129
18156,delhi,outh west ,2018,1,555900155.5283471,318199
18157,delhi,outh east delhi ,2018,1,929543692.8225484,562694
18158,delhi,hahdara ,2018,1,326458215.38394874,193886
18159,delhi,north east ,2018,1,261468886.53742158,180160
18160,delhi,east ,2018,1,594248348.383992,357904
18161,delhi,north west ,2018,1,614242861.0675646,387431
18162,delhi,north ,2018,1,574580634.2506722,361539
18163,delhi,outh ,2018,3,1501908121.057089,1009436
18164,delhi,entral ,2018,3,10515884583.426525,8165361
18165,delhi,new delhi ,2018,3,3481996395.7022567,2022950
18166,delhi,west ,2018,3,2408205061.402441,1402787
18167,delhi,outh west ,2018,3,1374843119.5072455,789269
18168,delhi,outh east delhi ,2018,3,2190894940.9217963,1321135
18169,delhi,hahdara ,2018,3,805520386.5670927,481819
18170,delhi,north east ,2018,3,629247316.0822874,336347
18171,delhi,east ,2018,3,1384933230.2478726,990369
18172,delhi,north west ,2018,3,1611349650.5127752,1071877
18173,delhi,north ,2018,3,1471064055.191176,955698
18174,delhi,outh ,2018,2,979271408.8449214,513003
18175,delhi,entral ,2018,2,6223466821.092629,3589206
18176,delhi,new delhi ,2018,2,2387389846.7443447,1177251
18177,delhi,west ,2018,2,1588935316.1264243,785457
18178,delhi,outh west ,2018,2,903268239.0851494,440508
18179,delhi,outh east delhi ,2018,2,1466216713.987477,767547
18180,delhi,hahdara ,2018,2,533105673.5945449,272663
18181,delhi,north east ,2018,2,421841650.28459144,230049
18182,delhi,east ,2018,2,925784169.7499557,504193
18183,delhi,north west ,2018,2,1041767876.9620268,575888
18184,delhi,north ,2018,2,975252185.7330843,517958
18185,delhi,outh ,2024,1,51230210062.0,50077749
18186,delhi,entral ,2024,1,110947468958.0,79235815
18187,delhi,new delhi ,2024,1,83246181854.0,77042760
18188,delhi,west ,2024,1,118209456659.0,84434978
18189,delhi,outh west ,2024,1,61579350279.0,49084574
18190,delhi,outh east delhi ,2024,1,96406605498.0,89113496
18191,delhi,hahdara ,2024,1,54596385979.0,33245587
18192,delhi,north east ,2024,1,51828875486.0,32455512
18193,delhi,east ,2024,1,53139178531.0,46810259
18194,delhi,north west ,2024,1,77693103094.0,54104072
18195,delhi,north ,2024,1,73637214713.0,55129256
18196,puducherry,karaikal ,2021,4,586375959.8099658,300601
18197,puducherry,puducherry ,2021,4,8973636725.35894,5606990
18198,puducherry,yanam ,2021,4,704806775.357012,360182
18199,puducherry,mahe ,2021,4,158832340.7045973,101037
18200,puducherry,karaikal ,2021,1,360807458.7675149,161642
18201,puducherry,puducherry ,2021,1,5086390412.089685,2920236
18202,puducherry,yanam ,2021,1,375222411.57040197,178609
18203,puducherry,mahe ,2021,1,76889289.31604216,48945
18204,puducherry,karaikal ,2021,3,508474640.4041999,241468
18205,puducherry,puducherry ,2021,3,7530306876.968773,4514763
18206,puducherry,yanam ,2021,3,571731114.8773613,289263
18207,puducherry,mahe ,2021,3,119461798.76413691,76232
18208,puducherry,karaikal ,2021,2,352528451.69910693,169944
18209,puducherry,puducherry ,2021,2,5610649880.723415,3316123
18210,puducherry,yanam ,2021,2,448908146.53298205,212893
18211,puducherry,mahe ,2021,2,86748217.58839178,52427
18212,puducherry,karaikal ,2019,4,122162466.31398116,58510
18213,puducherry,puducherry ,2019,4,1700000398.3563335,893985
18214,puducherry,yanam ,2019,4,91368451.74732454,48736
18215,puducherry,mahe ,2019,4,18497001.461263284,11424
18216,puducherry,karaikal ,2019,1,97328630.03167163,47329
18217,puducherry,puducherry ,2019,1,753546044.3241928,422723
18218,puducherry,yanam ,2019,1,44751664.92796348,24489
18219,puducherry,mahe ,2019,1,10846685.022694789,6551
18220,puducherry,karaikal ,2019,3,101419895.43809406,45737
18221,puducherry,puducherry ,2019,3,1279933924.0902395,629431
18222,puducherry,yanam ,2019,3,64060521.00575118,33240
18223,puducherry,mahe ,2019,3,15294016.92132694,8418
18224,puducherry,karaikal ,2019,2,75135164.18826595,31079
18225,puducherry,puducherry ,2019,2,1075863296.3940065,519810
18226,puducherry,yanam ,2019,2,49923875.40922065,23022
18227,puducherry,mahe ,2019,2,10524574.13631358,6166
18228,puducherry,karaikal ,2023,4,1560626471.0,1035463
18229,puducherry,puducherry ,2023,4,12942285294.0,10314854
18230,puducherry,yanam ,2023,4,2091174312.0,1317482
18231,puducherry,mahe ,2023,4,430424473.0,318364
18232,puducherry,karaikal ,2023,1,1298008037.0,791763
18233,puducherry,puducherry ,2023,1,11002579889.0,8201469
18234,puducherry,yanam ,2023,1,1592729097.0,919789
18235,puducherry,mahe ,2023,1,329071483.0,231274
18236,puducherry,karaikal ,2023,3,1505245274.0,995796
18237,puducherry,puducherry ,2023,3,12685690675.0,9920732
18238,puducherry,yanam ,2023,3,1858174993.0,1173799
18239,puducherry,mahe ,2023,3,395380897.0,289314
18240,puducherry,karaikal ,2023,2,1352373335.0,864821
18241,puducherry,puducherry ,2023,2,11885508091.0,8965912
18242,puducherry,yanam ,2023,2,1778086558.0,1041312
18243,puducherry,mahe ,2023,2,370765273.0,258281
18244,puducherry,karaikal ,2022,4,837406336.5163367,488147
18245,puducherry,puducherry ,2022,4,9121245940.116945,6382870
18246,puducherry,yanam ,2022,4,969860108.2593638,536311
18247,puducherry,mahe ,2022,4,213692492.28184882,148799
18248,puducherry,karaikal ,2022,1,702448183.2222146,362403
18249,puducherry,puducherry ,2022,1,10377036935.727272,6470067
18250,puducherry,yanam ,2022,1,819248314.3131009,410527
18251,puducherry,mahe ,2022,1,184741472.12407243,116179
18252,puducherry,karaikal ,2022,3,825576112.2167913,456795
18253,puducherry,puducherry ,2022,3,8962290618.748474,5992740
18254,puducherry,yanam ,2022,3,876565449.6380186,466305
18255,puducherry,mahe ,2022,3,189885530.5376592,126887
18256,puducherry,karaikal ,2022,2,788877561.2769251,417480
18257,puducherry,puducherry ,2022,2,11822245859.332415,7617058
18258,puducherry,yanam ,2022,2,963312236.3090451,481753
18259,puducherry,mahe ,2022,2,204309598.85051042,127396
18260,puducherry,karaikal ,2020,4,310516002.7690573,141895
18261,puducherry,puducherry ,2020,4,4194543311.9718037,2349454
18262,puducherry,yanam ,2020,4,363312761.96402323,182547
18263,puducherry,mahe ,2020,4,62154140.96632716,42107
18264,puducherry,karaikal ,2020,1,136347281.23095745,68088
18265,puducherry,puducherry ,2020,1,1916832756.3287992,1060927
18266,puducherry,yanam ,2020,1,129871509.51094082,65016
18267,puducherry,mahe ,2020,1,22225930.008886866,13890
18268,puducherry,karaikal ,2020,3,201796443.9712459,85556
18269,puducherry,puducherry ,2020,3,3144232151.6990056,1515874
18270,puducherry,yanam ,2020,3,212350487.31674817,105613
18271,puducherry,mahe ,2020,3,39701146.44760118,23859
18272,puducherry,karaikal ,2020,2,128626212.88011405,64779
18273,puducherry,puducherry ,2020,2,1652466844.3605218,868930
18274,puducherry,yanam ,2020,2,142084095.5188939,78024
18275,puducherry,mahe ,2020,2,36853827.72806046,21650
18276,puducherry,karaikal ,2018,4,77106295.39277278,34809
18277,puducherry,puducherry ,2018,4,511150128.28504336,253397
18278,puducherry,yanam ,2018,4,30135590.749616217,14991
18279,puducherry,mahe ,2018,4,7299650.996062614,4767
18280,puducherry,karaikal ,2018,1,17996501.51665456,10266
18281,puducherry,puducherry ,2018,1,136205607.94582328,86486
18282,puducherry,yanam ,2018,1,9167584.996845197,5948
18283,puducherry,mahe ,2018,1,2456276.910513108,1512
18284,puducherry,karaikal ,2018,3,56668700.117854595,23605
18285,puducherry,puducherry ,2018,3,334779012.2520994,147716
18286,puducherry,yanam ,2018,3,20556914.723959483,14243
18287,puducherry,mahe ,2018,3,5653448.400293597,4707
18288,puducherry,karaikal ,2018,2,42127264.52392844,18649
18289,puducherry,puducherry ,2018,2,224950541.63276505,102722
18290,puducherry,yanam ,2018,2,15165659.150808567,6204
18291,puducherry,mahe ,2018,2,3557654.224934818,2686
18292,puducherry,karaikal ,2024,1,1611083094.0,1084117
18293,puducherry,puducherry ,2024,1,12902478494.0,10520253
18294,puducherry,yanam ,2024,1,2452769673.0,1533353
18295,puducherry,mahe ,2024,1,420150716.0,309227
